0 0 Car -1 -1 0.9109 216.3608 160.7918 482.2881 288.2954 1.9963 4.6143 1.7878 -4.6517 1.6894 13.4812 0.5874 0.5212
1 0 Car -1 -1 0.9227 214.9563 163.8734 486.5968 290.3735 1.9850 4.7088 1.8320 -4.7341 1.8445 13.7816 0.5969 0.7408
2 0 Car -1 -1 0.8856 215.2296 154.2160 482.8761 282.4340 2.0395 4.7593 1.8389 -4.8243 1.7434 13.9800 0.5584 0.4259
3 0 Car -1 -1 1.7276 67.9006 181.8609 130.8333 202.1566 1.4764 3.7414 1.5780 -39.1518 2.1872 55.3775 1.1142 0.5006
3 0 Car -1 -1 0.7437 0.0000 180.8558 101.1668 218.3335 1.4587 3.9364 1.5836 -24.1774 1.8251 30.9754 0.0850 0.4138
3 0 Car -1 -1 0.8999 219.2670 150.1073 480.3441 275.2246 2.0221 4.6752 1.7956 -4.8729 1.6549 14.1100 0.5725 0.5229
4 0 Car -1 -1 0.9037 215.7469 147.9031 477.9258 267.3502 1.9440 4.7011 1.8335 -4.9672 1.5383 14.2126 0.5727 0.6769
5 0 Car -1 -1 0.9155 218.3600 147.3651 477.3191 272.4806 2.0948 4.7339 1.8690 -5.0833 1.6684 14.5676 0.5848 0.3747
6 0 Car -1 -1 0.9424 211.1854 149.0658 467.5003 265.3029 1.9758 4.7426 1.8212 -5.1386 1.4258 14.6756 0.6057 0.8404
7 0 Car -1 -1 0.9672 206.0305 156.2197 468.3835 269.5109 1.9293 4.7943 1.8704 -5.3839 1.6464 14.7772 0.6229 0.3317
8 0 Car -1 -1 1.6209 72.1274 184.3370 177.3709 220.3860 1.4506 3.7580 1.5523 -21.2399 1.9813 31.6960 1.0342 0.3678
8 0 Car -1 -1 3.0719 415.4206 167.0914 455.2156 205.5697 1.9749 4.5061 1.7994 -9.6389 1.6795 39.4504 2.8335 0.5414
8 0 Car -1 -1 0.9101 213.7509 155.4349 467.0743 271.4707 1.9960 4.7557 1.8325 -5.3563 1.6967 14.9053 0.5702 0.4624
9 0 Car -1 -1 0.9313 210.1248 155.7565 464.3853 273.0188 2.0452 4.7869 1.8656 -5.4961 1.7473 15.0910 0.5870 0.4723
9 0 Car -1 -1 3.0603 421.6680 166.8037 461.1765 207.5530 2.0692 4.4697 1.7172 -9.2055 1.7623 39.0257 2.8298 0.3890
10 0 Car -1 -1 0.9442 213.4764 159.7531 459.9245 269.1833 1.9412 4.6896 1.7924 -5.5790 1.7091 15.2389 0.5982 0.5561
11 0 Car -1 -1 0.9611 212.0003 161.1305 458.0515 272.8447 2.0147 4.7160 1.8262 -5.7053 1.8036 15.4641 0.6126 0.6781
12 0 Car -1 -1 0.9442 216.3878 160.0222 453.4980 267.3185 1.9448 4.5545 1.7775 -5.7169 1.7126 15.4599 0.5950 0.8748
13 0 Car -1 -1 -2.4133 396.9187 175.3965 447.9703 196.1351 1.4846 3.8211 1.5658 -14.0718 1.6833 54.2118 -2.6664 0.5285
13 0 Car -1 -1 0.9397 212.1340 159.6494 452.2994 266.8781 1.9685 4.6954 1.8106 -5.8535 1.7264 15.6987 0.5877 0.8234
13 0 Car -1 -1 2.9143 446.6573 166.8509 501.1383 207.7421 2.0272 4.5389 1.8520 -7.3102 1.7299 38.2175 2.7262 0.3269
14 0 Car -1 -1 0.9553 213.8117 156.9188 450.9555 266.7533 2.0438 4.6651 1.8003 -5.9199 1.7477 15.8556 0.6029 0.8925
15 0 Car -1 -1 3.6027 197.9482 187.0443 241.4499 206.9389 1.4975 3.6724 1.5882 -30.1910 1.9519 56.9591 3.1121 0.4151
15 0 Car -1 -1 0.9709 207.8227 156.7416 445.2135 262.4654 1.9990 4.7456 1.8187 -5.9436 1.5322 16.0419 0.6159 0.7168
16 0 Car -1 -1 0.9734 210.6557 156.9569 447.2105 259.5134 1.9519 4.7281 1.8145 -6.1247 1.6497 16.1830 0.6165 0.4003
17 0 Car -1 -1 1.8990 139.1179 179.9032 229.9918 211.1389 1.4569 3.5207 1.5241 -20.7526 1.8124 35.2451 1.3700 0.4567
17 0 Car -1 -1 0.9580 210.6812 161.0603 445.8666 264.8582 1.9897 4.7517 1.8218 -6.1810 1.7640 16.3032 0.6004 0.6478
18 0 Car -1 -1 0.9663 213.6461 166.4024 445.7839 267.2664 1.9434 4.6889 1.8100 -6.1725 1.8195 16.3400 0.6098 0.7434
19 0 Car -1 -1 -0.2748 493.2516 182.4403 549.8182 223.5146 1.8953 4.2764 1.7485 -4.5989 2.4138 36.6801 -0.3993 0.4903
19 0 Car -1 -1 0.9683 213.7401 171.9739 445.2553 273.3666 1.9794 4.7454 1.8072 -6.2543 1.9626 16.5450 0.6116 0.9028
20 0 Car -1 -1 0.9442 215.9539 178.1684 446.8143 280.6149 1.9753 4.7888 1.8439 -6.2521 2.1169 16.6715 0.5900 0.8669
21 0 Car -1 -1 0.9149 220.9032 177.9888 445.2631 279.4990 1.9758 4.7391 1.7982 -6.2521 2.1132 16.7763 0.5627 0.8529
22 0 Car -1 -1 0.8687 223.7000 173.8750 446.6200 275.2138 2.0122 4.8101 1.8438 -6.2441 2.0401 16.9208 0.5196 0.8938
23 0 Car -1 -1 0.8669 232.5527 168.9767 447.7635 267.3013 1.9878 4.6881 1.8148 -6.1984 1.9098 17.0682 0.5229 0.8390
24 0 Car -1 -1 1.4187 338.6676 166.6436 380.7971 182.8512 1.5315 3.6789 1.5791 -24.1297 -0.2340 69.9305 1.0874 0.7141
24 0 Car -1 -1 0.8292 237.3967 166.5583 446.4679 263.5728 1.9863 4.6696 1.8167 -6.1714 1.6054 17.2021 0.4893 0.4376
25 0 Car -1 -1 0.8121 240.6386 170.0193 450.7885 266.2386 1.9723 4.7565 1.8325 -6.1479 1.9146 17.3215 0.4752 0.5181
27 0 Car -1 -1 0.7593 261.1118 158.4065 449.9428 252.1514 1.9686 4.4086 1.7458 -6.0137 1.6655 17.5161 0.4327 0.5144
27 0 Car -1 -1 3.2396 517.6859 177.3223 547.2226 201.2714 1.3753 3.5494 1.4469 -4.7125 1.6584 43.8769 3.1328 0.4845
28 0 Car -1 -1 0.7491 267.2162 157.0816 447.9999 243.3546 1.8628 4.2355 1.8189 -5.9875 1.3588 17.5660 0.4279 0.5152
29 0 Car -1 -1 0.6684 283.8177 164.7740 453.2965 253.0917 1.8917 4.0966 1.7562 -5.7760 1.7190 17.6781 0.3565 0.3155
30 0 Car -1 -1 2.6466 576.0371 165.8806 651.7820 208.5179 1.8332 4.1546 1.7097 0.0659 1.5338 33.2547 2.6480 0.4327
31 0 Car -1 -1 1.8312 243.3637 185.3142 337.1036 217.6667 1.4277 3.7289 1.5504 -14.9068 2.0282 33.6992 1.4173 0.4049
31 0 Car -1 -1 0.5875 302.0789 163.6912 462.7148 248.7492 1.8625 4.0866 1.8485 -5.5458 1.6622 18.0198 0.2924 0.6520
32 0 Car -1 -1 -2.2650 268.8818 180.7116 357.1053 215.0345 1.4782 3.7070 1.5500 -13.9528 1.8705 33.9876 -2.6522 0.5529
32 0 Car -1 -1 0.5099 320.5751 165.2715 466.9277 248.8519 1.8579 4.0944 1.7399 -5.3302 1.6897 18.2274 0.2287 0.6919
33 0 Car -1 -1 0.4475 332.6211 164.1773 473.7052 249.8713 1.9206 4.2838 1.7551 -5.1425 1.7265 18.4327 0.1785 0.5709
34 0 Car -1 -1 0.4054 345.4017 163.3666 480.5682 248.0972 1.9159 4.3691 1.7506 -4.9385 1.7018 18.6029 0.1488 0.8078
36 0 Car -1 -1 0.2927 373.6234 158.9596 494.4258 243.9298 1.9579 4.5731 1.8090 -4.4872 1.6381 18.9617 0.0628 0.3384
37 0 Car -1 -1 0.2303 391.6001 156.6949 499.9428 238.5730 1.9144 4.5076 1.7917 -4.1751 1.2487 19.0733 0.0175 0.6925
38 0 Car -1 -1 0.1487 416.5782 160.5619 509.3891 243.1346 1.9289 4.4266 1.7464 -3.7963 1.6421 19.1030 -0.0455 0.5321
39 0 Car -1 -1 0.1040 434.0976 160.0737 521.0170 245.3614 2.0086 4.6199 1.7990 -3.4592 1.7079 19.3579 -0.0712 0.5595
40 0 Car -1 -1 0.0458 456.6653 160.5011 532.7945 243.6586 1.9676 4.6167 1.7912 -3.0349 1.6757 19.4611 -0.1075 0.4586
42 0 Car -1 -1 -0.0655 492.6105 163.1305 574.1804 250.5360 2.0684 4.7615 1.8542 -2.2500 1.8386 19.5797 -0.1793 0.4227
43 0 Car -1 -1 -0.1159 507.9290 164.5270 597.5530 251.0212 2.0444 4.7377 1.8441 -1.7327 1.8479 19.5581 -0.2040 0.4951
44 0 Car -1 -1 -0.1625 523.1924 165.7271 617.6960 248.8253 1.9674 4.4600 1.8074 -1.2437 1.7990 19.4557 -0.2263 0.6336
45 0 Car -1 -1 -2.0874 473.3404 185.4304 535.1639 207.3240 1.4971 4.2861 1.6505 -7.8494 2.4654 53.5650 -2.2327 0.6712
45 0 Car -1 -1 -0.2004 536.9707 165.6494 641.6905 246.0002 1.9025 4.6634 1.9037 -0.7566 1.7322 19.5721 -0.2394 0.7097
47 0 Car -1 -1 -2.4922 510.5707 185.7075 563.8568 207.1273 1.5200 4.3301 1.6587 -5.2055 1.5592 53.3902 -2.5894 0.5774
47 0 Car -1 -1 -0.3697 563.5765 162.3453 690.8282 247.5301 2.0119 4.6883 1.8339 0.3162 1.4728 19.4905 -0.3542 0.3157
48 0 Car -1 -1 -2.0727 506.8210 185.1083 569.2227 206.8358 1.5086 4.2678 1.6524 -4.5852 1.7817 52.3755 -2.1647 0.7013
48 0 Car -1 -1 -0.4136 578.0977 157.1214 714.0447 245.5965 2.0774 4.8125 1.8243 0.9952 1.5062 19.4371 -0.3685 0.7067
49 0 Car -1 -1 -0.4792 603.0146 160.1667 748.9538 246.7778 2.0165 4.7989 1.8463 1.5364 1.7215 19.3655 -0.4022 0.6941
50 0 Car -1 -1 -2.4036 541.9011 184.1145 597.0588 206.4731 1.4788 4.1037 1.6295 -2.9043 2.3228 51.9487 -2.4597 0.5816
50 0 Car -1 -1 -0.5102 621.9349 159.8238 768.0690 245.1863 1.9850 4.6301 1.7950 2.0416 1.6824 19.2573 -0.4070 0.5925
51 0 Car -1 -1 -0.9475 542.2978 177.3385 615.2922 206.3471 1.4718 3.7208 1.5360 -1.7323 1.7235 38.7790 -0.9923 0.4399
51 0 Car -1 -1 -0.5854 639.2327 157.4346 800.2953 246.2200 2.0588 4.8364 1.8492 2.6914 1.7016 19.3080 -0.4498 0.3824
52 0 Car -1 -1 -1.1557 554.9421 178.6974 633.1370 207.3653 1.4270 3.8194 1.5243 -0.8771 1.7462 37.9315 -1.1792 0.5092
52 0 Car -1 -1 -2.4707 570.3937 182.7640 623.3079 205.4675 1.4839 4.0042 1.6030 -0.9185 2.2139 51.0476 -2.4891 0.5374
52 0 Car -1 -1 -0.6645 657.9131 157.4969 827.0054 243.3166 1.9810 4.7886 1.8136 3.2795 1.6269 19.1891 -0.4986 0.7917
53 0 Car -1 -1 -2.4867 579.7649 181.5757 633.8469 205.8200 1.5782 4.0447 1.6792 -0.2117 2.2159 50.6070 -2.4914 0.6464
53 0 Car -1 -1 0.6717 539.8616 176.7352 581.5483 194.9459 1.5380 3.8774 1.6222 -4.3517 1.8930 63.8684 0.6035 0.3993
53 0 Car -1 -1 -0.7266 677.1203 156.2166 850.3009 240.0211 1.9274 4.6710 1.7846 3.8249 1.5451 19.0569 -0.5323 0.3440
54 0 Car -1 -1 -0.7998 686.7633 151.9884 868.4245 236.0985 1.9574 4.7310 1.8768 4.4003 1.2955 18.9457 -0.5736 0.5076
55 0 Car -1 -1 -0.8428 715.0018 155.4524 900.4017 245.2615 2.0432 4.5625 1.8521 4.9329 1.6477 18.8231 -0.5911 0.8550
55 0 Car -1 -1 0.3570 669.7040 179.9468 731.1848 215.1209 1.4173 3.6483 1.5179 4.0042 1.7500 31.8333 0.4803 0.3875
56 0 Car -1 -1 -0.9301 735.7399 157.8837 926.5534 242.5018 1.9171 4.4795 1.8695 5.5206 1.5783 18.6945 -0.6479 0.7808
57 0 Car -1 -1 -0.9731 753.5771 152.6829 960.8155 244.8635 2.0652 4.8109 1.9020 6.1512 1.6136 18.6456 -0.6598 0.8808
58 0 Car -1 -1 -1.0390 769.4061 145.0115 967.7613 233.3305 2.0138 4.5177 1.8651 6.6834 1.2062 18.4487 -0.6952 0.8633
59 0 Car -1 -1 -3.1736 661.5530 177.6242 688.9658 202.1284 1.5332 4.3797 1.6729 4.2911 1.8673 48.2463 -3.0859 0.3919
60 0 Car -1 -1 -1.1889 818.1085 152.2778 1039.0039 242.4151 1.9957 4.7753 1.8769 7.8857 1.5405 18.3211 -0.7889 0.4580
61 0 Car -1 -1 -1.2502 843.8995 153.4956 1057.1566 239.9558 1.9067 4.4952 1.8398 8.3740 1.4801 18.1109 -0.8239 0.8727
62 0 Car -1 -1 -1.3034 864.9847 150.5585 1086.6194 241.5167 1.9962 4.6422 1.7870 8.9643 1.5073 18.0367 -0.8492 0.7902
63 0 Car -1 -1 -1.3760 886.4695 149.0389 1108.9551 239.6046 1.9891 4.6404 1.7939 9.5058 1.4664 17.9926 -0.8972 0.7196
64 0 Car -1 -1 -1.4293 910.5056 149.6756 1134.3665 240.3121 1.9874 4.6400 1.7818 10.0935 1.4795 17.9273 -0.9240 0.8866
65 0 Car -1 -1 -2.7056 658.2979 178.7024 708.1005 203.5894 1.4937 3.9842 1.6002 5.1994 1.3266 45.2305 -2.5968 0.3687
65 0 Car -1 -1 -1.4429 924.7560 150.1874 1143.9896 238.2415 1.9174 4.4557 1.8306 10.5516 1.2368 17.7199 -0.9175 0.7339
66 0 Car -1 -1 -2.6420 657.5204 179.1886 714.6636 205.7082 1.5302 4.3667 1.6572 4.7640 1.9453 44.9802 -2.5376 0.6294
66 0 Car -1 -1 -1.5166 949.4534 153.3457 1182.3901 244.2401 1.9759 4.6407 1.8195 10.9933 1.5522 17.7449 -0.9699 0.8062
67 0 Car -1 -1 -1.5467 970.0172 154.3216 1202.9778 248.2113 2.0407 4.5662 1.8276 11.4492 1.6383 17.7094 -0.9809 0.8749
68 0 Car -1 -1 -1.7378 1113.2056 160.4989 1242.0000 264.0228 1.7933 4.2714 1.7593 12.6307 1.5797 14.3543 -1.0268 0.7879
68 0 Car -1 -1 -1.6015 990.3295 155.1099 1223.6172 248.4818 2.0377 4.5128 1.7717 11.8856 1.6508 17.6821 -1.0180 0.9011
68 0 Car -1 -1 -2.6985 649.3010 184.3839 699.4855 210.7296 1.4724 3.8203 1.5783 3.9519 2.2112 44.1617 -2.6105 0.4722
69 0 Car -1 -1 -2.6447 645.6293 185.3866 702.6724 213.3528 1.5295 4.1374 1.6668 3.8936 2.3251 43.6014 -2.5568 0.5709
69 0 Car -1 -1 -1.5985 1003.9840 158.4269 1242.0000 248.7195 1.9651 4.5779 1.8033 12.2901 1.6515 17.6966 -0.9998 0.8875
69 0 Car -1 -1 -1.7665 1116.1395 158.1536 1242.0000 265.9296 1.8082 4.4158 1.7673 12.5344 1.5619 13.9734 -1.0463 0.5683
70 0 Car -1 -1 -2.6137 634.7365 181.6779 692.3321 207.6207 1.4936 4.1233 1.6395 3.6098 1.5703 43.0549 -2.5291 0.7188
70 0 Car -1 -1 1.4673 1105.0839 147.2202 1242.0000 256.6119 1.8264 4.1719 1.7154 12.2118 1.2724 13.7036 2.1853 0.6310
70 0 Car -1 -1 -1.5950 1007.5287 151.4250 1229.1075 238.2060 1.9311 4.2925 1.8032 12.5600 1.2857 17.6678 -0.9838 0.3664
71 0 Car -1 -1 1.4663 1121.2354 154.1374 1242.0000 271.4694 1.8690 4.2132 1.7270 12.0373 1.5712 13.4123 2.1863 0.6461
71 0 Car -1 -1 -1.6562 1031.6462 153.8977 1242.0000 246.5119 2.0153 4.7838 1.8512 13.0957 1.6032 17.7254 -1.0284 0.7750
71 0 Car -1 -1 -2.6456 635.6427 181.9309 692.7482 209.7540 1.5054 4.0630 1.6275 3.2155 2.0686 42.5888 -2.5714 0.5879
72 0 Car -1 -1 -1.6443 1045.2643 155.5174 1242.0000 246.7141 1.9986 4.5141 1.8149 13.3339 1.6190 17.7799 -1.0093 0.5772
72 0 Car -1 -1 -1.7122 1123.0936 159.2592 1242.0000 271.5256 1.7640 4.2106 1.6819 11.9529 1.5508 13.1958 -0.9878 0.6420
73 0 Car -1 -1 -1.7406 1126.1842 155.9719 1242.0000 272.9538 1.7757 4.2658 1.7241 11.8000 1.5198 12.8166 -1.0084 0.6918
73 0 Car -1 -1 -2.4921 604.2128 180.1020 668.1332 208.9641 1.5271 3.8942 1.6274 1.5043 1.9618 41.2118 -2.4564 0.5018
73 0 Car -1 -1 -1.6997 1054.3658 153.1688 1242.0000 241.6846 1.9591 4.6031 1.8179 13.7133 1.5238 17.8941 -1.0542 0.6844
74 0 Car -1 -1 -2.6196 565.6552 175.7784 603.7242 194.1605 1.4760 3.6692 1.5335 -1.6381 1.0981 58.7453 -2.6457 0.4210
74 0 Car -1 -1 -1.7157 1049.8784 151.2388 1242.0000 234.8717 1.9091 4.3940 1.7549 13.9228 1.2428 17.9692 -1.0634 0.7199
74 0 Car -1 -1 -2.4834 596.4320 179.2210 659.5699 205.5716 1.4560 3.9458 1.5822 1.3749 1.3867 41.0867 -2.4486 0.4002
74 0 Car -1 -1 1.4679 1101.9141 142.0390 1242.0000 266.6677 1.8910 4.2671 1.6820 11.4688 1.3091 12.6504 2.1934 0.6993
75 0 Car -1 -1 -2.5440 594.8490 181.2810 658.8178 210.8172 1.5244 3.9927 1.6312 0.9616 2.0227 40.5326 -2.5211 0.4828
75 0 Car -1 -1 -1.6561 1069.0773 159.3794 1242.0000 241.3865 1.8527 4.3045 1.7869 14.0898 1.5486 18.2051 -1.0057 0.8612
76 0 Car -1 -1 -2.2234 571.3759 183.4491 650.1717 211.9349 1.5032 4.2798 1.6592 0.5543 1.6181 40.1162 -2.2148 0.7340
76 0 Car -1 -1 -1.6278 1065.3304 160.5152 1242.0000 240.8879 1.8474 4.2098 1.7449 14.3854 1.3663 18.4104 -0.9765 0.4220
76 0 Car -1 -1 -2.6172 538.5503 181.1653 579.0109 201.0871 1.5551 3.7830 1.6023 -3.3888 1.5295 58.1199 -2.6802 0.5586
76 0 Car -1 -1 1.5290 1095.2633 150.4475 1242.0000 281.1279 1.8803 4.1050 1.6647 10.9441 1.4348 12.2611 2.2419 0.6678
77 0 Car -1 -1 -1.6527 1081.6755 170.6501 1242.0000 245.4580 1.7461 3.8545 1.6940 14.4194 1.6950 18.5911 -1.0012 0.7290
77 0 Car -1 -1 -2.1654 566.0862 184.6353 638.5753 213.6391 1.4736 3.7727 1.5547 -0.4363 2.1512 39.7626 -2.1770 0.5484
77 0 Car -1 -1 -2.4750 520.9268 182.0940 567.5331 203.0006 1.5520 3.9176 1.6248 -5.2266 2.3153 57.4897 -2.5657 0.5426
77 0 Car -1 -1 1.5607 1094.4053 153.3133 1242.0000 290.2771 1.9212 4.1866 1.6474 10.6864 1.6475 12.0979 2.2716 0.5594
78 0 Car -1 -1 -2.2151 551.5011 183.1147 629.2443 214.4252 1.5521 4.0163 1.6305 -1.0611 2.1324 38.8912 -2.2428 0.5193
78 0 Car -1 -1 -1.7055 1085.0797 168.7884 1242.0000 242.3061 1.7327 4.0260 1.7254 14.7706 1.6372 18.7568 -1.0466 0.7075
78 0 Car -1 -1 -2.3779 501.1610 183.3277 551.1022 203.4916 1.4748 3.9910 1.6057 -6.6127 2.3327 57.0012 -2.4933 0.3911
79 0 Car -1 -1 -2.1912 538.9791 183.7053 617.3710 214.3419 1.4906 3.9770 1.5799 -1.6913 2.0942 38.2616 -2.2357 0.6342
79 0 Car -1 -1 -2.3921 484.2234 181.6922 533.6006 203.3559 1.5772 3.8400 1.6338 -7.8667 2.2914 56.2355 -2.5309 0.3005
79 0 Car -1 -1 -1.6728 1082.2256 167.7092 1242.0000 247.5442 1.9061 4.2201 1.7441 14.9868 1.7836 19.0785 -1.0150 0.3562
79 0 Car -1 -1 -0.9855 493.8067 182.0692 603.1141 225.6418 1.4804 3.8128 1.5628 -2.3452 1.8433 26.7851 -1.0727 0.5533
80 0 Car -1 -1 -2.1348 525.9316 185.1089 605.5486 217.0987 1.5346 3.9079 1.6086 -2.3275 2.2073 37.7836 -2.1965 0.5928
80 0 Car -1 -1 -1.5321 1068.1222 169.2161 1242.0000 245.3917 1.8668 4.2002 1.6662 15.0181 1.7780 19.6519 -0.8874 0.6239
81 0 Car -1 -1 -2.4484 513.1638 185.0718 584.1839 217.9571 1.5278 3.7400 1.6111 -3.1290 2.1884 36.9952 -2.5328 0.4644
82 0 Car -1 -1 -1.9810 424.7071 185.7635 481.2040 208.0948 1.5606 3.8176 1.6316 -11.8179 2.5635 54.2531 -2.1949 0.6310
82 0 Car -1 -1 -1.5832 1066.3521 180.9151 1242.0000 250.0969 1.7179 4.0683 1.6818 15.2075 1.9652 20.2225 -0.9461 0.4687
83 0 Car -1 -1 -2.2836 404.1334 186.3370 458.2465 207.6431 1.5118 3.8596 1.5896 -12.7187 1.8891 53.9176 -2.5193 0.4049
83 0 Car -1 -1 -0.0099 1006.6216 186.1377 1053.1873 224.6900 1.4841 3.8258 1.5882 17.9374 1.6933 30.1989 0.5171 0.3137
84 0 Car -1 -1 -1.9167 380.5293 186.1926 440.1760 209.2033 1.5617 3.8856 1.6352 -14.6271 2.5717 52.8284 -2.1859 0.5443
84 0 Car -1 -1 -1.7691 472.0312 190.0985 567.9455 225.1402 1.5598 4.3805 1.6884 -4.4224 2.4345 35.0841 -1.8942 0.6804
84 0 Car -1 -1 -1.4992 1056.9701 168.1887 1225.7415 230.9096 1.6622 3.8389 1.6616 15.3281 1.5389 20.9865 -0.8755 0.3969
85 0 Car -1 -1 1.6829 1019.1877 185.7839 1115.8575 219.9489 1.5162 3.8359 1.6070 22.2576 2.1803 35.2188 2.2422 0.6059
85 0 Car -1 -1 -2.4551 434.9132 189.5007 509.5249 224.2437 1.5416 3.8321 1.5928 -6.8556 2.4214 36.0533 -2.6423 0.3305
85 0 Car -1 -1 -1.9241 358.7533 185.9249 420.8819 209.2960 1.5599 3.9655 1.6470 -15.8993 2.5374 52.0837 -2.2193 0.6498
86 0 Car -1 -1 -1.4709 1036.6494 167.7539 1211.2612 230.7462 1.7464 4.2038 1.7328 15.5592 1.6054 22.0263 -0.8627 0.4490
86 0 Car -1 -1 -1.9184 335.7072 185.0845 400.1534 209.3300 1.5937 4.0121 1.6672 -17.1934 2.4948 51.2394 -2.2409 0.6569
86 0 Car -1 -1 2.0257 991.6315 183.7349 1092.8617 218.8826 1.5661 3.9552 1.6465 21.1782 2.1343 35.5534 2.5587 0.5635
87 0 Car -1 -1 -1.8633 312.4479 186.2462 376.0542 210.7044 1.5789 3.8547 1.6613 -18.5687 2.5485 50.3934 -2.2150 0.6524
87 0 Car -1 -1 1.9246 983.5934 188.4246 1081.6206 223.3077 1.5351 3.8421 1.6197 20.7056 2.3452 35.5254 2.4481 0.5139
90 0 Car -1 -1 -0.6956 1143.3406 185.7770 1242.0000 233.9505 1.4428 3.7623 1.5746 20.2686 1.9161 24.5115 -0.0111 0.3678
90 0 Car -1 -1 -2.1053 240.0790 187.5306 309.9174 212.7539 1.5177 3.9288 1.6195 -22.2180 2.5348 47.9058 -2.5377 0.3259
90 0 Car -1 -1 1.7507 929.3130 184.1696 1017.9449 217.9856 1.5238 3.6627 1.5922 17.7780 2.1067 35.4051 2.2121 0.5841
91 0 Car -1 -1 2.2912 710.1423 161.5878 777.1109 191.9710 1.6346 3.5873 1.5358 7.4595 1.0288 40.6975 2.4709 0.6227
93 0 Car -1 -1 1.6765 153.5887 186.6993 220.7160 213.1928 1.5224 3.4108 1.5909 -25.9709 2.4015 44.3705 1.1493 0.7013
94 0 Car -1 -1 -1.4394 115.7290 183.5543 196.4168 210.7538 1.5247 3.9103 1.6053 -27.1243 2.1886 43.1962 -1.9976 0.7261
94 0 Car -1 -1 1.7394 860.8078 181.9639 951.6553 215.4594 1.5041 3.8695 1.6017 14.3191 1.9681 35.0196 2.1240 0.6084
94 0 Car -1 -1 -1.0500 933.4901 170.2047 1082.3961 224.8505 1.8458 4.5581 1.7579 14.5692 1.7566 26.7677 -0.5567 0.3295
95 0 Car -1 -1 1.7237 89.3064 181.1671 169.4118 209.1863 1.5430 3.6886 1.6066 -28.0124 2.0460 42.1232 1.1396 0.8057
95 0 Car -1 -1 -1.4950 35.8560 177.5205 115.4537 203.1968 1.5035 3.8377 1.5893 -32.9350 1.8029 44.5519 -2.1289 0.3056
96 0 Car -1 -1 1.8509 54.0869 182.7035 138.7820 211.0405 1.5156 3.6116 1.5782 -29.0399 2.0920 40.8585 1.2359 0.8377
96 0 Car -1 -1 2.3998 816.3565 184.7731 900.0826 219.1795 1.5015 3.9184 1.6115 11.9418 2.1162 35.0693 2.7248 0.6507
97 0 Car -1 -1 1.7916 674.6574 181.1446 777.9366 218.7094 1.4924 4.1077 1.6031 4.9275 1.8643 30.8281 1.9480 0.5866
97 0 Car -1 -1 -1.2593 15.6577 179.1468 108.4010 208.3916 1.5282 3.7480 1.6084 -30.0744 1.8865 39.6670 -1.9049 0.8354
97 0 Car -1 -1 2.4048 803.4156 184.9040 886.9837 220.2289 1.5368 3.9444 1.6029 11.2756 2.1567 34.9661 2.7136 0.6706
98 0 Car -1 -1 1.9218 0.0000 177.4619 72.9971 206.3377 1.4889 3.7807 1.6051 -31.1689 1.0902 38.4297 1.2436 0.8149
98 0 Car -1 -1 -0.8859 882.4946 177.3461 998.7399 227.1643 1.8396 3.9011 1.8667 13.1472 1.5501 28.7028 -0.4606 0.3331
98 0 Car -1 -1 -0.4950 923.7440 188.3684 984.7573 216.1436 1.4705 3.6128 1.5357 19.3318 1.6566 40.3172 -0.0511 0.3093
98 0 Car -1 -1 2.4211 789.9863 187.9626 869.0164 221.2919 1.4982 3.7227 1.5618 10.5845 1.6395 34.6598 2.7148 0.7072
99 0 Car -1 -1 2.4084 772.0540 186.5808 855.2751 222.0763 1.5138 3.9166 1.6117 9.6239 2.2110 34.5141 2.6774 0.7685
99 0 Car -1 -1 -0.8031 870.1359 175.9847 981.1177 224.6445 1.8144 3.9309 1.8652 12.6888 1.9516 29.3548 -0.3993 0.3491
100 0 Car -1 -1 -0.7863 922.6434 183.9460 1015.0895 220.7631 1.6262 4.0399 1.6767 17.4478 2.2038 35.3655 -0.3319 0.6756
100 0 Car -1 -1 2.4038 757.1212 186.8611 838.7673 222.4330 1.5026 3.7912 1.5894 8.7792 2.2053 34.1336 2.6527 0.7460
101 0 Car -1 -1 -0.7313 840.4819 174.0132 943.7070 222.6247 1.8966 4.1268 1.7325 11.7653 1.9495 30.4914 -0.3669 0.3494
101 0 Car -1 -1 -0.7631 910.4843 183.5660 995.4889 220.0085 1.6131 3.6904 1.6260 16.5723 2.1648 35.1254 -0.3261 0.3675
101 0 Car -1 -1 2.4969 732.4718 183.6614 815.2910 220.4924 1.5563 4.0961 1.6612 7.5946 2.0989 33.9909 2.7142 0.7010
102 0 Car -1 -1 -0.7442 895.4830 182.1774 974.2230 217.6768 1.5784 3.3496 1.6226 15.6014 2.0536 34.8961 -0.3275 0.7942
102 0 Car -1 -1 2.4617 720.7964 179.8383 810.7092 218.8577 1.6549 4.3725 1.7354 7.1563 2.0049 33.7786 2.6680 0.8121
102 0 Car -1 -1 -3.3109 741.9738 177.3508 786.7325 210.0679 1.6403 4.3733 1.6310 8.2381 1.8975 38.9968 -3.1047 0.5146
102 0 Car -1 -1 -0.6910 916.0238 184.8487 1021.7941 229.0137 1.5351 3.8212 1.6241 13.8828 2.0390 28.2377 -0.2389 0.8052
102 0 Car -1 -1 1.8464 0.0000 177.3160 83.4140 213.3945 1.4381 3.7081 1.5438 -24.7885 1.6362 30.5478 1.1688 0.3693
102 0 Car -1 -1 -0.6598 825.7708 175.5903 924.4422 220.1945 1.7610 4.1658 1.7830 11.2401 1.8876 31.0177 -0.3158 0.7459
103 0 Car -1 -1 2.0889 0.0000 170.7565 44.8092 206.7992 1.4239 3.8333 1.5532 -25.6823 1.0404 29.0658 1.3725 0.6077
103 0 Car -1 -1 -0.6679 892.1444 182.2887 985.2946 222.1842 1.4594 3.3844 1.5386 13.0249 1.5360 27.8471 -0.2333 0.8648
103 0 Car -1 -1 -0.7073 864.7491 177.2940 946.2978 211.7334 1.6019 3.7793 1.6332 14.7450 1.4543 34.9319 -0.3096 0.6882
103 0 Car -1 -1 2.5772 696.6857 176.9259 774.6855 212.0582 1.5468 4.1276 1.6549 6.0593 1.3909 33.3488 2.7569 0.8195
104 0 Car -1 -1 2.6766 691.5969 180.4518 767.3925 218.9285 1.5906 4.2026 1.6933 5.3301 1.9620 32.9759 2.8348 0.8439
104 0 Car -1 -1 -0.6221 889.0621 186.6807 989.5547 229.6514 1.4474 3.7655 1.5753 12.4344 2.0150 27.5933 -0.2034 0.8801
104 0 Car -1 -1 -1.4110 924.9567 188.3289 1060.4076 239.0963 1.4376 3.6537 1.5459 12.2066 1.9719 23.1815 -0.9323 0.6760
104 0 Car -1 -1 -0.5673 863.3898 182.6524 939.9335 221.0945 1.6887 3.8128 1.6022 13.9171 2.1884 34.7479 -0.1899 0.7077
105 0 Car -1 -1 -0.5708 846.8883 183.2204 923.4600 219.0095 1.5543 3.7453 1.6404 13.0307 2.0791 34.4973 -0.2131 0.8685
105 0 Car -1 -1 -1.2932 909.1306 187.8419 1044.8273 240.1759 1.4592 3.5523 1.5629 11.5471 1.9722 22.9050 -0.8322 0.8438
105 0 Car -1 -1 2.7827 679.5959 183.3763 747.9390 222.8875 1.5980 4.0677 1.7074 4.5503 2.1041 32.5072 2.9198 0.8734
105 0 Car -1 -1 -0.5778 874.1125 186.8093 972.1453 230.5542 1.4694 3.7958 1.5926 11.7854 2.0410 27.5238 -0.1778 0.8788
106 0 Car -1 -1 -0.5296 832.7914 185.0894 908.5970 221.0121 1.5363 3.8426 1.6553 12.2599 2.1528 34.2890 -0.1896 0.8715
106 0 Car -1 -1 -0.5363 858.8878 187.8013 955.1404 233.3995 1.5134 3.8018 1.6236 11.0632 2.1201 27.2621 -0.1553 0.8754
106 0 Car -1 -1 2.7007 659.5801 181.9451 731.0945 221.2785 1.5801 3.9436 1.6129 3.6760 2.0116 32.0915 2.8130 0.8450
106 0 Car -1 -1 -1.2612 894.2847 187.4833 1030.2583 240.4832 1.4609 3.5263 1.5814 10.9562 1.9568 22.6542 -0.8166 0.8859
107 0 Car -1 -1 -0.5291 644.4634 184.0639 720.5504 223.0828 1.5240 3.7967 1.5816 3.0432 2.0444 31.4147 -0.4342 0.7860
107 0 Car -1 -1 -1.1737 881.2885 185.9460 1025.4401 244.0202 1.5749 3.6714 1.6736 10.5119 2.0157 22.3499 -0.7399 0.8989
107 0 Car -1 -1 -0.5190 820.0649 183.4556 894.3436 218.6400 1.5007 3.7733 1.6367 11.5213 2.0301 33.9938 -0.1955 0.7845
107 0 Car -1 -1 0.5847 626.4656 176.7283 693.6132 209.6640 1.6379 3.9510 1.6690 2.6793 1.8558 38.4433 0.6532 0.5237
107 0 Car -1 -1 -0.5251 845.3991 188.7528 942.4876 234.2116 1.4769 3.8623 1.6247 10.4236 2.1149 26.8993 -0.1599 0.8908
108 0 Car -1 -1 -0.4606 836.6078 188.8791 924.9431 234.0836 1.4578 3.5699 1.5855 9.7796 2.0870 26.4484 -0.1108 0.8742
108 0 Car -1 -1 -1.2228 872.8607 186.9913 1010.4046 245.8703 1.5720 3.4474 1.6325 9.9641 2.0366 21.9044 -0.8017 0.8988
108 0 Car -1 -1 -0.4356 805.0447 183.1578 875.3392 220.2089 1.5656 3.8866 1.6134 10.6082 2.0755 33.6495 -0.1334 0.7605
108 0 Car -1 -1 2.8519 630.6205 182.5110 695.6646 224.2781 1.6191 4.0025 1.7040 2.1701 2.0643 31.0965 2.9202 0.8796
109 0 Car -1 -1 2.1784 67.1608 184.7289 301.4306 259.6745 1.4338 3.9754 1.5900 -8.6231 1.5285 14.5911 1.6559 0.3749
109 0 Car -1 -1 -0.4007 779.8785 179.0336 847.9898 214.6536 1.5829 3.8846 1.6931 9.7789 1.5192 33.4434 -0.1172 0.7858
109 0 Car -1 -1 -1.1453 842.0394 184.0868 990.4351 240.2135 1.5462 3.8296 1.6401 9.4279 1.6678 21.6916 -0.7392 0.9061
109 0 Car -1 -1 2.7769 773.5637 166.1226 809.1454 185.1107 1.4552 3.6811 1.5113 14.7533 0.3546 56.0905 3.0344 0.4872
109 0 Car -1 -1 2.8432 765.3973 180.0723 818.1132 210.7629 1.5828 4.1157 1.6276 10.0982 1.5622 38.5509 3.0989 0.5296
109 0 Car -1 -1 -0.4472 814.1329 186.4584 902.3051 227.9515 1.3840 3.7671 1.5666 9.2108 1.6220 26.0989 -0.1102 0.8676
109 0 Car -1 -1 1.0159 586.3600 175.2503 664.6934 207.5333 1.6183 3.8135 1.6478 1.0785 1.3565 37.1053 1.0464 0.3327
109 0 Car -1 -1 2.9472 610.8185 176.7752 669.0960 218.8781 1.6870 4.1406 1.7311 1.4082 1.5393 30.5007 2.9944 0.8932
110 0 Car -1 -1 -2.1630 216.5084 164.3246 294.7771 191.2515 1.5421 4.0010 1.6324 -21.3072 1.0540 43.4609 -2.6166 0.4497
110 0 Car -1 -1 -1.1665 37.4304 181.9343 292.6943 263.5177 1.4473 3.9368 1.5855 -8.5492 1.6381 14.0785 -1.7042 0.6211
110 0 Car -1 -1 -0.3966 813.5802 189.4303 898.8472 232.7432 1.3412 3.7317 1.5259 8.6297 1.9768 25.7281 -0.0772 0.8404
110 0 Car -1 -1 -0.3834 778.5350 183.1884 846.4347 220.4126 1.5381 3.9284 1.6153 9.1322 2.0404 32.9919 -0.1163 0.8525
110 0 Car -1 -1 -0.2239 762.4533 182.6606 812.3804 214.7019 1.5504 4.2911 1.6457 9.3280 2.1017 38.3845 0.0121 0.4829
110 0 Car -1 -1 2.9029 602.7131 181.3434 662.9493 224.1073 1.6020 3.9119 1.5998 0.8329 1.9790 29.9328 2.9297 0.8399
110 0 Car -1 -1 -1.1179 846.9858 185.9127 994.9388 246.9284 1.5685 3.6718 1.6038 9.0343 1.9884 21.2703 -0.7220 0.9140
111 0 Car -1 -1 -0.3735 803.4002 187.8150 885.2380 231.7605 1.3548 3.5558 1.5102 8.0781 1.9178 25.3096 -0.0686 0.8153
111 0 Car -1 -1 -1.1395 11.8537 182.5483 278.8904 267.6827 1.4218 3.8433 1.5504 -8.4220 1.6142 13.2856 -1.6957 0.7879
111 0 Car -1 -1 3.0171 588.9948 178.7296 643.0972 221.6841 1.5945 4.1016 1.6962 0.1329 1.8526 29.5046 3.0209 0.8353
111 0 Car -1 -1 -1.0861 834.4951 187.6461 983.4141 245.2318 1.4362 3.6769 1.5504 8.5096 1.9035 20.8728 -0.7047 0.9153
111 0 Car -1 -1 -0.1951 749.3434 180.6724 795.8642 213.5528 1.5907 3.9665 1.6235 8.4303 2.0229 37.8550 0.0218 0.5248
111 0 Car -1 -1 -0.3869 766.6135 181.7055 833.5220 218.8558 1.5256 3.8149 1.5778 8.4593 1.9501 32.5760 -0.1357 0.8446
112 0 Car -1 -1 -2.6762 272.8529 146.1741 349.2983 184.6946 1.6811 4.0219 1.6446 -13.8388 0.5171 33.5545 -3.0647 0.3770
112 0 Car -1 -1 -0.3080 789.4775 185.6102 868.1169 232.4706 1.4352 3.6837 1.5294 7.4276 1.9098 24.9664 -0.0228 0.8638
112 0 Car -1 -1 3.0124 574.0413 179.5479 630.1987 221.6961 1.5149 4.3682 1.6816 -0.4376 1.8049 28.9378 2.9967 0.8610
112 0 Car -1 -1 -1.0546 824.5792 187.5862 977.4614 244.9316 1.3935 3.7438 1.5366 8.1044 1.8512 20.4621 -0.6832 0.9087
112 0 Car -1 -1 -0.2829 753.0538 180.5775 814.3331 220.3009 1.6201 3.8481 1.6232 7.6209 1.9857 32.1534 -0.0529 0.8914
112 0 Car -1 -1 -0.1774 735.1249 180.4245 780.5780 213.1329 1.5588 3.9593 1.6095 7.5443 1.9715 37.3022 0.0201 0.4714
112 0 Car -1 -1 -1.0211 0.0000 182.2419 262.4101 273.9527 1.4338 4.2295 1.6150 -8.5185 1.6067 12.3612 -1.6147 0.8113
112 0 Car -1 -1 2.5909 146.6259 161.7194 219.7323 191.7595 1.5619 3.8445 1.6504 -23.2010 0.9833 39.1429 2.0586 0.3906
112 0 Car -1 -1 0.5652 549.9987 173.7556 626.1924 212.4580 1.7463 4.2345 1.6780 -1.0248 1.7931 34.9084 0.5355 0.3386
113 0 Car -1 -1 -0.2487 742.3689 179.4418 800.0486 217.6922 1.5472 3.6962 1.5915 6.9708 1.8542 31.7037 -0.0349 0.8619
113 0 Car -1 -1 -0.2686 780.2126 186.0323 856.5635 233.5462 1.4222 3.7453 1.5206 6.9355 1.9045 24.5100 0.0032 0.8475
113 0 Car -1 -1 3.0825 559.8002 177.5668 608.5979 222.8395 1.6127 4.1149 1.6517 -1.1201 1.8117 28.2726 3.0426 0.8776
113 0 Car -1 -1 -1.0016 812.0759 185.4814 967.1805 248.7154 1.5153 3.7141 1.6387 7.6187 1.9013 20.0543 -0.6442 0.9156
113 0 Car -1 -1 -0.9666 0.0000 177.3483 248.9601 275.9001 1.4660 4.2219 1.6445 -8.4081 1.5442 11.6509 -1.5810 0.8521
114 0 Car -1 -1 -0.1375 709.7702 178.7911 754.4180 212.1498 1.5577 4.2814 1.6420 6.0927 1.8772 36.6198 0.0255 0.6547
114 0 Car -1 -1 -0.2437 728.7087 179.9595 788.6796 218.8533 1.5426 3.8095 1.6527 6.3254 1.8700 31.2651 -0.0466 0.8866
114 0 Car -1 -1 -0.9964 0.0000 177.4844 238.5304 282.6486 1.4426 4.3848 1.6403 -8.3143 1.5193 10.9381 -1.6348 0.8729
114 0 Car -1 -1 3.1509 544.2897 177.0211 589.4980 222.2783 1.5765 4.0350 1.5984 -1.6733 1.7480 27.5665 3.0902 0.8972
114 0 Car -1 -1 -0.2227 772.4356 185.3866 844.4717 233.4258 1.4153 3.6728 1.5138 6.4885 1.8665 24.0902 0.0366 0.8465
114 0 Car -1 -1 -0.9663 802.7446 185.0197 960.4286 249.1925 1.5001 3.7650 1.5881 7.2187 1.8648 19.6138 -0.6194 0.9093
115 0 Car -1 -1 -0.0835 683.2001 182.3457 715.7723 209.7954 1.4529 3.7079 1.5358 5.0541 2.0223 41.3698 0.0367 0.4144
115 0 Car -1 -1 -0.2413 761.8259 184.8872 836.3648 232.8171 1.3850 3.6430 1.4989 6.0431 1.8092 23.5892 0.0057 0.8799
115 0 Car -1 -1 3.1568 528.1184 178.8314 576.9631 226.1304 1.5925 4.1271 1.6793 -2.1576 1.8336 26.9386 3.0770 0.8909
115 0 Car -1 -1 -0.1724 719.8043 180.1335 774.5089 220.0565 1.5604 3.8144 1.6422 5.7438 1.8909 30.8112 0.0095 0.8984
115 0 Car -1 -1 -0.9564 795.5725 186.8508 956.1442 250.6125 1.4365 3.7608 1.5721 6.8757 1.8463 19.1145 -0.6168 0.9175
115 0 Car -1 -1 -0.9168 0.0000 179.9919 218.1992 293.4536 1.4463 4.1636 1.6072 -8.0673 1.5548 10.1147 -1.5774 0.8645
116 0 Car -1 -1 -0.1516 709.7153 180.0769 762.9047 219.7464 1.5226 3.7105 1.6322 5.1840 1.8444 30.2400 0.0159 0.9052
116 0 Car -1 -1 -0.0627 670.6428 180.7895 703.4110 210.8017 1.5794 3.9044 1.5954 4.2974 2.0526 41.0006 0.0404 0.5384
116 0 Car -1 -1 -0.0763 689.8482 181.1183 729.8125 216.1469 1.5774 4.0980 1.6240 4.8254 2.0091 35.5675 0.0568 0.8371
116 0 Car -1 -1 3.2040 508.6909 179.1215 561.7404 227.4807 1.5904 4.0063 1.6728 -2.6940 1.8369 26.2892 3.1022 0.9034
116 0 Car -1 -1 -0.9701 0.0000 180.9960 201.6353 305.2707 1.4638 3.7295 1.5496 -7.7585 1.5817 9.5170 -1.6405 0.8194
116 0 Car -1 -1 0.0873 523.9998 176.1215 570.3037 215.3227 1.6402 4.2204 1.7248 -2.8164 1.7980 32.6496 0.0014 0.3272
116 0 Car -1 -1 -0.1582 753.3343 184.9002 822.4630 236.2540 1.4452 3.7159 1.5501 5.5612 1.8633 23.1094 0.0743 0.8764
116 0 Car -1 -1 -0.9179 787.6024 185.7661 951.2217 253.0794 1.4851 3.7792 1.6061 6.5509 1.8564 18.7087 -0.5869 0.9177
117 0 Car -1 -1 -0.1046 698.4169 183.2855 749.5588 223.9549 1.5080 3.9233 1.6597 4.5916 1.9677 29.7738 0.0462 0.9079
117 0 Car -1 -1 -0.8124 0.0000 186.0453 172.3873 320.8669 1.4237 4.3225 1.6168 -7.9450 1.5985 8.6642 -1.5393 0.7847
117 0 Car -1 -1 -3.1936 680.9596 180.7202 720.1047 216.5168 1.5799 4.3051 1.6423 4.2954 1.9860 35.0142 -3.0732 0.4897
117 0 Car -1 -1 -3.0151 489.6618 178.3699 550.2040 228.1721 1.6033 4.0194 1.6394 -3.1665 1.8154 25.6851 -3.1372 0.8971
117 0 Car -1 -1 -0.1788 743.2510 187.9122 814.7241 239.0762 1.3928 3.6243 1.5231 5.1485 1.9026 22.5663 0.0418 0.8788
117 0 Car -1 -1 -0.8738 778.7972 186.1005 942.8058 257.4318 1.5280 3.7189 1.6210 6.1497 1.8996 18.2073 -0.5539 0.9124
118 0 Car -1 -1 -0.0361 641.8358 181.6867 674.6827 211.8913 1.5886 4.0137 1.6393 3.1033 1.6003 39.8372 0.0360 0.5842
118 0 Car -1 -1 -2.9270 481.0480 170.7231 542.0398 219.1758 1.8991 4.3522 1.6857 -3.7304 1.4777 30.3939 -3.0533 0.6224
118 0 Car -1 -1 -0.0862 682.4744 181.8701 731.5014 221.2558 1.4980 3.8386 1.6153 4.2236 1.5151 29.3118 0.0504 0.9098
118 0 Car -1 -1 0.0696 106.8495 167.0395 153.9410 201.3671 1.4106 3.4777 1.4877 -20.5422 0.8174 31.3968 -0.5108 0.4540
118 0 Car -1 -1 3.2492 470.3474 179.6720 529.9147 228.8524 1.5801 3.9327 1.6576 -3.4766 1.5225 25.0705 3.1075 0.8739
118 0 Car -1 -1 -0.1714 727.1238 186.7751 799.2534 237.5156 1.4044 3.5800 1.5272 4.8522 1.5809 22.0733 0.0372 0.8751
118 0 Car -1 -1 0.0050 656.3964 181.0946 692.7691 216.3412 1.5932 3.9488 1.6395 3.4975 1.5758 34.5128 0.1001 0.5151
118 0 Car -1 -1 -0.8616 0.0000 186.2405 160.0145 329.6319 1.4364 4.2173 1.6189 -7.6705 1.4973 8.1371 -1.6071 0.6262
118 0 Car -1 -1 -0.8829 764.5752 190.2633 932.9590 258.0974 1.4325 3.7522 1.5715 5.9215 1.6739 17.6875 -0.5698 0.9025
118 0 Car -1 -1 -0.3525 92.9831 152.8932 161.4387 184.5703 1.5185 3.9284 1.6187 -23.9624 0.1481 36.2474 -0.9380 0.5695
119 0 Car -1 -1 -0.7363 0.0000 183.3541 114.2314 359.1099 1.5024 4.0359 1.6209 -7.5303 1.6202 7.1690 -1.5277 0.5778
119 0 Car -1 -1 -0.0483 678.3463 181.8711 723.7246 223.8509 1.5115 3.6643 1.5925 3.5162 1.8938 28.6712 0.0718 0.8985
119 0 Car -1 -1 -0.1239 725.5265 187.1761 794.4600 243.2684 1.4611 3.6132 1.5514 4.3550 1.9271 21.5980 0.0715 0.8595
119 0 Car -1 -1 0.0140 634.1581 182.3130 665.3464 212.6449 1.5131 3.9320 1.6101 2.1500 2.0547 39.2643 0.0676 0.6545
119 0 Car -1 -1 -2.8663 461.2603 171.2020 530.4467 220.9839 1.9067 4.3626 1.7031 -4.6734 1.8438 29.9008 -3.0206 0.4952
119 0 Car -1 -1 -0.8554 761.4474 187.5522 932.5447 262.6461 1.5048 3.7181 1.6155 5.4794 1.8974 17.2470 -0.5537 0.9097
119 0 Car -1 -1 -0.0052 655.3867 183.0886 691.6345 218.4621 1.5061 3.9755 1.5998 2.9298 2.0171 33.9473 0.0795 0.5861
119 0 Car -1 -1 -2.9166 450.7923 180.3291 525.3479 232.1102 1.5602 3.9923 1.6241 -4.0632 1.8343 24.3697 -3.0807 0.9026
120 0 Car -1 -1 -2.8284 448.8322 174.9207 520.0381 221.4797 1.7082 4.0564 1.6211 -4.9582 1.7971 28.7820 -2.9980 0.6620
120 0 Car -1 -1 0.0643 619.2499 181.9734 654.1636 213.5109 1.5488 3.9766 1.6231 1.4415 2.0641 38.6819 0.1007 0.5809
120 0 Car -1 -1 -0.0852 714.4851 187.2748 778.9897 241.9495 1.3768 3.6744 1.5082 3.8611 1.8362 21.0674 0.0927 0.8786
120 0 Car -1 -1 -0.8613 754.7198 188.7377 927.9061 264.5704 1.4626 3.6458 1.5843 5.1713 1.8739 16.6995 -0.5669 0.9064
120 0 Car -1 -1 -0.6559 0.0000 182.6069 72.3885 375.0000 1.5137 4.1664 1.6456 -7.4827 1.6142 6.4298 -1.4962 0.5094
120 0 Car -1 -1 -2.8870 428.4675 182.6832 508.3219 234.6688 1.5078 3.9935 1.6138 -4.5983 1.8595 23.7434 -3.0768 0.9047
120 0 Car -1 -1 0.0066 664.5669 183.2160 708.4714 226.3156 1.5145 3.6970 1.5953 2.9510 1.9475 28.2014 0.1091 0.9016
121 0 Car -1 -1 -2.8062 425.8161 171.9244 502.2138 221.8111 1.8080 4.2002 1.6415 -5.6732 1.7747 28.3415 -3.0025 0.5106
121 0 Car -1 -1 0.0848 604.4545 182.4703 640.9803 214.2478 1.5360 3.8682 1.6106 0.6815 2.0708 38.0929 0.1019 0.6629
121 0 Car -1 -1 -0.0204 706.3100 187.8128 766.6113 245.4428 1.4082 3.6682 1.5434 3.4966 1.8747 20.5548 0.1449 0.8883
121 0 Car -1 -1 0.0916 622.9129 183.1029 666.8949 220.3788 1.5267 4.1465 1.6357 1.6114 2.0254 32.9082 0.1394 0.6366
121 0 Car -1 -1 -2.9087 410.5419 180.5058 490.6332 235.7277 1.5655 3.9315 1.6148 -5.0158 1.8306 22.9825 -3.1218 0.9018
121 0 Car -1 -1 0.0360 651.3671 182.7863 696.4679 226.5711 1.5077 3.6716 1.5964 2.4591 1.9149 27.6337 0.1231 0.9082
121 0 Car -1 -1 -0.8001 745.7038 188.7389 924.5536 268.7469 1.4849 3.7381 1.6233 4.8595 1.8870 16.2194 -0.5150 0.9123
122 0 Car -1 -1 0.1365 588.7452 182.1376 629.4319 214.6709 1.5503 3.8191 1.6144 -0.0340 2.0592 37.5232 0.1350 0.7534
122 0 Car -1 -1 0.0915 635.1826 182.2481 686.2020 227.0801 1.5118 3.6630 1.5872 1.9185 1.8899 27.0745 0.1607 0.8915
122 0 Car -1 -1 0.1251 606.5280 181.9488 653.9327 219.4244 1.5089 4.2027 1.6139 0.9302 1.9443 32.3160 0.1529 0.6994
122 0 Car -1 -1 -0.7753 738.5648 187.0064 913.9430 268.7669 1.4806 3.5769 1.5716 4.5064 1.8268 15.6834 -0.5015 0.9161
122 0 Car -1 -1 -2.8061 406.1229 169.6665 487.6920 224.9682 1.9337 4.3529 1.6796 -6.1399 1.8226 27.4864 -3.0243 0.6899
122 0 Car -1 -1 0.0093 692.8262 188.0772 754.3598 248.0553 1.4192 3.6639 1.5309 3.0991 1.8819 19.9802 0.1600 0.9031
122 0 Car -1 -1 -2.8037 380.4260 180.5903 477.1488 238.2326 1.5760 4.0055 1.6571 -5.5331 1.8383 22.3551 -3.0442 0.8939
123 0 Car -1 -1 0.1106 622.5662 183.1895 674.7490 226.7161 1.4295 3.5585 1.5328 1.4335 1.8360 26.4677 0.1634 0.9027
123 0 Car -1 -1 0.1537 575.3364 180.5506 617.0964 212.5452 1.5082 3.7795 1.5801 -0.6919 1.9237 36.9402 0.1345 0.6295
123 0 Car -1 -1 -0.7547 730.1998 186.8533 913.1617 272.3467 1.4900 3.6725 1.5891 4.2570 1.8244 15.2199 -0.4880 0.9085
123 0 Car -1 -1 0.1473 591.6302 181.8591 641.2682 220.5939 1.5379 4.0736 1.6081 0.3085 1.9615 31.7751 0.1562 0.7093
123 0 Car -1 -1 -2.7952 360.3853 181.2809 460.4170 238.9792 1.5270 3.9427 1.6445 -5.9239 1.8047 21.7187 -3.0589 0.9109
123 0 Car -1 -1 0.0530 675.9821 188.8029 740.0588 249.6597 1.3923 3.7880 1.5305 2.6857 1.8693 19.5573 0.1865 0.8857
123 0 Car -1 -1 -2.8268 384.3669 174.4557 463.4148 225.0645 1.7312 4.1246 1.6488 -6.8794 1.7960 26.9253 -3.0751 0.4891
124 0 Car -1 -1 -0.7324 709.1631 183.7654 896.8584 269.2458 1.5133 3.7789 1.6198 3.9086 1.5923 14.7187 -0.4766 0.9096
124 0 Car -1 -1 0.1958 551.6011 177.9704 597.9220 210.1774 1.5619 4.0075 1.6265 -1.5089 1.4406 36.3887 0.1563 0.6158
124 0 Car -1 -1 -2.7347 331.6549 178.1203 441.6011 236.8970 1.5688 3.9522 1.6535 -6.3528 1.5068 20.9261 -3.0235 0.8934
124 0 Car -1 -1 0.1401 598.1523 179.1131 655.3510 223.2829 1.5000 3.7467 1.5888 0.8420 1.4544 25.9884 0.1737 0.9048
124 0 Car -1 -1 -2.7176 361.0963 169.8152 453.1206 221.2213 1.7352 4.2388 1.6506 -7.2010 1.3761 26.0846 -2.9821 0.6385
124 0 Car -1 -1 0.3646 560.4729 178.4683 630.4919 216.5118 1.5536 4.3179 1.6478 -0.3537 1.4722 31.1805 0.3550 0.4695
124 0 Car -1 -1 0.0804 656.6516 186.2023 724.2178 242.6827 1.3245 3.6512 1.5035 2.3275 1.4943 18.9070 0.2025 0.8836
125 0 Car -1 -1 -2.6763 304.6308 180.9920 429.0011 244.5311 1.5489 4.0003 1.6650 -6.7055 1.8011 20.2261 -2.9930 0.9118
125 0 Car -1 -1 0.2183 562.4018 181.9005 619.7643 221.5013 1.5094 4.0353 1.5970 -0.7710 1.9203 30.6072 0.1926 0.7661
125 0 Car -1 -1 -2.6364 339.7299 170.7776 442.4160 225.8159 1.7710 4.1859 1.6275 -7.6289 1.7045 25.4329 -2.9254 0.7587
125 0 Car -1 -1 0.4087 535.9646 181.0796 596.0009 215.7089 1.5714 3.7767 1.6016 -2.1572 2.0028 35.7595 0.3483 0.6366
125 0 Car -1 -1 0.0914 649.9951 187.1878 723.8029 252.2039 1.3942 3.8305 1.5320 2.0003 1.8003 18.3928 0.1970 0.9000
125 0 Car -1 -1 -0.7004 714.8101 186.8205 902.1664 276.4163 1.4441 3.6311 1.5452 3.6911 1.7578 14.2123 -0.4524 0.9125
125 0 Car -1 -1 0.1539 592.1342 180.8228 652.3557 229.3747 1.5357 3.6781 1.5771 0.4569 1.8382 25.4052 0.1709 0.9050
126 0 Car -1 -1 0.2132 573.6016 179.4850 644.3995 231.7316 1.6163 3.8920 1.6591 0.0056 1.8648 24.9234 0.2126 0.8990
126 0 Car -1 -1 0.2597 529.5245 181.1660 579.7046 214.7484 1.5024 3.6172 1.5613 -2.6797 1.9298 35.1488 0.1836 0.7113
126 0 Car -1 -1 0.2126 548.1168 181.0831 606.1771 221.0164 1.4913 4.0367 1.5904 -1.3303 1.8574 29.9414 0.1679 0.7564
126 0 Car -1 -1 -2.6524 318.5209 172.5342 425.9136 230.4458 1.8010 4.2489 1.6715 -8.0327 1.7914 24.6751 -2.9644 0.6264
126 0 Car -1 -1 -2.6423 280.3930 182.8557 415.7488 248.9812 1.5351 4.1019 1.6636 -6.9712 1.8365 19.5576 -2.9809 0.9009
126 0 Car -1 -1 0.1009 637.7231 185.9390 716.1946 255.2844 1.4558 3.8046 1.5683 1.7080 1.8178 17.9237 0.1934 0.8975
126 0 Car -1 -1 -0.6845 701.6111 185.3243 902.7511 282.4335 1.4980 3.7688 1.6358 3.4127 1.7708 13.7079 -0.4467 0.9122
127 0 Car -1 -1 0.2849 514.4471 179.9426 568.8694 215.3553 1.5557 3.7801 1.5920 -3.2429 1.9147 34.5045 0.1914 0.5645
127 0 Car -1 -1 0.2390 560.8267 179.1978 633.5618 231.7564 1.5882 3.6632 1.6218 -0.3943 1.8190 24.2402 0.2221 0.9071
127 0 Car -1 -1 -2.6308 299.9453 174.6969 409.9998 234.1961 1.7835 4.0564 1.6494 -8.3525 1.8504 23.9000 -2.9641 0.7019
127 0 Car -1 -1 0.1575 624.6841 186.5020 710.4552 255.1281 1.3813 3.6141 1.4937 1.4188 1.7440 17.2206 0.2373 0.8825
127 0 Car -1 -1 -0.6504 699.0001 184.5418 897.8578 286.2040 1.5097 3.6161 1.5974 3.1982 1.7550 13.1431 -0.4180 0.9092
127 0 Car -1 -1 0.2561 532.5247 181.1920 595.6797 221.7882 1.4825 4.0651 1.5864 -1.8301 1.8471 29.3755 0.1937 0.8015
127 0 Car -1 -1 -2.6229 254.7372 184.2076 394.0388 252.2119 1.5189 3.8964 1.6453 -7.3362 1.8482 18.8479 -2.9899 0.9025
128 0 Car -1 -1 0.3085 500.6768 180.8925 560.6683 216.9436 1.5386 4.1212 1.6287 -3.6943 1.9415 33.9456 0.2004 0.6684
128 0 Car -1 -1 -2.5521 223.3741 185.6881 380.7001 257.0207 1.5136 4.0184 1.6758 -7.6253 1.8758 18.2099 -2.9440 0.9139
128 0 Car -1 -1 0.2799 519.7870 180.9787 586.9482 222.5076 1.4872 4.0971 1.6052 -2.2212 1.8369 28.8529 0.2031 0.8423
128 0 Car -1 -1 -0.6406 694.0716 183.6511 902.3286 286.4176 1.4503 3.7002 1.5718 3.0387 1.6695 12.6121 -0.4106 0.8986
128 0 Car -1 -1 0.3112 548.5242 179.3857 631.0372 232.6603 1.5638 3.7995 1.6253 -0.6192 1.7976 23.7311 0.2846 0.8920
128 0 Car -1 -1 -2.5627 276.6773 174.3775 397.6294 235.7310 1.7887 4.0874 1.6783 -8.7139 1.8429 23.3206 -2.9170 0.8513
128 0 Car -1 -1 0.1660 613.3422 184.9091 706.2939 258.8591 1.4330 3.7134 1.5416 1.2021 1.7441 16.6120 0.2359 0.9040
129 0 Car -1 -1 -0.6399 689.2175 182.4999 918.2139 292.0234 1.4535 3.9084 1.6220 2.9525 1.6434 12.0613 -0.4066 0.9125
129 0 Car -1 -1 0.4001 506.6328 181.9861 587.7375 225.8982 1.5175 4.2234 1.6296 -2.3934 1.9026 28.1328 0.3154 0.8288
129 0 Car -1 -1 0.4419 490.4592 181.8534 558.1412 217.7247 1.4988 3.8853 1.5906 -3.9195 1.9405 33.2907 0.3250 0.6284
129 0 Car -1 -1 -2.5320 203.1311 188.5742 368.0923 263.2300 1.4980 3.9849 1.6312 -7.7046 1.9254 17.4807 -2.9421 0.9164
129 0 Car -1 -1 0.3423 537.9294 179.5200 624.2784 234.8758 1.5760 3.7400 1.5904 -0.8764 1.8080 23.0486 0.3039 0.8867
129 0 Car -1 -1 0.2047 603.8602 187.9241 706.1785 263.9466 1.4023 3.6651 1.5585 1.0629 1.7794 16.0623 0.2684 0.9019
129 0 Car -1 -1 -2.3849 283.1258 184.7168 396.5662 229.9660 1.5289 4.2121 1.6459 -10.3339 2.0239 27.8218 -2.7378 0.3067
129 0 Car -1 -1 -2.5573 260.6276 176.3782 386.5437 239.8526 1.7768 4.1448 1.6401 -8.8720 1.8985 22.6384 -2.9273 0.8255
130 0 Car -1 -1 0.4283 498.0429 180.5151 576.5859 220.4415 1.4301 3.8755 1.5515 -2.5616 1.4322 27.4059 0.3378 0.8100
130 0 Car -1 -1 -2.3527 268.0958 184.2789 381.6387 228.3383 1.5217 4.0276 1.6425 -10.5886 1.6789 26.9609 -2.7213 0.3204
130 0 Car -1 -1 0.3297 482.7753 180.2809 541.7297 215.8466 1.5379 3.6280 1.5904 -4.2154 1.5299 32.5051 0.2036 0.7957
130 0 Car -1 -1 0.2177 590.7933 185.7081 697.5872 261.2217 1.4076 3.7265 1.5492 0.9357 1.5378 15.4548 0.2786 0.9040
130 0 Car -1 -1 -2.5452 238.8993 179.0860 374.2124 245.3751 1.8429 4.2847 1.7325 -9.1063 1.8052 21.9275 -2.9322 0.8433
130 0 Car -1 -1 -0.6597 682.7273 181.9719 915.7392 293.2746 1.4736 3.7609 1.6224 2.8746 1.5033 11.4577 -0.4187 0.9003
130 0 Car -1 -1 -2.5019 181.2390 189.3611 352.6094 264.6334 1.5186 3.8884 1.6533 -7.8746 1.7570 16.8212 -2.9309 0.9127
130 0 Car -1 -1 0.3495 526.4107 178.9876 612.8245 229.8729 1.4694 3.6747 1.5598 -1.0597 1.4273 22.3987 0.3046 0.8919
131 0 Car -1 -1 0.2446 507.1790 185.4029 573.9195 230.5209 1.4808 3.9447 1.5643 -2.5478 1.9850 26.8965 0.1503 0.6367
131 0 Car -1 -1 0.2625 534.7207 182.5405 618.4355 237.4202 1.4544 3.8288 1.5927 -0.9618 1.7760 21.8815 0.2183 0.8817
131 0 Car -1 -1 0.5345 403.2859 175.9040 475.8133 214.7880 1.9332 4.3667 1.7969 -9.0623 2.1066 38.5910 0.3049 0.7293
131 0 Car -1 -1 -0.6520 695.5233 184.2136 942.5118 308.6298 1.4554 3.7015 1.5666 2.8414 1.6577 10.8141 -0.4029 0.9073
131 0 Car -1 -1 0.1814 473.8425 172.4076 497.5936 188.8029 1.5221 3.8601 1.5656 -11.8582 1.4810 68.9221 0.0114 0.4251
131 0 Car -1 -1 -2.5166 226.5675 184.2348 368.0204 252.5312 1.7384 4.2211 1.6661 -9.1191 2.1110 21.3538 -2.9162 0.7200
131 0 Car -1 -1 -2.4886 159.2218 193.0578 345.2000 275.4769 1.4989 3.9956 1.6415 -7.8964 2.0148 16.2850 -2.9342 0.9132
131 0 Car -1 -1 0.1822 600.8947 189.3676 704.5745 267.8566 1.3245 3.6451 1.5041 0.9486 1.7115 14.9434 0.2432 0.9024
131 0 Car -1 -1 0.3281 482.6817 183.6079 545.8083 220.9229 1.4896 3.9746 1.5866 -4.2246 2.0001 32.1184 0.1978 0.7024
131 0 Car -1 -1 -2.3944 261.7788 189.5681 376.7251 238.0560 1.5299 3.9828 1.6159 -10.5556 2.1915 26.3934 -2.7719 0.7030
132 0 Car -1 -1 0.3257 481.7888 186.5323 544.3416 224.5302 1.5503 3.7560 1.5938 -4.1065 1.6127 31.4603 0.1965 0.7652
132 0 Car -1 -1 0.3986 491.6304 185.8235 575.2656 232.1823 1.5578 3.9702 1.6306 -2.6665 1.5830 26.3446 0.2983 0.8135
132 0 Car -1 -1 0.3352 524.1490 183.2770 615.6384 238.4651 1.4758 3.6755 1.5677 -1.0621 1.4251 21.2031 0.2853 0.8903
132 0 Car -1 -1 -0.1860 474.0181 172.3608 497.0639 188.3914 1.4801 3.6020 1.5171 -11.6453 0.2943 68.3205 -0.3544 0.3288
132 0 Car -1 -1 0.2187 590.1541 190.0026 707.6201 274.1784 1.4135 3.7067 1.5548 0.8971 1.5231 14.2901 0.2796 0.9002
132 0 Car -1 -1 -2.4821 141.3823 197.7373 335.7831 280.6407 1.4882 3.9824 1.6384 -7.8469 1.7988 15.6536 -2.9404 0.9179
132 0 Car -1 -1 -2.3724 253.1177 191.1658 370.6517 240.1434 1.5799 3.8955 1.6514 -10.5437 1.8122 25.8141 -2.7570 0.7610
132 0 Car -1 -1 -2.5099 215.5564 186.1817 360.5356 254.7477 1.7760 4.2284 1.6582 -9.1622 1.8083 20.9251 -2.9183 0.8574
132 0 Car -1 -1 -0.6457 692.7581 186.8818 958.2325 318.2434 1.4954 3.7732 1.6189 2.7982 1.5251 10.2843 -0.3873 0.9048
133 0 Car -1 -1 0.4484 491.5357 189.2820 577.8047 236.5061 1.4724 3.8686 1.5701 -2.6692 2.1131 26.0320 0.3464 0.4355
133 0 Car -1 -1 0.3212 481.9261 186.6369 546.3099 228.0516 1.5735 3.7885 1.6045 -4.0531 2.2000 30.7622 0.1907 0.6663
133 0 Car -1 -1 -2.4160 201.7319 186.0462 360.3759 262.8758 1.8329 4.1600 1.6933 -9.0763 2.2438 20.2179 -2.8336 0.8858
133 0 Car -1 -1 0.1927 596.0842 191.2207 716.6436 285.0829 1.4103 3.8045 1.5717 0.9642 1.8108 13.6775 0.2603 0.9073
133 0 Car -1 -1 -2.3983 245.1221 192.5554 369.0684 245.3663 1.5660 4.0893 1.6590 -10.5030 2.3160 25.2443 -2.7894 0.6859
133 0 Car -1 -1 -0.7035 702.3260 182.9485 1001.5658 329.5848 1.4794 3.8453 1.6112 2.8868 1.6439 9.6476 -0.4224 0.9039
133 0 Car -1 -1 0.3327 525.5316 182.7921 622.9249 245.7114 1.5634 3.7061 1.6484 -0.9629 1.8748 20.5709 0.2856 0.8972
133 0 Car -1 -1 -2.4720 123.9715 198.9078 326.4654 292.6449 1.5388 3.8823 1.6419 -7.8352 2.1573 15.0535 -2.9452 0.9146
134 0 Car -1 -1 0.5828 454.3741 179.6183 511.9545 206.8525 1.5962 3.8818 1.6198 -7.4480 1.5459 43.5374 0.4162 0.3453
134 0 Car -1 -1 -2.4611 103.4726 197.3092 322.2570 288.8695 1.4914 4.1151 1.6579 -7.7948 1.8894 14.4921 -2.9440 0.9134
134 0 Car -1 -1 0.3406 477.2472 183.3326 541.6810 220.0849 1.4483 3.7537 1.5495 -4.0213 1.5786 30.1630 0.2110 0.8380
134 0 Car -1 -1 0.5028 486.7844 182.1633 581.2498 227.9877 1.4701 4.0036 1.5757 -2.4349 1.5354 24.9835 0.4085 0.5507
134 0 Car -1 -1 -2.3528 269.8081 189.2612 362.5357 228.6339 1.5050 3.5464 1.5587 -12.1189 1.9001 29.8205 -2.7336 0.3531
134 0 Car -1 -1 0.1907 594.5640 187.2729 715.1826 277.3867 1.3711 3.6992 1.5271 1.0113 1.5167 13.0368 0.2680 0.9016
134 0 Car -1 -1 -2.4078 243.2859 192.3497 361.4850 241.8099 1.5017 3.8256 1.6094 -10.3991 1.9490 24.5254 -2.8027 0.7620
134 0 Car -1 -1 -0.7412 701.8638 179.1791 1027.9573 332.2462 1.4945 3.8604 1.6420 2.9355 1.4833 8.9950 -0.4342 0.9080
134 0 Car -1 -1 0.3286 520.2861 179.1132 619.1860 238.9861 1.5206 3.8200 1.6367 -0.9209 1.4870 20.0157 0.2850 0.8947
134 0 Car -1 -1 -2.4813 196.3898 186.4314 351.3402 257.7773 1.7183 4.1522 1.6679 -9.0193 1.9029 19.6050 -2.9049 0.8872
135 0 Car -1 -1 -2.4962 190.4889 184.8032 352.0385 264.1501 1.7890 4.1607 1.6952 -8.8313 2.1431 19.1467 -2.9236 0.8813
135 0 Car -1 -1 0.3150 486.3780 181.5739 554.0868 224.4230 1.5842 3.8162 1.6456 -3.6356 1.9660 29.5303 0.1929 0.8373
135 0 Car -1 -1 0.3227 529.4606 180.3530 631.1759 243.9587 1.4905 3.8068 1.6074 -0.7350 1.7143 19.4417 0.2845 0.8958
135 0 Car -1 -1 -0.7644 723.6264 179.0466 1080.4735 353.8929 1.4980 3.7453 1.6090 2.9936 1.5876 8.3607 -0.4329 0.9068
135 0 Car -1 -1 -2.3966 242.9040 190.2750 365.4554 243.0632 1.5121 3.7963 1.6105 -10.1261 2.1437 24.0835 -2.7912 0.7503
135 0 Car -1 -1 -2.3924 268.0398 188.4190 368.9928 232.4131 1.5776 3.8622 1.6169 -11.8327 2.2584 29.4455 -2.7719 0.6862
135 0 Car -1 -1 -2.4648 90.8657 196.5895 318.6883 297.0994 1.5091 4.0005 1.6631 -7.6016 2.0382 13.9508 -2.9562 0.9120
135 0 Car -1 -1 0.1862 604.7285 185.3490 736.8785 290.1725 1.4393 3.8558 1.5758 1.1490 1.6915 12.4674 0.2747 0.8954
136 0 Car -1 -1 0.5171 471.4522 176.8162 528.3477 205.7843 1.5952 3.8451 1.6131 -6.4424 1.8397 42.3836 0.3668 0.4124
136 0 Car -1 -1 -2.4011 245.4632 189.7880 369.1635 244.3553 1.5305 3.7391 1.6102 -9.7899 2.1308 23.5284 -2.7919 0.7911
136 0 Car -1 -1 -2.5992 276.6496 187.1631 365.1516 229.2514 1.4914 3.7649 1.5626 -11.5174 2.1044 28.9015 -2.9756 0.4332
136 0 Car -1 -1 -0.4142 521.8932 179.9738 609.5359 228.4047 1.4207 3.6235 1.5294 -1.5762 1.6742 23.6990 -0.4806 0.3879
136 0 Car -1 -1 0.2955 493.1945 182.0258 554.2227 221.8939 1.4608 3.3806 1.5206 -3.4532 1.8535 29.0608 0.1777 0.4598
136 0 Car -1 -1 -2.4575 74.2248 194.1630 315.5643 297.3719 1.4888 4.0751 1.6521 -7.4812 1.9500 13.4495 -2.9572 0.9143
136 0 Car -1 -1 0.2655 538.1960 177.7711 636.3978 246.1184 1.5646 3.7759 1.6211 -0.5290 1.7071 18.8310 0.2368 0.9005
136 0 Car -1 -1 0.1520 495.7503 179.3379 543.6622 215.7539 1.5739 4.0522 1.6412 -4.2229 1.8979 33.9612 0.0287 0.5575
136 0 Car -1 -1 -0.7443 736.6793 173.5572 1131.3160 368.4419 1.5251 3.7469 1.6437 3.0149 1.5350 7.7034 -0.3852 0.9094
136 0 Car -1 -1 0.1127 620.2864 182.8795 743.5109 292.4230 1.4325 3.8687 1.5797 1.2772 1.6264 11.8681 0.2160 0.8996
136 0 Car -1 -1 -2.5083 182.8011 181.6940 351.2922 261.0366 1.7415 4.2713 1.6963 -8.6668 1.9975 18.6013 -2.9393 0.8952
137 0 Car -1 -1 0.0877 633.6822 182.7592 754.7268 295.4838 1.3777 3.8251 1.5266 1.3983 1.5597 11.2010 0.2075 0.9084
137 0 Car -1 -1 -2.4514 247.9886 191.4235 369.7487 245.8401 1.4831 3.6999 1.5831 -9.5291 2.1277 23.0297 -2.8401 0.8158
137 0 Car -1 -1 0.2393 548.0749 173.2240 643.8821 243.8932 1.5854 3.6416 1.5867 -0.2953 1.5960 18.1555 0.2224 0.9048
137 0 Car -1 -1 2.2579 299.2332 179.7125 362.2829 204.4272 1.4572 3.4311 1.5397 -17.2521 1.8927 44.5127 1.8899 0.6581
137 0 Car -1 -1 -2.4848 177.3483 181.4550 354.4193 266.4112 1.7982 4.2627 1.7117 -8.4019 2.0401 17.9971 -2.9164 0.9101
137 0 Car -1 -1 0.4380 516.2385 180.6291 605.3347 228.5113 1.3615 3.5349 1.4774 -1.5331 1.6309 23.0507 0.3717 0.5410
137 0 Car -1 -1 -2.4669 63.7129 194.8371 309.8232 304.5534 1.5117 3.9231 1.6435 -7.2784 1.9664 12.8396 -2.9742 0.9109
137 0 Car -1 -1 -2.4387 276.5757 185.7359 374.9772 228.6306 1.5011 3.7126 1.5810 -11.1557 2.0457 28.4688 -2.8094 0.5930
137 0 Car -1 -1 -0.8077 753.4752 171.6282 1215.4285 375.0000 1.5211 3.8034 1.6624 3.1383 1.5130 7.0284 -0.4043 0.9049
138 0 Car -1 -1 0.0486 654.7966 179.4507 786.5767 304.9037 1.4512 3.7540 1.5737 1.6346 1.5662 10.5479 0.1968 0.8990
138 0 Car -1 -1 -0.8818 772.0945 173.5302 1242.0000 375.0000 1.5319 3.9217 1.6510 3.2753 1.5403 6.4101 -0.4289 0.9016
138 0 Car -1 -1 -2.5425 182.2868 181.0284 355.5999 265.2981 1.7459 4.2351 1.7005 -8.1414 1.9711 17.6106 -2.9703 0.8965
138 0 Car -1 -1 -2.5811 284.6873 184.3757 378.9368 229.3764 1.5508 3.8834 1.5767 -10.7158 2.0309 27.9762 -2.9441 0.6940
138 0 Car -1 -1 -2.4793 49.4196 195.1753 304.4977 310.2938 1.5149 3.9123 1.6333 -7.1413 1.9608 12.3438 -2.9950 0.9112
138 0 Car -1 -1 0.4082 516.5726 178.4190 611.1996 230.9469 1.4629 3.8693 1.5459 -1.3895 1.6537 22.6152 0.3469 0.7563
138 0 Car -1 -1 -2.4631 253.2884 189.6737 374.8488 243.4558 1.4457 3.6613 1.5618 -9.1917 2.0193 22.6091 -2.8456 0.8430
138 0 Car -1 -1 0.2003 558.5443 171.9264 655.0380 246.0825 1.5989 3.6669 1.6396 -0.0177 1.5793 17.5137 0.1983 0.9091
139 0 Car -1 -1 -2.5265 256.7126 188.0638 377.8953 244.3389 1.4824 3.7140 1.5655 -8.8634 1.9900 22.0682 -2.9047 0.8788
139 0 Car -1 -1 -2.4543 287.0397 183.0568 385.1868 227.0020 1.5015 3.5999 1.5642 -10.3895 1.9186 27.5144 -2.8126 0.7633
139 0 Car -1 -1 0.1743 570.4019 172.5244 666.1572 247.9994 1.5653 3.6861 1.6258 0.2548 1.5588 16.9235 0.1881 0.9149
139 0 Car -1 -1 -2.5214 180.6368 179.6623 361.3402 266.4663 1.7451 4.2317 1.6997 -7.8435 1.9279 17.0950 -2.9462 0.9017
139 0 Car -1 -1 -0.9640 798.1620 174.0112 1242.0000 375.0000 1.4578 3.7425 1.6010 3.3084 1.4705 5.6485 -0.4575 0.9013
139 0 Car -1 -1 0.2532 534.5080 178.4229 616.0690 231.7655 1.4423 3.9302 1.5462 -1.0063 1.6287 22.0236 0.2074 0.8285
139 0 Car -1 -1 2.1011 303.7163 174.9337 380.3959 200.0111 1.4711 4.0989 1.6142 -16.2277 1.6006 43.6692 1.7470 0.5671
139 0 Car -1 -1 -2.4957 36.6473 194.6721 302.8887 313.9722 1.4875 3.9350 1.6190 -6.9114 1.9068 11.7983 -3.0163 0.9140
139 0 Car -1 -1 0.0198 668.7983 179.8985 810.6416 314.5515 1.4435 3.8330 1.5656 1.7408 1.5611 9.9729 0.1864 0.8984
140 0 Car -1 -1 -2.5382 260.4613 188.2041 383.4620 244.8256 1.4533 3.7281 1.5659 -8.5280 1.9555 21.5923 -2.9107 0.8115
140 0 Car -1 -1 0.1755 498.0375 173.4861 522.1729 190.1634 1.3891 3.4534 1.4743 -8.5751 1.4453 61.9811 0.0383 0.4373
140 0 Car -1 -1 0.2131 548.7364 177.9469 628.7192 233.3893 1.4575 4.0502 1.5546 -0.5780 1.6246 21.4912 0.1858 0.8791
140 0 Car -1 -1 0.1372 583.5135 173.3536 677.0606 250.8403 1.5380 3.7108 1.6163 0.5186 1.5510 16.3078 0.1674 0.9115
140 0 Car -1 -1 0.2080 530.3039 176.9847 592.3387 220.6684 1.4724 3.6599 1.5586 -1.7654 1.6361 26.6023 0.1417 0.5390
140 0 Car -1 -1 -2.4797 14.9461 193.8280 304.3248 321.7671 1.5124 4.0299 1.6676 -6.7467 1.9034 11.3270 -3.0070 0.9143
140 0 Car -1 -1 -0.0282 700.1603 182.4523 853.1199 325.0876 1.3735 3.8541 1.5206 1.9603 1.5239 9.2473 0.1730 0.9093
140 0 Car -1 -1 0.7020 369.1470 175.1830 427.7508 200.5089 1.6548 3.9956 1.6936 -14.5456 1.8227 49.7124 0.4185 0.3439
140 0 Car -1 -1 -1.0692 818.3998 175.5204 1242.0000 375.0000 1.4691 3.7777 1.5448 3.3543 1.4954 5.0144 -0.5072 0.8697
140 0 Car -1 -1 -2.5328 174.1397 179.5146 363.2789 271.2266 1.7626 4.2784 1.7255 -7.5783 1.9357 16.4530 -2.9589 0.9063
140 0 Car -1 -1 -2.5843 295.1073 183.2119 390.6340 228.7471 1.5165 3.7757 1.5789 -9.9110 1.9327 26.9517 -2.9340 0.7745
141 0 Car -1 -1 -2.5388 263.3472 190.3849 390.1458 250.1361 1.4814 3.7727 1.5733 -8.1816 2.0432 21.0881 -2.9052 0.8551
141 0 Car -1 -1 0.1670 542.4014 180.0257 601.0335 223.2744 1.4016 3.6657 1.5144 -1.3490 1.6786 25.9210 0.1149 0.7741
141 0 Car -1 -1 -2.4932 0.0000 198.2221 297.1900 334.7748 1.4880 4.0159 1.6513 -6.5673 1.9388 10.7210 -3.0323 0.9117
141 0 Car -1 -1 0.2143 553.4405 177.6705 640.1354 237.8316 1.5212 4.2831 1.6253 -0.3127 1.6760 20.8637 0.1986 0.8807
141 0 Car -1 -1 -0.0799 721.3188 182.5580 893.2596 342.0319 1.3976 3.7373 1.5177 2.0419 1.5389 8.5185 0.1463 0.9116
141 0 Car -1 -1 0.1286 592.4274 172.3184 690.5855 256.1681 1.5922 3.7318 1.6608 0.7497 1.5824 15.6804 0.1745 0.9166
141 0 Car -1 -1 2.0952 325.4657 178.5621 398.7989 204.1166 1.4628 3.8545 1.5873 -14.7737 1.8122 42.9653 1.7656 0.7065
141 0 Car -1 -1 -2.5952 302.1378 184.1446 396.7858 230.8665 1.5326 3.7188 1.5691 -9.5413 1.9802 26.6020 -2.9369 0.7170
141 0 Car -1 -1 -1.0970 864.1423 180.7467 1242.0000 375.0000 1.4049 3.5736 1.4897 3.3981 1.4742 4.3692 -0.4687 0.8692
141 0 Car -1 -1 -2.5657 172.4873 180.8561 363.2866 275.4701 1.7533 4.3040 1.7159 -7.3760 1.9562 16.0057 -2.9917 0.9093
142 0 Car -1 -1 0.1371 554.7060 179.5560 611.9227 225.5350 1.4577 3.5741 1.5285 -0.9116 1.7100 25.2676 0.1007 0.8071
142 0 Car -1 -1 0.0899 608.0269 174.8255 702.9519 261.6986 1.5528 3.7095 1.6317 1.0037 1.5993 14.9413 0.1546 0.9038
142 0 Car -1 -1 -2.4890 0.0000 198.4197 293.4463 342.2281 1.4877 3.9892 1.6151 -6.4041 1.9252 10.2659 -3.0357 0.9113
142 0 Car -1 -1 0.1907 566.5755 177.2468 650.8625 238.3509 1.4950 4.1341 1.5930 0.0264 1.6313 20.1448 0.1911 0.8643
142 0 Car -1 -1 -1.1915 882.4786 168.4205 1242.0000 375.0000 1.5336 4.2087 1.6515 3.4656 1.5268 3.4162 -0.4418 0.6935
142 0 Car -1 -1 2.0719 329.8122 181.0180 408.0095 207.0364 1.4629 4.0900 1.6211 -14.1986 1.9569 42.4597 1.7507 0.4271
142 0 Car -1 -1 -2.5982 166.1996 182.2783 361.6763 280.9182 1.7438 4.3307 1.7333 -7.1756 1.9752 15.4329 -3.0274 0.8970
142 0 Car -1 -1 -2.5532 260.1695 190.4938 395.4052 251.5590 1.4600 4.0419 1.6113 -7.9534 2.0176 20.6401 -2.9172 0.8644
142 0 Car -1 -1 -0.1353 738.5322 188.2568 947.1309 362.6441 1.3452 3.7879 1.4942 2.2050 1.5561 7.8848 0.1264 0.9022
142 0 Car -1 -1 -2.5982 310.9983 187.7279 401.0142 233.8462 1.4686 3.3861 1.5148 -9.0887 2.0414 25.9567 -2.9323 0.8206
143 0 Car -1 -1 -2.5862 168.4880 178.1011 364.1754 285.8712 1.8772 4.1348 1.6868 -6.9017 2.0019 14.9340 -3.0130 0.9147
143 0 Car -1 -1 -2.5870 272.1789 190.6214 397.6569 253.6171 1.4848 3.6485 1.5523 -7.5468 2.0265 20.0406 -2.9434 0.8905
143 0 Car -1 -1 -2.5006 0.0000 198.7208 284.5310 358.1999 1.5374 3.9016 1.6358 -6.2093 1.9546 9.6146 -3.0619 0.9145
143 0 Car -1 -1 -0.1840 756.0899 183.6702 1014.5724 375.0000 1.4329 3.7217 1.5363 2.3361 1.5699 7.1742 0.1174 0.9158
143 0 Car -1 -1 2.0469 340.4830 180.4207 415.5144 206.6818 1.4643 3.8524 1.5987 -13.5073 1.9165 41.9754 1.7370 0.4793
143 0 Car -1 -1 0.1462 561.8139 179.8324 621.8390 227.7753 1.4783 3.6673 1.5379 -0.5955 1.7363 24.7167 0.1216 0.8294
143 0 Car -1 -1 -2.6286 312.6660 186.1748 408.6247 236.4202 1.5717 3.6866 1.6006 -8.7695 2.0802 25.5651 -2.9564 0.8460
143 0 Car -1 -1 0.0367 626.3507 174.0196 719.7172 264.3936 1.5355 3.7120 1.6000 1.2499 1.5620 14.2454 0.1213 0.9147
143 0 Car -1 -1 0.1636 578.8868 180.7918 661.5525 243.7770 1.4559 4.1366 1.5647 0.3354 1.6936 19.3982 0.1797 0.8707
144 0 Car -1 -1 -2.6599 322.3714 186.0218 413.4940 235.6391 1.5261 3.5379 1.5247 -8.3473 2.0178 25.0508 -2.9789 0.8482
144 0 Car -1 -1 -2.4821 0.0000 200.5191 278.0207 366.4098 1.4719 3.9028 1.5917 -6.0545 1.8977 9.0818 -3.0570 0.9094
144 0 Car -1 -1 2.0220 352.5577 180.0230 425.0769 205.7786 1.4244 3.6830 1.5561 -12.7453 1.8480 41.5416 1.7258 0.6105
144 0 Car -1 -1 -2.5919 272.9643 191.0218 403.0949 254.8334 1.4509 3.7543 1.5440 -7.2579 1.9932 19.5293 -2.9438 0.8638
144 0 Car -1 -1 0.0130 577.1688 180.6820 619.3452 221.8674 1.4955 3.8807 1.5748 -0.4905 1.8303 28.8796 -0.0045 0.3404
144 0 Car -1 -1 0.2890 489.4889 170.1745 540.8860 203.7756 1.8350 4.1987 1.8164 -5.4349 1.6890 41.6181 0.1595 0.4273
144 0 Car -1 -1 0.0883 593.5977 178.8364 670.0070 247.7305 1.5584 4.1926 1.6310 0.6271 1.7333 18.8758 0.1201 0.8936
144 0 Car -1 -1 0.1127 571.7745 179.6448 632.5988 230.6286 1.5246 3.9806 1.6010 -0.2270 1.7720 24.1852 0.1026 0.8686
144 0 Car -1 -1 0.0274 639.4026 175.5969 738.9351 270.9302 1.5204 3.6413 1.6078 1.4658 1.5795 13.5254 0.1319 0.9101
144 0 Car -1 -1 -2.5747 157.0800 180.3864 371.3344 289.9913 1.7919 4.3515 1.7327 -6.6431 1.9662 14.3822 -3.0010 0.9071
144 0 Car -1 -1 -0.2455 775.2574 185.3895 1103.5302 375.0000 1.4213 3.7642 1.5535 2.4600 1.5682 6.4804 0.1010 0.9116
145 0 Car -1 -1 0.1434 565.0426 178.9337 617.9207 218.1834 1.4643 3.9457 1.5704 -0.4978 1.4074 28.4303 0.1278 0.5803
145 0 Car -1 -1 -0.3123 783.6943 183.3219 1192.2557 375.0000 1.4416 3.7880 1.5382 2.5191 1.4742 5.7835 0.0808 0.9102
145 0 Car -1 -1 -2.6685 321.3632 184.9215 415.4420 233.1342 1.5028 3.6178 1.5735 -8.0495 1.6682 24.2941 -2.9829 0.8680
145 0 Car -1 -1 0.7101 407.1954 172.9943 465.2778 196.9762 1.5408 3.9207 1.6326 -11.2906 1.0599 47.5379 0.4802 0.3287
145 0 Car -1 -1 -2.5042 0.0000 198.8326 265.5360 375.0000 1.5509 3.9011 1.6161 -5.9431 1.8245 8.4968 -3.0957 0.9194
145 0 Car -1 -1 -2.6042 154.0357 174.8815 365.7923 285.4561 1.8037 4.2894 1.6763 -6.4513 1.7137 13.7519 -3.0325 0.8946
145 0 Car -1 -1 -0.0080 648.9694 171.4164 751.7839 270.6943 1.5384 3.6347 1.5924 1.6527 1.3993 12.8498 0.1186 0.9217
145 0 Car -1 -1 -2.5941 268.5286 187.7744 402.1184 251.6091 1.4818 3.7877 1.5633 -7.0760 1.6983 18.8754 -2.9457 0.8832
145 0 Car -1 -1 0.0876 595.9699 176.3462 672.7460 241.9454 1.4732 4.1712 1.5854 0.8190 1.3815 18.0458 0.1339 0.8793
145 0 Car -1 -1 2.0109 354.3188 175.4703 429.6417 201.3496 1.4636 3.8880 1.5798 -12.3522 1.1805 41.0565 1.7225 0.3997
145 0 Car -1 -1 0.1025 575.5523 174.3319 635.6798 224.7618 1.5290 3.9811 1.5900 0.0711 1.3435 23.4960 0.1072 0.8481
146 0 Car -1 -1 0.1975 439.9445 177.6292 475.4458 201.9279 1.4925 3.6407 1.5711 -9.8786 1.8151 46.8616 -0.0095 0.3318
146 0 Car -1 -1 -0.0162 602.4898 177.9949 656.6085 231.2083 1.5163 3.7982 1.5699 0.5312 1.6929 22.8294 0.0059 0.8684
146 0 Car -1 -1 2.0501 369.5641 177.2238 440.8655 204.6327 1.4831 3.5256 1.5727 -11.5176 1.7358 40.5265 1.7745 0.7300
146 0 Car -1 -1 0.0665 613.7939 178.3745 691.3040 250.4693 1.4969 4.1873 1.5985 1.0885 1.6478 17.4901 0.1266 0.8852
146 0 Car -1 -1 -0.0424 673.9199 173.3526 785.9687 282.5489 1.5599 3.6203 1.5971 1.8579 1.5700 12.2048 0.1040 0.9131
146 0 Car -1 -1 -2.4843 0.0000 198.3461 257.6493 375.0000 1.5638 3.9463 1.6606 -5.8170 1.9174 7.9899 -3.0982 0.9082
146 0 Car -1 -1 0.0400 586.3228 176.3902 631.3565 221.1007 1.5813 3.9686 1.5834 -0.0267 1.7280 27.8472 0.0383 0.7391
146 0 Car -1 -1 -2.6843 329.8430 185.7964 423.8500 237.3565 1.5012 3.5879 1.5166 -7.6412 1.9630 23.8389 -2.9918 0.8557
146 0 Car -1 -1 -0.3848 819.7312 184.0677 1242.0000 375.0000 1.4270 3.7125 1.5010 2.5989 1.5356 5.0653 0.0648 0.9020
146 0 Car -1 -1 -2.6136 145.8181 177.7973 367.7340 290.5928 1.6996 4.2739 1.6795 -6.2348 1.8060 13.2705 -3.0457 0.8994
146 0 Car -1 -1 -2.6632 274.7902 189.3793 404.8027 256.8834 1.4450 3.7058 1.5382 -6.7564 1.9095 18.3276 -3.0123 0.8715
147 0 Car -1 -1 0.0573 620.6523 179.5102 698.5242 250.8938 1.4490 4.2407 1.5892 1.4318 1.4098 16.7870 0.1357 0.8969
147 0 Car -1 -1 -2.7225 331.9858 182.2353 423.5011 231.6019 1.4766 3.6088 1.5132 -7.2110 1.5036 23.4197 -3.0233 0.8550
147 0 Car -1 -1 0.0441 600.2415 175.7886 655.3527 227.8695 1.4620 3.8182 1.5492 0.8553 1.3028 22.1254 0.0770 0.8785
147 0 Car -1 -1 -0.0499 589.2394 169.9322 627.0048 204.1472 1.6049 3.9737 1.6497 0.2736 1.0632 35.7149 -0.0473 0.3713
147 0 Car -1 -1 -2.6634 273.2604 187.8383 404.0800 255.6092 1.4653 3.6486 1.5278 -6.3886 1.6403 17.7947 -3.0089 0.8784
147 0 Car -1 -1 -2.6491 130.7373 174.5837 359.2743 297.1207 1.7803 4.4092 1.6679 -5.9912 1.6812 12.6801 -3.0882 0.8969
147 0 Car -1 -1 -0.4634 841.9618 185.1564 1242.0000 375.0000 1.4718 3.8375 1.5301 2.7275 1.5055 4.3950 0.0599 0.8635
147 0 Car -1 -1 1.9864 361.5436 173.6460 442.3131 200.7142 1.4695 4.0383 1.6066 -11.1043 1.0440 40.0770 1.7128 0.6131
147 0 Car -1 -1 -0.0912 677.6860 168.2088 808.0532 283.1612 1.5460 3.7092 1.6273 2.0620 1.3685 11.5689 0.0757 0.9193
147 0 Car -1 -1 -2.4572 0.0000 197.8034 245.3663 375.0000 1.5383 3.8886 1.6487 -5.6600 1.7563 7.5596 -3.0895 0.9004
148 0 Car -1 -1 -2.7000 338.9515 180.8923 431.0994 234.1664 1.5072 3.2319 1.5152 -7.0092 1.7788 22.6347 -2.9975 0.8678
148 0 Car -1 -1 -0.1362 697.5200 169.8800 844.4758 290.7790 1.5047 3.6383 1.5805 2.1762 1.4681 10.8381 0.0557 0.9132
148 0 Car -1 -1 1.9111 382.6620 174.6239 454.8432 201.1855 1.4165 3.5113 1.5301 -10.4762 1.5160 39.5036 1.6532 0.6747
148 0 Car -1 -1 -2.4371 0.0000 195.5621 235.0480 375.0000 1.5455 3.8133 1.6427 -5.5484 1.8258 6.9474 -3.0927 0.8903
148 0 Car -1 -1 0.0521 597.9998 170.6893 634.4430 204.7847 1.5641 3.7191 1.5798 0.3090 1.4652 35.0011 0.0604 0.3225
148 0 Car -1 -1 -2.6374 119.1153 173.6179 363.5625 302.5549 1.7604 4.3138 1.6918 -5.8689 1.7758 12.0781 -3.0817 0.9067
148 0 Car -1 -1 -0.0240 645.4085 173.2286 729.5450 253.2019 1.5437 4.2468 1.6249 1.6029 1.5536 16.1220 0.0724 0.8782
148 0 Car -1 -1 0.0674 602.7726 175.1615 653.1273 219.5852 1.4906 4.1594 1.5799 0.6873 1.5828 26.5748 0.0923 0.8165
148 0 Car -1 -1 -0.0095 618.3392 173.3934 677.8033 230.2436 1.5262 4.0366 1.6000 1.0534 1.5441 21.4536 0.0381 0.8712
148 0 Car -1 -1 -0.5589 886.6001 181.6497 1242.0000 375.0000 1.4505 3.8934 1.5327 2.8077 1.5206 3.7341 0.0480 0.8416
148 0 Car -1 -1 -2.6740 271.4632 186.8027 408.9896 257.6260 1.4199 3.7137 1.5293 -6.2993 1.7894 17.1600 -3.0214 0.8666
149 0 Car -1 -1 0.0150 608.1295 170.5632 643.1790 204.6434 1.5399 3.5615 1.5849 0.7306 1.4368 34.4084 0.0355 0.6961
149 0 Car -1 -1 -0.0152 627.9521 173.5602 690.2612 232.3571 1.5174 3.9150 1.6120 1.3143 1.5399 20.6590 0.0466 0.8513
149 0 Car -1 -1 -0.0425 659.2321 174.6478 745.9370 255.6516 1.4782 4.1860 1.5899 1.8019 1.5222 15.4034 0.0708 0.8980
149 0 Car -1 -1 -0.6529 920.1519 188.0197 1242.0000 375.0000 1.4315 3.8110 1.5212 2.8022 1.5377 3.1037 0.0348 0.8006
149 0 Car -1 -1 0.0578 610.5168 174.7515 661.2552 220.8300 1.5013 3.9577 1.5848 0.9453 1.5747 25.7184 0.0934 0.5188
149 0 Car -1 -1 1.9331 384.8253 173.4743 461.0361 200.3455 1.4104 3.6670 1.5435 -10.0873 1.4450 38.8806 1.6806 0.7354
149 0 Car -1 -1 -2.4052 0.0000 197.6627 212.0636 375.0000 1.5162 3.7038 1.5921 -5.4722 1.8017 6.4022 -3.0922 0.8628
149 0 Car -1 -1 -2.6703 263.9557 186.3638 415.1160 261.4009 1.4352 4.0028 1.5862 -6.0880 1.7861 16.6335 -3.0166 0.8790
149 0 Car -1 -1 -2.7398 337.3883 179.7832 433.9534 238.4471 1.6121 3.5587 1.5449 -6.8096 1.8427 22.1141 -3.0356 0.8954
149 0 Car -1 -1 -0.1606 710.4527 170.7076 877.0445 300.9935 1.4865 3.7364 1.5781 2.3087 1.4624 10.1391 0.0559 0.9070
149 0 Car -1 -1 -2.6238 92.3259 173.5689 357.3069 314.3963 1.7943 4.3092 1.7012 -5.7618 1.8082 11.4140 -3.0826 0.9018
150 0 Car -1 -1 -0.0050 624.8145 175.4941 673.0983 222.2056 1.4814 3.8704 1.5462 1.2896 1.5807 25.0699 0.0451 0.7638
150 0 Car -1 -1 -0.8701 943.4841 190.0737 1242.0000 375.0000 1.4372 3.7651 1.5157 2.7497 1.5395 2.3401 -0.0651 0.6878
150 0 Car -1 -1 -2.7563 343.7354 183.5484 436.8251 239.4099 1.4748 3.4045 1.4685 -6.4858 1.8198 21.4867 -3.0466 0.8596
150 0 Car -1 -1 -2.3933 0.0000 203.1219 179.5805 375.0000 1.5436 3.7048 1.6088 -5.4164 1.8634 5.7484 -3.1261 0.8308
150 0 Car -1 -1 0.1062 608.4515 172.9277 650.0953 208.0588 1.5467 3.5982 1.5734 0.9083 1.5507 33.6595 0.1324 0.7080
150 0 Car -1 -1 -2.6259 68.4383 171.9052 356.3401 324.1766 1.8195 4.4589 1.7255 -5.6185 1.8085 10.8876 -3.0930 0.9014
150 0 Car -1 -1 1.7556 438.2913 172.9973 505.8351 198.6403 1.5384 3.8239 1.6176 -8.4274 1.5477 44.1080 1.5675 0.7128
150 0 Car -1 -1 -0.2018 723.8061 170.2923 918.6694 319.0589 1.5475 3.6743 1.5974 2.4383 1.5212 9.3734 0.0439 0.9158
150 0 Car -1 -1 1.8746 389.3787 175.5955 466.6340 202.7153 1.4009 3.6852 1.5487 -9.6687 1.5503 38.3271 1.6287 0.7720
150 0 Car -1 -1 -0.0536 666.6214 175.0043 762.6940 264.4055 1.5314 4.3631 1.6314 1.9329 1.5822 14.6998 0.0736 0.8712
150 0 Car -1 -1 -0.0349 638.5294 175.7337 702.1982 236.5538 1.5064 3.9126 1.5916 1.5418 1.5947 20.0435 0.0399 0.8779
150 0 Car -1 -1 -2.7041 262.1169 187.5272 412.8593 264.5950 1.4090 3.9750 1.5584 -5.9013 1.7768 16.0180 -3.0523 0.8840
151 0 Car -1 -1 -0.8489 0.0000 0.0000 1242.0000 375.0000 1.4435 3.6228 1.5693 2.6349 1.5869 1.7835 0.0491 0.3467
151 0 Car -1 -1 -0.0271 636.4163 176.1089 700.1501 237.0574 1.4921 3.8461 1.5588 1.6234 1.3862 19.2694 0.0572 0.8848
151 0 Car -1 -1 0.0698 611.1868 170.6330 649.9959 205.7362 1.5409 3.7359 1.5483 1.2247 1.1093 32.9735 0.1083 0.6230
151 0 Car -1 -1 1.8400 394.6115 173.7372 467.3824 200.3118 1.3887 3.4951 1.5200 -9.2686 1.0367 37.7580 1.6031 0.7285
151 0 Car -1 -1 -0.0906 668.6042 173.0251 774.6989 265.3313 1.5396 4.2138 1.6204 2.0967 1.4166 13.9379 0.0571 0.8916
151 0 Car -1 -1 -2.6987 258.0621 189.9307 407.4218 268.0799 1.4279 3.6937 1.5397 -5.7412 1.6589 15.2843 -3.0496 0.8887
151 0 Car -1 -1 -0.0513 608.4808 170.6974 641.3175 199.7396 1.4780 3.8141 1.5617 1.0118 0.9806 37.9028 -0.0231 0.4765
151 0 Car -1 -1 -0.0639 623.6738 174.9167 677.5575 221.5409 1.4698 4.1227 1.5729 1.4639 1.2953 24.3481 -0.0029 0.8324
151 0 Car -1 -1 -2.7779 339.0494 183.6781 433.1562 238.5102 1.4633 3.4311 1.5071 -6.3748 1.5665 20.8340 -3.0689 0.9031
151 0 Car -1 -1 -2.6403 37.3434 174.9973 342.3149 331.7190 1.7552 4.4610 1.7124 -5.5371 1.6953 10.1582 -3.1247 0.8901
151 0 Car -1 -1 -0.2144 725.3593 164.1938 934.4302 327.3584 1.5754 3.5901 1.5788 2.4343 1.4196 8.6553 0.0521 0.9177
151 0 Car -1 -1 -2.3591 0.0000 205.6719 152.7426 375.0000 1.5353 3.7006 1.5920 -5.3056 1.7847 5.0955 -3.1325 0.7825
152 0 Car -1 -1 -2.6129 0.0000 173.1050 339.5112 355.9839 1.8613 4.4625 1.7122 -5.3977 1.8658 9.6011 -3.1139 0.8955
152 0 Car -1 -1 1.8236 399.4256 179.2151 477.1282 208.1968 1.4476 3.6223 1.5683 -8.8551 1.7833 37.2173 1.5912 0.7488
152 0 Car -1 -1 0.0878 561.0061 169.7953 595.8862 201.0046 1.7786 3.9575 1.7449 -1.8730 1.6047 43.1330 0.0442 0.4695
152 0 Car -1 -1 3.9554 0.0000 209.6259 114.5883 375.0000 1.5312 3.7800 1.6038 -5.1974 1.8562 4.4629 3.1237 0.6905
152 0 Car -1 -1 -2.7783 341.6158 188.6565 438.6385 247.9721 1.4407 3.3880 1.4769 -6.0923 1.9215 20.1946 -3.0682 0.8902
152 0 Car -1 -1 -0.0723 639.1872 181.4888 696.0266 230.1467 1.4030 3.8565 1.5363 1.7481 1.7066 23.4147 0.0005 0.6922
152 0 Car -1 -1 0.1010 479.1762 176.0014 512.6022 203.1784 1.5567 3.9027 1.6175 -6.9116 1.7568 43.7825 -0.0550 0.3388
152 0 Car -1 -1 -0.1204 684.1336 181.4023 803.3234 280.0123 1.4718 4.1656 1.5771 2.2293 1.6542 13.2467 0.0416 0.9009
152 0 Car -1 -1 -0.2678 748.6237 174.9896 1006.3826 360.8454 1.5757 3.6675 1.6032 2.5858 1.6053 8.0157 0.0323 0.9153
152 0 Car -1 -1 -0.0864 652.2109 180.8047 726.9390 246.7686 1.4969 3.7588 1.5693 1.9182 1.7244 18.7163 0.0132 0.8881
152 0 Car -1 -1 0.0712 624.0518 176.8316 665.2922 214.1436 1.5425 3.6345 1.5847 1.5527 1.7304 32.1281 0.1184 0.7283
152 0 Car -1 -1 -2.6905 250.1804 192.4199 411.5128 279.8384 1.4441 3.7639 1.5521 -5.5520 1.8969 14.7360 -3.0456 0.8848
153 0 Car -1 -1 1.7712 442.2639 171.8426 512.1470 199.2589 1.6007 3.8454 1.6621 -7.5872 1.0966 42.1550 1.5962 0.3340
153 0 Car -1 -1 0.0144 626.6702 173.5153 665.6255 211.6218 1.5981 3.9143 1.6343 1.8501 1.3067 31.6590 0.0739 0.7145
153 0 Car -1 -1 -0.1003 650.1757 178.4201 728.8437 242.9096 1.4622 3.9371 1.5670 2.0053 1.4166 18.0028 0.0104 0.8784
153 0 Car -1 -1 -0.3128 748.8114 166.2142 1052.9888 374.4320 1.5997 3.6632 1.6489 2.5979 1.4917 7.2737 0.0185 0.9165
153 0 Car -1 -1 -2.6972 226.9390 194.1411 403.9297 283.7058 1.4296 4.0443 1.6007 -5.5298 1.7414 13.9916 -3.0644 0.8838
153 0 Car -1 -1 -2.6021 0.0000 179.3232 319.9043 362.5052 1.7407 4.2663 1.7067 -5.3561 1.7312 8.8578 -3.1287 0.9080
153 0 Car -1 -1 -0.0521 638.2935 178.9147 692.4909 227.0450 1.4233 3.8784 1.5263 1.8475 1.3780 22.8646 0.0291 0.8524
153 0 Car -1 -1 -2.7659 329.8469 185.4484 434.8330 248.4411 1.5454 3.5915 1.5238 -6.0438 1.6963 19.4828 -3.0605 0.8630
153 0 Car -1 -1 -0.1226 684.5571 177.3587 808.8339 280.8815 1.5365 4.1962 1.5898 2.2996 1.4915 12.6273 0.0548 0.8881
153 0 Car -1 -1 1.8163 395.9097 177.3627 474.7501 204.8022 1.3865 3.6962 1.5391 -8.7360 1.2294 36.5182 1.5852 0.7855
