0 0 Car -1 -1 3.5753 109.8176 168.5541 213.2610 219.9743 1.7344 4.1210 1.6102 -16.1701 1.3330 25.9835 3.0259 0.8598
0 0 Car -1 -1 3.7838 0.0000 180.9293 112.5742 231.7578 1.4194 3.2211 1.4631 -16.7670 1.4349 21.3871 3.1279 0.8949
0 0 Car -1 -1 3.4729 216.8282 179.4033 282.1550 212.3134 1.3682 3.5789 1.4799 -15.6531 1.3241 31.2588 3.0145 0.7874
1 0 Car -1 -1 3.7672 0.0000 180.6870 76.6642 240.8481 1.4912 3.3746 1.5150 -16.8078 1.7282 20.0663 3.0764 0.8016
1 0 Car -1 -1 3.6130 74.4278 167.1353 193.9051 227.3961 1.8812 4.2687 1.6347 -16.1721 1.7031 24.7293 3.0386 0.8504
1 0 Car -1 -1 -1.5053 263.2833 177.7820 310.6418 194.6055 1.4325 3.7163 1.5647 -28.4599 1.8768 63.6196 -1.9246 0.3702
1 0 Car -1 -1 3.4785 194.0422 179.2909 267.0028 218.8810 1.5089 3.6925 1.5449 -15.7564 1.7947 30.0637 2.9991 0.8758
2 0 Car -1 -1 3.5355 171.7080 181.8317 251.6563 223.0923 1.4971 3.5693 1.5334 -15.8623 1.8795 28.8410 3.0363 0.8327
2 0 Car -1 -1 3.6633 33.5611 170.4135 170.7034 231.8772 1.8049 4.3375 1.6745 -16.3173 1.7336 23.4159 3.0599 0.8856
3 0 Car -1 -1 3.6911 0.0000 172.3994 144.4623 238.3318 1.8217 4.2845 1.6796 -16.4115 1.8095 22.1372 3.0587 0.9090
3 0 Car -1 -1 3.5587 145.2834 181.4986 234.2758 225.3302 1.5112 3.6744 1.5667 -15.9633 1.8643 27.5351 3.0372 0.8894
4 0 Car -1 -1 3.7571 0.0000 172.5845 117.8346 243.8649 1.8589 4.0269 1.6641 -16.4163 1.8522 20.8627 3.0965 0.8615
4 0 Car -1 -1 3.5906 114.7688 183.2928 215.2255 228.7656 1.4698 3.8504 1.5763 -16.0821 1.8785 26.2269 3.0448 0.9027
5 0 Car -1 -1 3.8154 0.0000 171.3062 86.1329 246.6726 1.8254 4.1432 1.7109 -16.5789 1.7883 19.5638 3.1190 0.8051
5 0 Car -1 -1 3.6291 85.3464 181.3324 191.8736 231.1487 1.5457 3.6216 1.5444 -16.1699 1.8605 24.8907 3.0576 0.9155
6 0 Car -1 -1 -2.3723 0.0000 170.6457 56.6083 245.0699 1.6815 4.0729 1.6682 -16.3452 1.4375 18.2967 -3.0994 0.6704
6 0 Car -1 -1 3.6159 51.1354 180.8329 162.4458 228.9076 1.4568 3.6565 1.5146 -16.1810 1.4377 23.6738 3.0163 0.9072
7 0 Car -1 -1 3.6844 13.2646 179.6423 139.7390 231.9102 1.4444 3.5769 1.4854 -16.3458 1.6715 22.2605 3.0566 0.9129
8 0 Car -1 -1 3.7196 0.0000 178.6862 113.2665 236.4010 1.5090 3.5893 1.5041 -16.4442 1.6947 21.0839 3.0633 0.8853
9 0 Car -1 -1 3.7689 0.0000 177.7514 79.2821 239.6913 1.5153 3.5005 1.5455 -16.5405 1.6618 19.7288 3.0777 0.8404
12 0 Car -1 -1 -2.4679 402.2694 183.5625 447.3904 202.2015 1.5908 4.2928 1.7306 -17.0480 2.6131 66.5472 -2.7181 0.4399
13 0 Car -1 -1 -2.8797 411.4222 184.6311 441.0738 202.5022 1.4966 3.9177 1.6286 -16.5311 2.5899 64.9878 -3.1281 0.3285
19 0 Car -1 -1 3.3066 372.2925 179.7225 401.1400 200.3228 1.5454 3.8048 1.5889 -17.7625 2.1116 57.4452 3.0077 0.5241
20 0 Car -1 -1 -1.2893 334.1394 180.2121 391.5387 199.8488 1.4642 3.8799 1.5768 -18.9478 2.0379 55.3375 -1.6180 0.3148
22 0 Car -1 -1 1.7875 306.9172 180.1301 369.6398 201.9771 1.5437 4.0351 1.6604 -19.8742 2.0880 52.8262 1.4290 0.4351
23 0 Car -1 -1 -1.3675 305.2617 182.6210 362.5914 204.1390 1.4766 3.5841 1.5485 -19.6980 2.1885 51.5143 -1.7313 0.6556
24 0 Car -1 -1 -1.3474 290.5223 183.4886 349.3755 205.3992 1.5011 3.5657 1.5612 -20.1145 1.3839 50.2921 -1.7264 0.5296
26 0 Car -1 -1 2.0245 57.6246 148.4222 144.9427 188.2910 2.3314 4.0194 1.5249 -30.4700 0.9031 43.2586 1.4136 0.3711
27 0 Car -1 -1 -1.3053 260.0324 189.1021 331.5063 213.5492 1.4910 3.9370 1.6289 -20.2442 2.5637 46.5336 -1.7139 0.3185
34 0 Car -1 -1 -1.2139 177.8235 184.9569 278.0281 216.3499 1.5670 4.3421 1.7067 -20.0810 2.2235 37.9975 -1.6975 0.5579
35 0 Car -1 -1 -0.5090 710.6351 171.3597 746.7531 187.6489 1.4819 3.9541 1.6194 11.0912 1.3463 67.7733 -0.3477 0.3198
38 0 Car -1 -1 -0.3476 712.6366 171.6445 744.8586 188.7306 1.4726 3.8482 1.6073 10.5105 1.3687 64.2233 -0.1864 0.5780
39 0 Car -1 -1 -0.5264 711.8013 171.5880 751.3231 188.9538 1.4647 3.9904 1.6087 10.5504 1.3582 63.0037 -0.3616 0.4869
40 0 Car -1 -1 -0.5075 711.3326 170.7365 750.6981 188.2059 1.4467 3.9744 1.5918 10.3149 1.2717 61.8904 -0.3434 0.6490
41 0 Car -1 -1 -0.5455 710.6573 170.4429 752.6882 188.7937 1.4894 4.0399 1.6205 10.1739 1.2941 60.7368 -0.3806 0.6119
41 0 Car -1 -1 3.0825 566.8245 172.7987 587.0336 189.7666 1.5086 3.9800 1.6148 -3.0808 1.5040 66.2128 3.0358 0.3179
43 0 Car -1 -1 3.0525 552.4528 172.6664 575.1969 190.6281 1.4993 4.0579 1.6014 -4.0419 1.4840 62.3530 2.9878 0.7923
44 0 Car -1 -1 3.0060 546.6249 173.3240 574.6859 193.2536 1.5995 4.6067 1.7316 -4.1978 1.6408 60.4530 2.9366 0.7673
45 0 Car -1 -1 3.0518 540.7091 174.9992 566.0143 194.5956 1.5112 4.3247 1.6546 -4.6440 1.6919 58.4065 2.9725 0.6883
45 0 Car -1 -1 -0.5658 708.7816 173.2451 752.0380 193.3660 1.5036 3.6477 1.5971 9.2765 1.5354 55.9841 -0.4028 0.4791
46 0 Car -1 -1 3.1284 533.6559 177.5435 556.1939 198.4614 1.5433 4.4000 1.6909 -5.1551 1.9259 56.5281 3.0375 0.6282
46 0 Car -1 -1 -0.3234 709.2487 172.7057 748.7285 194.4512 1.5961 4.2635 1.7018 9.0233 1.5856 55.1985 -0.1626 0.7270
47 0 Car -1 -1 2.8340 708.7441 175.2034 745.0896 195.3873 1.4523 3.8723 1.5721 8.8471 0.7330 53.7498 2.9959 0.3005
47 0 Car -1 -1 2.9238 521.7061 176.6671 555.3271 197.5945 1.5208 4.2090 1.6606 -5.3071 0.9007 54.4929 2.8268 0.7930
48 0 Car -1 -1 3.0204 512.4614 175.7231 540.6807 197.1176 1.5000 3.8569 1.5712 -5.4798 1.0956 52.4162 2.9118 0.8334
48 0 Car -1 -1 -0.5001 700.5125 173.2452 746.3301 194.6709 1.5143 3.9470 1.6092 8.9494 0.9315 52.8953 -0.3382 0.6921
49 0 Car -1 -1 3.0265 508.3764 177.2675 538.8364 200.5737 1.5322 4.1292 1.6455 -6.1101 1.8547 50.4647 2.9062 0.8470
49 0 Car -1 -1 -0.3168 708.4850 174.2554 747.3847 196.6002 1.5301 3.8538 1.6196 8.3729 1.6348 51.6895 -0.1575 0.7796
50 0 Car -1 -1 -1.5256 500.2531 176.4031 539.5726 192.3555 1.5056 3.6883 1.5817 -8.6627 1.8521 69.4440 -1.6495 0.4399
50 0 Car -1 -1 -0.2636 708.5726 174.2946 745.2386 196.3519 1.4766 3.8016 1.5882 8.1130 1.5818 50.5328 -0.1057 0.6013
50 0 Car -1 -1 3.0534 500.4770 176.4526 530.3219 199.9945 1.4873 4.1096 1.6244 -6.4183 1.7401 48.4318 2.9220 0.8331
51 0 Car -1 -1 3.0746 490.3614 176.9362 519.7164 200.8975 1.4459 4.0372 1.5955 -6.8195 1.7209 46.4080 2.9291 0.8450
51 0 Car -1 -1 -0.3203 706.8845 172.8313 747.5120 195.0691 1.4608 3.9124 1.5862 7.9526 1.4596 49.4526 -0.1621 0.6705
52 0 Car -1 -1 3.0837 477.7186 176.7230 507.3322 202.1139 1.4616 3.8757 1.5643 -7.2683 1.7101 44.2212 2.9214 0.8865
52 0 Car -1 -1 -0.2905 705.0343 174.0831 744.9653 196.7128 1.4452 3.8771 1.5851 7.6218 1.5313 48.3235 -0.1354 0.7295
53 0 Car -1 -1 3.1047 466.2116 176.7383 496.7834 203.0691 1.4430 4.1151 1.6103 -7.6183 1.6831 42.3641 2.9274 0.8830
53 0 Car -1 -1 -0.2489 704.6854 174.0571 744.8539 198.7405 1.5412 4.0361 1.6462 7.4454 1.6239 47.3379 -0.0942 0.6778
54 0 Car -1 -1 3.1893 445.8594 175.1256 477.7651 200.5065 1.3685 4.1295 1.5749 -8.1169 1.0801 40.2761 2.9937 0.8373
54 0 Car -1 -1 -0.2868 694.8055 168.5746 737.3293 193.0514 1.5262 4.0912 1.6496 7.2026 0.7839 46.2164 -0.1315 0.7166
55 0 Car -1 -1 3.1795 434.8505 178.3377 469.0710 207.6418 1.4350 4.1196 1.6171 -8.3772 1.7431 38.3125 2.9653 0.8639
55 0 Car -1 -1 -0.3057 701.3741 172.6188 746.0708 198.1195 1.5182 3.9382 1.6327 7.0080 1.5045 45.0242 -0.1527 0.7101
56 0 Car -1 -1 -0.2600 700.0477 172.6953 743.3965 198.0752 1.4742 4.0238 1.6181 6.7225 1.4654 43.9968 -0.1098 0.7449
56 0 Car -1 -1 3.2437 416.2796 179.1957 456.5992 208.7807 1.3610 4.0604 1.5572 -8.6898 1.6982 36.2118 3.0095 0.9070
57 0 Car -1 -1 3.2613 396.6008 179.3052 440.2552 210.4106 1.3442 3.8885 1.5324 -9.0192 1.6672 34.0516 3.0039 0.8857
57 0 Car -1 -1 -0.2529 702.6003 173.7584 745.5780 200.3950 1.4999 3.8011 1.6002 6.6692 1.5562 42.7302 -0.0996 0.6801
58 0 Car -1 -1 3.2831 373.2087 177.3071 423.8141 210.4672 1.4087 4.2130 1.6180 -9.3534 1.2745 32.2281 3.0050 0.9078
58 0 Car -1 -1 -0.2955 688.3585 171.1429 734.6159 198.5573 1.5394 3.8918 1.6305 6.2222 1.0154 41.7422 -0.1469 0.7742
59 0 Car -1 -1 3.3350 349.7958 180.5618 409.0481 217.8774 1.4083 4.0944 1.5973 -9.6153 1.7543 30.2295 3.0291 0.8984
59 0 Car -1 -1 -0.2858 695.8707 176.4488 741.8640 202.6340 1.3834 3.8091 1.5371 6.0432 1.5963 40.6574 -0.1398 0.8184
60 0 Car -1 -1 -0.2658 692.9587 175.5820 741.4951 203.4930 1.4376 4.1038 1.6043 5.8011 1.5961 39.7115 -0.1223 0.7712
60 0 Car -1 -1 3.3544 324.8693 179.4713 390.5723 219.3227 1.4052 4.0736 1.5921 -9.8276 1.6841 28.2588 3.0222 0.9102
61 0 Car -1 -1 -0.2624 692.0276 174.0838 741.5405 202.9040 1.4509 4.1298 1.5896 5.6170 1.5208 38.6493 -0.1197 0.8440
61 0 Car -1 -1 3.4196 292.1101 177.6259 372.1888 221.9698 1.4516 4.2511 1.5982 -10.0405 1.6402 26.2721 3.0576 0.8983
62 0 Car -1 -1 -0.2086 691.4152 173.0834 739.4193 202.7072 1.4533 4.1839 1.6239 5.3848 1.4662 37.5690 -0.0677 0.8124
62 0 Car -1 -1 3.4354 257.9115 177.2675 348.1966 224.9674 1.4407 4.2396 1.6288 -10.2834 1.6036 24.3870 3.0399 0.9026
63 0 Car -1 -1 3.4835 214.4222 178.0049 320.8442 230.2486 1.4280 4.2545 1.6184 -10.4884 1.6036 22.3449 3.0489 0.9001
63 0 Car -1 -1 -0.1810 691.5279 173.4118 735.7801 202.0695 1.3675 3.7910 1.5380 5.1391 1.3975 36.4294 -0.0424 0.8560
64 0 Car -1 -1 -0.2674 689.1487 174.8536 741.8771 205.0931 1.3871 3.9659 1.5516 5.0753 1.4914 35.4322 -0.1268 0.8454
64 0 Car -1 -1 -2.6981 284.1629 178.7691 321.8367 196.0919 1.5406 4.1493 1.6280 -28.7771 2.1133 67.7132 -3.0988 0.5408
64 0 Car -1 -1 3.5353 166.7451 178.0499 292.0993 236.3995 1.4476 4.1816 1.6298 -10.6384 1.6106 20.4310 3.0602 0.9167
65 0 Car -1 -1 -0.2298 681.8705 171.7611 736.4615 205.4936 1.5208 4.1197 1.6626 5.0911 1.0827 34.5088 -0.0894 0.8898
65 0 Car -1 -1 3.5924 109.3331 181.7780 256.0455 242.5223 1.3917 4.1986 1.5967 -10.6711 1.4009 18.6235 3.0729 0.9117
65 0 Car -1 -1 0.6840 1037.3894 158.0067 1089.1132 176.4171 1.4941 3.8523 1.5973 38.8677 -0.4368 60.4187 1.2488 0.4375
65 0 Car -1 -1 0.9714 796.4774 170.1824 846.2903 187.3877 1.5354 4.1375 1.6540 20.0913 0.5258 65.5160 1.2629 0.5236
66 0 Car -1 -1 -0.2692 688.9247 175.0829 746.4061 208.3325 1.4296 4.1149 1.5774 4.8747 1.5399 33.4485 -0.1263 0.8767
66 0 Car -1 -1 0.6870 1050.0509 157.2724 1102.6436 176.4408 1.5497 3.7822 1.6298 38.5500 0.2903 59.6894 1.2582 0.4678
66 0 Car -1 -1 3.6542 39.3799 184.8959 220.9497 259.1934 1.4230 4.1553 1.6102 -10.8404 1.7362 16.6247 3.0834 0.9141
67 0 Car -1 -1 3.7087 0.0000 186.1083 173.2298 273.7355 1.4520 4.2359 1.6478 -10.9926 1.7636 14.7747 3.0774 0.9123
67 0 Car -1 -1 -0.2020 691.9057 176.1540 744.7582 209.8391 1.3990 4.0633 1.5449 4.7588 1.5572 32.4431 -0.0582 0.8839
67 0 Car -1 -1 0.9837 795.5698 170.9918 843.0530 187.3165 1.4121 3.8070 1.5517 18.4602 1.2514 63.7239 1.2642 0.7262
68 0 Car -1 -1 3.7679 0.0000 185.2635 112.9822 287.9361 1.4923 3.9654 1.6023 -11.0767 1.7514 13.0090 3.0726 0.8507
68 0 Car -1 -1 -0.1697 691.4727 172.9285 744.6912 207.5231 1.4100 4.1616 1.5958 4.6047 1.4138 31.5152 -0.0264 0.8874
69 0 Car -1 -1 1.0985 784.8736 168.3631 834.8727 185.9558 1.4879 3.8495 1.5946 17.1930 1.1084 62.1914 1.3667 0.5679
69 0 Car -1 -1 3.8791 0.0000 185.5634 49.9240 302.7150 1.4675 3.6502 1.5445 -10.9688 1.6990 11.2773 3.1194 0.5276
69 0 Car -1 -1 -0.1666 691.5654 171.7377 746.1640 209.0124 1.4663 4.0117 1.6090 4.4712 1.4227 30.4036 -0.0225 0.8781
70 0 Car -1 -1 -0.2435 681.0920 166.9444 745.5066 205.1086 1.4837 4.3826 1.6519 4.4390 0.9582 29.7434 -0.0951 0.8777
70 0 Car -1 -1 -1.8697 489.9259 172.5237 530.9159 187.9442 1.4664 3.6577 1.5386 -9.1584 0.7090 68.6896 -1.9999 0.3612
70 0 Car -1 -1 1.1150 770.6623 163.0291 817.6597 179.9892 1.4460 3.6389 1.5392 16.4471 -0.0440 61.4491 1.3770 0.3258
71 0 Car -1 -1 -2.3794 821.9743 164.9326 867.4747 182.4649 1.5711 4.0479 1.6400 21.5696 0.8616 66.3377 -2.0665 0.3555
71 0 Car -1 -1 -0.2377 693.3479 174.6577 756.1251 213.8024 1.4303 3.8842 1.5586 4.4164 1.5070 28.5479 -0.0864 0.8817
71 0 Car -1 -1 1.1553 774.4282 168.2629 826.3016 185.5621 1.4245 3.9039 1.5696 15.9221 1.0468 60.4966 1.4113 0.4975
72 0 Car -1 -1 0.7350 1084.1783 154.2902 1147.7234 178.3490 1.7684 4.0068 1.6632 38.0322 0.4043 54.2957 1.3435 0.5924
72 0 Car -1 -1 -0.2074 696.2574 174.4499 761.6967 214.9496 1.4232 4.1311 1.6282 4.4207 1.4893 27.6232 -0.0509 0.8921
72 0 Car -1 -1 1.1661 766.1965 168.0079 822.8898 186.7632 1.5243 4.2476 1.6411 15.2483 1.1308 59.7808 1.4144 0.5960
73 0 Car -1 -1 -0.2212 695.1682 177.2974 763.4797 219.9291 1.4324 4.0032 1.6291 4.2834 1.6100 26.7183 -0.0646 0.9042
73 0 Car -1 -1 3.5557 191.5267 189.2723 232.1836 208.9749 1.4932 3.7521 1.5723 -32.9937 2.8995 59.8468 3.0535 0.6763
74 0 Car -1 -1 0.9712 875.3879 160.9139 931.5479 180.4246 1.5076 3.8551 1.5962 23.5558 -0.0048 55.8061 1.3703 0.4264
74 0 Car -1 -1 1.2208 744.0608 167.5180 798.6042 186.2283 1.5063 4.0390 1.6259 13.6301 0.4624 57.9640 1.4523 0.6145
74 0 Car -1 -1 -2.2973 368.3698 179.5825 419.6859 198.6073 1.5236 4.0046 1.6413 -17.4701 1.4513 58.7510 -2.5832 0.5440
74 0 Car -1 -1 1.1007 492.3242 170.3565 559.1810 197.0823 1.5540 3.6952 1.6052 -4.7852 0.9655 42.7886 0.9919 0.3224
74 0 Car -1 -1 -0.2082 690.6072 173.8990 755.8845 214.8506 1.3761 3.9685 1.5389 4.1942 1.1558 25.7725 -0.0471 0.8846
75 0 Car -1 -1 -0.2313 700.1244 177.4496 774.4008 223.5633 1.4339 3.9274 1.6318 4.2401 1.6053 24.8467 -0.0649 0.8968
75 0 Car -1 -1 1.2401 747.9225 173.5487 803.8128 192.4114 1.4659 4.0093 1.6074 13.0928 1.5223 57.1589 1.4638 0.6242
76 0 Car -1 -1 0.7258 1105.4865 152.0175 1173.6726 176.9150 1.7014 4.0024 1.6198 38.0096 -0.3310 50.7390 1.3614 0.3573
76 0 Car -1 -1 1.2517 732.9315 171.2826 788.3678 189.2566 1.3857 3.9538 1.5615 12.4940 0.5985 56.3647 1.4640 0.6718
76 0 Car -1 -1 -2.1313 171.3345 185.0532 241.8993 206.5211 1.5668 4.5954 1.7008 -30.4860 1.8546 55.6453 -2.6356 0.4258
76 0 Car -1 -1 0.9660 869.0774 164.6673 924.9951 184.9276 1.5042 3.6802 1.5838 22.4351 0.2551 54.5039 1.3500 0.4722
76 0 Car -1 -1 -0.2464 695.4260 175.0159 773.4899 221.7536 1.4320 3.9729 1.6016 4.3247 1.2345 24.0484 -0.0755 0.8949
77 0 Car -1 -1 1.3143 736.0277 169.2512 792.7279 188.6616 1.4693 3.9915 1.5858 11.8223 1.1969 55.5021 1.5229 0.7071
77 0 Car -1 -1 -0.1959 705.8543 174.6734 782.3562 224.3951 1.4431 4.1051 1.6097 4.1514 1.5071 23.1598 -0.0213 0.9039
77 0 Car -1 -1 0.8842 877.2258 165.3769 940.6481 185.5586 1.4632 4.3079 1.6320 22.2238 0.9215 53.7197 1.2743 0.7379
77 0 Car -1 -1 0.7390 1120.6292 153.9103 1186.4219 176.6102 1.5372 3.7237 1.5376 37.5916 0.2547 49.9640 1.3812 0.7312
78 0 Car -1 -1 1.2794 721.9909 169.3180 782.4267 189.5506 1.5074 4.2057 1.6433 10.7454 1.2443 54.7808 1.4718 0.7307
78 0 Car -1 -1 -0.2364 706.6389 173.6832 791.2427 225.8448 1.4603 4.0377 1.6328 4.1376 1.4887 22.3243 -0.0562 0.9022
78 0 Car -1 -1 0.7449 1127.3707 152.9824 1195.1438 176.3013 1.5556 3.7435 1.5532 37.5589 0.2303 49.2237 1.3939 0.6364
79 0 Car -1 -1 -2.0833 1059.0396 160.2436 1117.6650 178.1097 1.4570 3.7627 1.5661 39.5555 0.4290 59.7532 -1.5009 0.4326
79 0 Car -1 -1 0.7057 1129.2762 153.1090 1201.9326 178.4178 1.6614 4.0366 1.6641 37.3780 0.3656 48.6028 1.3584 0.3438
79 0 Car -1 -1 -0.2408 709.2872 174.4340 798.5812 229.7806 1.4768 4.0424 1.6442 4.1066 1.5286 21.4302 -0.0547 0.9114
79 0 Car -1 -1 0.8745 867.1586 166.6421 931.8021 188.5966 1.5516 4.2837 1.6830 21.0144 1.1130 52.4600 1.2533 0.7384
80 0 Car -1 -1 -1.8704 362.0212 179.9753 418.4331 201.1594 1.4414 3.5875 1.5228 -15.8005 1.9695 51.8274 -2.1653 0.5942
80 0 Car -1 -1 -0.2395 711.7349 176.8685 805.6006 235.1506 1.4717 4.1085 1.6527 4.0663 1.5983 20.5969 -0.0481 0.9072
80 0 Car -1 -1 1.5177 709.1232 171.8174 763.3102 192.5205 1.4903 3.8341 1.5735 9.1964 1.4160 52.9429 1.6884 0.8426
80 0 Car -1 -1 0.8920 863.1959 166.3244 928.4691 188.7348 1.5629 4.2501 1.6695 20.4659 1.1079 51.7497 1.2664 0.5109
80 0 Car -1 -1 0.6911 1132.6244 153.2665 1207.7239 176.8882 1.5253 4.1947 1.6460 37.1063 0.2609 47.8545 1.3477 0.4602
81 0 Car -1 -1 -1.7194 359.4292 180.5045 414.7640 201.8756 1.4254 3.5239 1.5094 -15.6582 1.9776 50.5991 -2.0184 0.7750
81 0 Car -1 -1 -0.2571 714.0831 178.4353 812.6545 236.1718 1.3878 4.1419 1.6071 4.0375 1.5582 19.8653 -0.0602 0.9073
81 0 Car -1 -1 -1.6150 705.1570 170.6270 760.4163 192.1459 1.5213 3.8572 1.5925 8.7877 1.3642 52.0325 -1.4490 0.5893
81 0 Car -1 -1 0.7441 1137.2863 156.9378 1213.2933 182.0905 1.6010 3.9930 1.6374 36.8158 0.5883 47.0609 1.4049 0.3273
81 0 Car -1 -1 0.8593 857.7365 168.7704 919.5761 190.0709 1.4634 4.0131 1.5957 19.6653 1.1832 50.9996 1.2251 0.6205
82 0 Car -1 -1 0.8224 855.4136 167.9329 919.5638 190.6736 1.5368 4.1774 1.6426 19.3179 1.2046 50.3018 1.1868 0.5976
82 0 Car -1 -1 1.5825 695.9013 171.8648 755.8673 193.4927 1.4973 4.1272 1.6201 8.1713 1.4292 51.0958 1.7398 0.7118
82 0 Car -1 -1 -1.8249 367.5061 181.9262 426.5334 203.6196 1.4147 3.6558 1.5287 -14.7723 2.0637 49.9834 -2.1112 0.4291
82 0 Car -1 -1 -0.2446 718.0107 178.0210 820.5118 239.9052 1.4221 4.1256 1.6380 4.0072 1.5737 19.0230 -0.0409 0.8987
83 0 Car -1 -1 1.6300 676.0444 174.0069 734.8664 194.7427 1.4107 3.9769 1.5582 7.2725 0.9016 50.0234 1.7687 0.7746
83 0 Car -1 -1 0.9040 846.9279 166.5952 914.0059 189.8504 1.5617 4.1905 1.6786 19.2965 0.5614 49.6629 1.2679 0.6893
83 0 Car -1 -1 -0.2395 713.0970 178.9574 818.9119 240.5454 1.3809 4.2323 1.5886 3.9933 1.3251 18.2444 -0.0323 0.9005
84 0 Car -1 -1 1.4887 329.4411 180.3789 377.7051 197.1149 1.5439 4.2699 1.6710 -24.7750 2.2880 69.6717 1.1479 0.4195
84 0 Car -1 -1 1.6352 672.6904 172.2491 738.2183 195.3244 1.5343 4.3343 1.6889 6.5006 1.4944 49.2199 1.7654 0.7606
84 0 Car -1 -1 0.9157 842.4769 166.9429 905.8418 190.7497 1.5774 3.8675 1.6258 17.9618 1.1861 49.1633 1.2638 0.8100
84 0 Car -1 -1 -0.2714 724.6401 178.5721 838.8867 244.8861 1.3785 4.1204 1.5853 3.9479 1.5339 17.4584 -0.0534 0.9101
84 0 Car -1 -1 0.7219 1154.4261 157.7953 1235.4938 183.9987 1.5870 4.0596 1.6522 36.3111 0.6753 44.8587 1.3991 0.7970
84 0 Car -1 -1 -1.6862 362.7188 180.4175 423.1581 203.2809 1.4392 3.6829 1.5328 -14.4092 1.9556 47.7965 -1.9778 0.4150
85 0 Car -1 -1 -2.3046 278.4117 183.3597 336.1039 204.2406 1.3858 3.7802 1.5281 -21.7790 2.1726 51.9686 -2.6999 0.3914
85 0 Car -1 -1 0.6886 1159.3210 158.2639 1236.5276 184.0345 1.5377 3.8532 1.5892 35.9780 0.6675 44.2177 1.3683 0.7867
85 0 Car -1 -1 -1.6406 361.5075 183.4265 426.2789 206.4535 1.4083 3.9308 1.5521 -14.0649 2.1159 46.8478 -1.9311 0.3329
85 0 Car -1 -1 -0.2761 727.0142 178.5898 849.8820 250.1737 1.4122 4.1872 1.6175 3.9081 1.5623 16.7056 -0.0510 0.9047
85 0 Car -1 -1 1.7950 661.2481 171.3260 726.9664 195.8913 1.5918 4.0935 1.6792 5.5964 1.4932 48.2245 1.9095 0.7755
85 0 Car -1 -1 0.8967 828.3218 169.1065 890.6643 191.8007 1.4904 3.8335 1.5883 16.8329 1.2447 48.7777 1.2269 0.7193
86 0 Car -1 -1 -1.8253 370.3467 180.7137 434.7083 204.4271 1.4422 3.7180 1.5710 -13.4127 1.9676 46.5757 -2.1046 0.4339
86 0 Car -1 -1 1.8265 650.0871 171.1790 722.5211 195.9080 1.5637 4.4262 1.7032 4.9615 1.4581 47.1982 1.9302 0.7805
86 0 Car -1 -1 0.7026 1158.5583 157.1808 1236.5449 184.5352 1.6123 3.7440 1.6364 35.5149 0.6889 43.6818 1.3819 0.3582
86 0 Car -1 -1 -0.2693 731.0153 179.0615 861.0550 255.9862 1.4355 4.2261 1.6476 3.8752 1.5916 15.9493 -0.0361 0.9058
86 0 Car -1 -1 0.9121 825.3844 167.9169 887.5302 190.9929 1.4956 3.7384 1.5829 16.4013 1.1760 48.1209 1.2384 0.8047
87 0 Car -1 -1 1.0286 818.8308 167.5273 889.0176 192.6301 1.6106 4.1159 1.6632 16.0274 1.2692 47.5504 1.3516 0.8289
87 0 Car -1 -1 -0.2636 738.4006 178.2745 868.5399 257.9153 1.4292 3.9861 1.6017 3.8554 1.5591 15.2289 -0.0211 0.9058
87 0 Car -1 -1 -1.9487 66.3275 184.1107 152.2139 209.7607 1.4816 4.1720 1.6288 -31.7290 2.2304 45.7819 -2.5522 0.4056
87 0 Car -1 -1 1.8798 639.9392 172.2346 709.0479 197.0982 1.5372 4.0959 1.6520 4.0930 1.4992 46.1585 1.9673 0.8367
87 0 Car -1 -1 -1.4986 364.0943 179.6631 427.6542 203.5724 1.4429 3.7277 1.5315 -13.4377 1.8820 45.3397 -1.7855 0.7934
88 0 Car -1 -1 0.7530 974.9321 167.2248 1047.3967 191.8822 1.4888 4.0527 1.6201 24.9596 1.1493 44.9610 1.2567 0.3296
88 0 Car -1 -1 1.0558 813.9673 168.3389 883.0520 192.5961 1.5377 3.9837 1.6254 15.4625 1.2518 46.9271 1.3719 0.8094
88 0 Car -1 -1 -1.4729 368.5405 180.5173 431.0133 203.9804 1.3903 3.5706 1.4948 -12.9552 1.8747 44.5084 -1.7549 0.6095
88 0 Car -1 -1 0.6881 1162.5773 159.0829 1238.0000 184.3622 1.4486 3.6073 1.5422 34.7103 0.6598 42.4605 1.3699 0.5960
88 0 Car -1 -1 2.0676 627.3353 173.0172 700.2896 198.1451 1.5113 4.2917 1.6581 3.3212 1.5223 45.2714 2.1399 0.7598
88 0 Car -1 -1 -0.2840 740.6675 179.3698 882.9352 263.0035 1.4129 4.1688 1.5935 3.8374 1.5644 14.6250 -0.0332 0.9057
89 0 Car -1 -1 0.6657 1164.5649 157.6173 1238.0000 184.8221 1.5361 3.6925 1.5885 34.4463 0.6761 41.9184 1.3500 0.4504
89 0 Car -1 -1 3.5491 267.0774 180.8222 320.6625 206.0858 1.5612 4.3055 1.6988 -21.0265 2.1166 48.1014 3.1387 0.6308
89 0 Car -1 -1 2.0769 611.2688 171.8433 687.3377 199.5276 1.6168 4.3363 1.7323 2.3431 1.5581 44.0186 2.1293 0.7144
89 0 Car -1 -1 -0.2796 742.7556 179.2637 895.2787 269.1972 1.4333 4.3092 1.6200 3.7730 1.5771 13.9782 -0.0222 0.9072
89 0 Car -1 -1 -1.4636 371.4104 178.3831 437.4598 203.8792 1.4965 3.7191 1.5517 -12.4892 1.8414 43.8917 -1.7396 0.7244
89 0 Car -1 -1 1.0659 805.0036 168.6894 876.3482 193.1314 1.5298 4.0892 1.6310 14.7715 1.2695 46.3612 1.3722 0.8507
89 0 Car -1 -1 0.7782 969.5426 167.4559 1039.1593 191.1528 1.4147 3.7994 1.5374 24.2067 1.0928 44.3637 1.2747 0.6426
90 0 Car -1 -1 3.3340 41.0829 191.2126 86.8448 217.7073 1.4833 3.8219 1.5816 -34.2643 2.6894 45.3185 2.6893 0.4897
90 0 Car -1 -1 0.7800 968.4258 167.6472 1041.4873 191.7851 1.4224 3.9701 1.5586 23.9547 1.1159 43.8358 1.2771 0.7539
90 0 Car -1 -1 1.1030 796.5021 168.4518 863.2982 192.6611 1.5001 3.7433 1.5886 13.9102 1.2276 45.8132 1.3957 0.7543
90 0 Car -1 -1 -1.4298 378.4892 179.2821 443.9183 203.6594 1.4096 3.5999 1.5252 -11.8979 1.8038 43.2215 -1.6972 0.6555
90 0 Car -1 -1 -0.3151 751.0873 179.1363 913.9988 272.7265 1.4185 4.0333 1.6021 3.8142 1.5522 13.2568 -0.0418 0.9130
90 0 Car -1 -1 2.0799 604.8573 174.5428 679.3433 201.1449 1.5086 4.1438 1.6584 1.8570 1.6136 42.9347 2.1224 0.8068
90 0 Car -1 -1 3.1998 282.8594 179.4779 314.5585 205.7476 1.5880 4.2828 1.6462 -20.2865 2.0415 47.0637 2.7946 0.7121
90 0 Car -1 -1 3.7084 60.2568 188.0504 134.0249 215.7868 1.5123 4.1971 1.6471 -31.0670 2.4804 43.8122 3.0943 0.5419
91 0 Car -1 -1 -2.3713 8.2711 189.8645 87.1479 217.2388 1.5273 3.8773 1.6121 -34.8278 2.6308 44.7758 -3.0297 0.6507
91 0 Car -1 -1 2.1026 594.0745 174.1759 667.1158 201.7301 1.5283 3.9653 1.6234 1.1441 1.6087 41.9233 2.1292 0.8696
91 0 Car -1 -1 1.1391 786.9250 167.2448 861.8345 194.0164 1.6381 4.1845 1.6892 13.3968 1.2953 45.2879 1.4247 0.8202
91 0 Car -1 -1 -1.6033 236.6399 181.2292 308.0019 207.2496 1.5429 4.0115 1.6571 -21.3048 2.0904 45.4864 -2.0393 0.3952
91 0 Car -1 -1 -0.3376 753.4485 180.0734 935.3275 282.7272 1.4511 4.1614 1.6381 3.7908 1.5989 12.6165 -0.0531 0.9028
91 0 Car -1 -1 3.6551 56.0877 190.1163 126.7431 217.9519 1.4795 4.1025 1.6123 -30.9137 2.5620 43.1074 3.0357 0.5620
91 0 Car -1 -1 -1.7988 382.4959 178.6820 454.2171 205.0569 1.4845 3.8598 1.6224 -11.4314 1.8448 42.9446 -2.0578 0.5706
91 0 Car -1 -1 0.7892 961.5395 166.7711 1041.1124 192.1070 1.4751 4.3103 1.6406 23.4996 1.1213 43.4055 1.2823 0.7388
92 0 Car -1 -1 0.6702 1166.3796 158.5316 1238.0000 185.9138 1.4922 3.3753 1.5307 33.2507 0.7121 40.4270 1.3549 0.4302
92 0 Car -1 -1 -0.3452 758.9216 180.1733 952.5478 288.8251 1.4451 4.2199 1.6111 3.7683 1.5893 12.0305 -0.0496 0.9121
92 0 Car -1 -1 0.8146 963.1077 168.9326 1043.5072 194.2758 1.4564 4.2373 1.6192 23.2802 1.2314 42.7916 1.3097 0.7394
92 0 Car -1 -1 -1.6850 287.2621 183.1413 349.2087 206.1798 1.4318 3.6531 1.5178 -19.3316 2.1349 47.7503 -2.0681 0.3407
92 0 Car -1 -1 1.1777 780.4558 167.0298 853.1017 193.4702 1.5992 3.9919 1.6670 12.7487 1.2473 44.7006 1.4535 0.8111
92 0 Car -1 -1 -1.2977 385.1395 178.8679 455.5177 204.8303 1.4676 3.6743 1.5655 -11.0328 1.8247 41.9767 -1.5535 0.6871
92 0 Car -1 -1 3.6887 44.7737 189.3444 120.3325 217.9873 1.4989 4.2299 1.6136 -30.9398 2.5188 42.4316 3.0614 0.4643
92 0 Car -1 -1 3.7751 3.8870 192.2937 79.2686 220.5540 1.5409 3.9023 1.6094 -34.6175 2.7807 44.0287 3.1116 0.5813
92 0 Car -1 -1 2.1943 581.8784 176.1908 653.1496 201.6430 1.3609 3.8641 1.5239 0.3639 1.5580 40.7934 2.2027 0.8624
92 0 Car -1 -1 -1.6955 233.7408 182.0501 305.4480 207.1015 1.4447 3.8398 1.5760 -21.0301 2.0344 44.5422 -2.1346 0.7659
93 0 Car -1 -1 -1.8057 0.0000 192.7307 60.6502 221.4121 1.5234 3.8489 1.6088 -35.4783 2.7677 43.1369 -2.4911 0.6611
93 0 Car -1 -1 1.2499 770.3707 168.5124 846.7267 194.5992 1.5624 4.1892 1.6790 12.0834 1.3027 44.1671 1.5149 0.8601
93 0 Car -1 -1 3.6807 30.2886 187.3106 107.7097 216.7225 1.5293 4.2348 1.6430 -31.3014 2.4122 41.8551 3.0415 0.5733
93 0 Car -1 -1 -0.3266 765.7985 179.0656 965.6580 296.3119 1.4764 4.1112 1.6184 3.6973 1.5925 11.3748 -0.0210 0.9174
93 0 Car -1 -1 2.2256 568.0916 175.6863 644.8311 203.1030 1.4236 4.0900 1.6056 -0.2620 1.5873 39.7246 2.2186 0.8261
93 0 Car -1 -1 -1.6586 230.8994 183.1658 303.6158 209.3780 1.4817 3.8608 1.5929 -20.8034 2.1311 43.7533 -2.1004 0.5181
93 0 Car -1 -1 0.5833 1173.8483 159.2343 1238.0000 187.1112 1.4866 3.5971 1.5498 33.1375 0.7606 39.7406 1.2746 0.4318
93 0 Car -1 -1 -1.3118 392.2726 179.8034 465.9393 205.6837 1.4499 3.8525 1.5760 -10.4444 1.8595 41.6747 -1.5563 0.5124
93 0 Car -1 -1 -2.3217 972.5751 167.1933 1048.6395 191.9632 1.4067 3.8893 1.5418 23.3823 1.0856 42.1984 -1.8189 0.6247
94 0 Car -1 -1 -1.6714 227.0918 180.2461 303.9304 207.5795 1.5276 3.9919 1.5960 -20.5305 1.9858 42.9675 -2.1150 0.8504
94 0 Car -1 -1 1.2765 762.9652 168.0769 835.4136 194.0982 1.5407 3.9326 1.6213 11.3660 1.2583 43.6114 1.5295 0.8493
94 0 Car -1 -1 2.3313 555.8838 176.2154 629.3062 202.8917 1.3406 3.9618 1.5311 -1.0068 1.5297 38.6303 2.3050 0.8770
94 0 Car -1 -1 0.7008 1167.4618 156.7039 1238.0000 185.7743 1.5418 3.4458 1.5424 32.5365 0.6856 39.3366 1.3881 0.7554
94 0 Car -1 -1 -1.7038 277.4184 186.3157 345.7450 211.4394 1.4856 3.8576 1.5999 -19.0845 2.3769 46.0956 -2.0946 0.3118
94 0 Car -1 -1 -0.3812 773.2453 181.2191 994.4106 299.7423 1.3807 4.0503 1.5677 3.7287 1.5298 10.7611 -0.0571 0.9009
94 0 Car -1 -1 -1.2809 396.2436 181.3972 471.0431 207.1939 1.4129 3.8401 1.5652 -10.0161 1.9089 40.9791 -1.5195 0.7104
94 0 Car -1 -1 0.7622 950.9617 165.0328 1031.1788 191.7005 1.4985 4.2556 1.6576 22.1485 1.0594 42.0098 1.2442 0.5495
95 0 Car -1 -1 3.7859 7.5681 188.2480 94.5480 218.0065 1.4973 4.2505 1.6410 -31.3934 2.4104 40.6438 3.1312 0.5789
95 0 Car -1 -1 2.3508 540.9262 175.6311 618.6025 204.2695 1.3961 4.1080 1.5784 -1.6519 1.5484 37.5166 2.3066 0.8708
95 0 Car -1 -1 -1.6595 226.8076 180.6049 303.9371 208.4737 1.5278 3.9456 1.6026 -20.1678 1.9995 42.1855 -2.1032 0.7811
95 0 Car -1 -1 1.3402 753.9075 167.5153 829.3560 194.3899 1.5703 4.0846 1.6747 10.7516 1.2587 43.0209 1.5832 0.8263
95 0 Car -1 -1 -1.1629 406.4274 181.4506 475.2717 206.2927 1.3340 3.4673 1.4573 -9.5054 1.8289 40.4777 -1.3925 0.7511
95 0 Car -1 -1 -1.7348 263.2591 185.1973 333.6751 211.2461 1.5107 3.8427 1.5678 -19.5077 2.3124 45.1468 -2.1408 0.5579
95 0 Car -1 -1 -0.3678 779.8151 183.7865 1010.9236 311.6980 1.3909 4.0331 1.5701 3.6762 1.5772 10.2334 -0.0331 0.9120
96 0 Car -1 -1 2.4375 527.2197 176.0629 603.4627 206.0943 1.4139 4.0291 1.6078 -2.3380 1.5851 36.4037 2.3733 0.8793
96 0 Car -1 -1 1.3828 744.3272 168.3483 820.9385 195.4651 1.5605 4.1417 1.6556 10.0711 1.3016 42.4357 1.6139 0.7864
96 0 Car -1 -1 -0.3827 786.2208 180.2887 1043.5853 322.6044 1.4663 4.1266 1.6235 3.6983 1.5885 9.7366 -0.0307 0.9180
96 0 Car -1 -1 1.0405 926.1150 163.9066 1008.4261 190.8835 1.5217 3.9987 1.6020 20.5504 1.0173 41.6447 1.4959 0.4466
96 0 Car -1 -1 -1.1655 417.3947 180.8169 485.9423 206.6434 1.3788 3.4259 1.4816 -8.8415 1.8346 40.2157 -1.3809 0.7345
96 0 Car -1 -1 -1.5359 223.6414 181.2844 299.9312 208.3062 1.4521 3.8581 1.5791 -19.8451 1.9513 41.1992 -1.9825 0.7544
97 0 Car -1 -1 0.3800 418.7236 176.2510 473.3161 205.0108 1.5212 4.0495 1.6198 -9.2355 1.7237 40.7927 0.1584 0.6805
97 0 Car -1 -1 0.4207 573.0279 176.4718 604.8567 193.1028 1.4950 3.7743 1.5884 -1.9653 1.8456 67.7956 0.3915 0.3494
97 0 Car -1 -1 -2.2104 922.3487 169.5782 1000.7294 196.9163 1.5158 3.8045 1.6274 19.9979 1.3345 41.1633 -1.7613 0.3833
97 0 Car -1 -1 -0.4056 792.9907 180.6969 1072.6404 336.2845 1.5056 4.0082 1.6594 3.6888 1.6282 9.2177 -0.0370 0.9157
97 0 Car -1 -1 2.4775 512.7286 175.2833 590.0406 206.4048 1.4201 4.0626 1.5958 -2.9545 1.5460 35.2704 2.3941 0.8781
97 0 Car -1 -1 1.4162 733.0961 168.0750 811.6146 195.3916 1.5488 4.2329 1.6838 9.3373 1.2782 41.8815 1.6337 0.8680
97 0 Car -1 -1 -1.7077 222.2587 180.3138 303.3189 208.5975 1.4867 3.9308 1.6021 -19.5492 1.9249 40.5978 -2.1542 0.8202
98 0 Car -1 -1 0.3013 420.1334 171.4260 497.2166 219.8676 1.5907 3.8581 1.6063 -5.2516 1.1390 25.6020 0.1007 0.3803
98 0 Car -1 -1 2.2793 430.3782 176.8182 500.9669 204.1714 1.4537 3.7172 1.5525 -7.9053 1.0085 39.7880 2.0841 0.5256
98 0 Car -1 -1 2.7525 574.6574 174.5726 606.3654 191.1656 1.5030 3.9069 1.5967 -1.6522 0.5401 67.2186 2.7277 0.5544
98 0 Car -1 -1 1.4982 721.9426 169.2820 795.5944 195.9607 1.4909 4.0216 1.6176 8.5805 0.6016 41.2324 1.7017 0.8450
98 0 Car -1 -1 -1.6403 247.8051 181.2652 320.1879 206.7197 1.4919 3.9189 1.5917 -19.7228 1.2615 43.7555 -2.0618 0.4050
98 0 Car -1 -1 2.5556 496.5692 176.1001 573.0395 207.9435 1.4145 4.0930 1.5957 -3.5425 1.0107 34.0138 2.4523 0.8893
98 0 Car -1 -1 -1.6439 218.7508 178.7684 297.9599 208.5088 1.5801 3.8467 1.5609 -19.3729 1.2387 39.8273 -2.0943 0.8120
98 0 Car -1 -1 -2.3372 911.1010 166.8598 987.2209 193.8919 1.4856 3.8772 1.6206 19.3867 0.4779 40.8914 -1.8975 0.6057
98 0 Car -1 -1 -0.4423 795.6485 185.5403 1104.6483 346.1965 1.4810 4.0654 1.6281 3.6688 1.4870 8.7060 -0.0553 0.9049
99 0 Car -1 -1 2.7858 574.5667 175.6163 605.8538 192.4414 1.4906 3.9591 1.6105 -1.8835 1.7548 66.7616 2.7573 0.5572
99 0 Car -1 -1 2.6140 486.4343 177.9040 560.9305 210.0633 1.3434 4.0249 1.5445 -4.0297 1.5883 32.8587 2.4925 0.8906
99 0 Car -1 -1 0.8405 901.8933 167.0071 981.3690 194.6932 1.4954 3.9793 1.6161 18.4945 1.1799 40.3339 1.2674 0.7590
99 0 Car -1 -1 1.4545 224.0892 184.0639 299.0080 211.5715 1.3796 3.5029 1.4794 -18.8641 2.0104 39.0180 1.0066 0.5446
99 0 Car -1 -1 -0.4467 805.6251 186.4013 1144.8385 360.3572 1.3939 4.1986 1.5989 3.6355 1.5891 8.2446 -0.0456 0.9083
99 0 Car -1 -1 1.5401 713.7153 168.5351 789.0677 197.2672 1.5743 4.0868 1.6389 7.8880 1.3380 40.6644 1.7299 0.8741
99 0 Car -1 -1 3.7170 0.0000 182.1634 54.5324 213.7745 1.5392 3.8513 1.6249 -31.6693 2.0598 38.3157 3.0295 0.4106
99 0 Car -1 -1 -1.6913 244.8089 182.7277 315.4199 209.2493 1.4813 3.6806 1.5521 -19.7364 2.0940 43.1239 -2.1185 0.5148
100 0 Car -1 -1 3.7078 0.0000 181.3713 54.3119 211.3550 1.4751 3.5875 1.5672 -31.6450 1.9513 38.4341 3.0222 0.4370
100 0 Car -1 -1 2.6887 469.0804 178.5553 542.1864 213.4519 1.3955 3.9937 1.5744 -4.6768 1.6623 31.6280 2.5426 0.8887
100 0 Car -1 -1 1.5830 702.4230 168.5442 779.0375 198.8284 1.6305 4.0986 1.6514 7.2065 1.3988 40.0393 1.7594 0.8493
100 0 Car -1 -1 -1.6271 217.4724 183.0564 297.6559 212.3170 1.4464 3.7525 1.5475 -18.7622 2.0117 38.3615 -2.0796 0.8707
100 0 Car -1 -1 -0.4691 808.9767 188.4544 1186.3248 374.0000 1.4196 4.3301 1.6211 3.6314 1.6383 7.8903 -0.0530 0.8900
100 0 Car -1 -1 0.9395 893.2882 169.0869 981.1588 196.5302 1.4737 4.3078 1.6315 18.0808 1.2718 39.9911 1.3611 0.8329
101 0 Car -1 -1 -0.4962 826.9292 188.7202 1230.5739 374.0000 1.3863 4.0599 1.5851 3.6436 1.5933 7.3281 -0.0518 0.9037
101 0 Car -1 -1 2.6818 451.6661 177.6197 529.8095 215.9819 1.4879 4.0704 1.6283 -5.1692 1.7047 30.6379 2.5155 0.8517
101 0 Car -1 -1 1.6350 689.8813 169.0467 768.1747 200.3624 1.6568 4.1285 1.6306 6.4868 1.4557 39.4269 1.7964 0.8389
101 0 Car -1 -1 0.9083 885.4119 170.1721 977.6987 198.6615 1.5119 4.5708 1.6848 17.6259 1.3699 39.6649 1.3234 0.7231
101 0 Car -1 -1 -1.6279 214.1490 179.8982 302.7664 211.1704 1.5329 4.0954 1.6222 -18.4557 1.9193 37.8385 -2.0792 0.8121
102 0 Car -1 -1 3.2443 504.4001 177.9302 541.1239 207.5467 1.5319 3.8589 1.6306 -4.8137 1.8268 39.9270 3.1246 0.3562
102 0 Car -1 -1 1.6564 678.1590 168.5190 756.2894 201.0030 1.6877 4.0273 1.6489 5.7410 1.4628 38.7488 1.8020 0.8263
102 0 Car -1 -1 2.7784 435.1934 177.5047 509.8500 216.6380 1.4370 4.1113 1.6000 -5.6706 1.6394 29.1776 2.5876 0.8732
102 0 Car -1 -1 -1.5519 217.5958 182.6091 299.6978 212.7327 1.4447 3.7197 1.5546 -18.0155 1.9660 37.0463 -2.0020 0.7880
102 0 Car -1 -1 0.9335 876.8057 172.3031 962.5364 200.7351 1.5027 4.1586 1.6223 16.8605 1.4740 39.4076 1.3347 0.6511
102 0 Car -1 -1 -0.5143 834.7110 189.3546 1238.0000 374.0000 1.4035 4.0549 1.5926 3.5920 1.6076 6.8435 -0.0497 0.9040
103 0 Car -1 -1 -0.5477 826.4688 188.6645 1238.0000 374.0000 1.4055 4.1414 1.5716 3.5434 1.5068 6.5044 -0.0673 0.8875
103 0 Car -1 -1 2.6843 476.0725 174.8717 535.8194 204.4947 1.5398 4.0184 1.6492 -5.5073 1.2486 38.8728 2.5464 0.5016
103 0 Car -1 -1 -1.5283 215.5189 179.9171 299.4138 209.1717 1.4457 3.8075 1.5570 -17.8235 1.4184 36.4059 -1.9784 0.8405
103 0 Car -1 -1 2.8341 412.2543 178.2565 483.3617 215.3398 1.3522 4.1284 1.5688 -6.3103 1.2719 27.9553 2.6163 0.8664
103 0 Car -1 -1 2.2312 0.0000 176.9092 31.8951 207.4857 1.5731 3.8460 1.6662 -32.8922 1.3898 37.3107 1.5146 0.3517
103 0 Car -1 -1 1.7560 655.5301 164.7530 738.0521 196.9823 1.6707 4.1711 1.6800 4.9438 0.8558 38.0917 1.8858 0.8888
103 0 Car -1 -1 0.9493 859.1769 166.7035 947.0079 194.2323 1.4715 4.3372 1.6272 16.4429 0.7354 39.0649 1.3465 0.8427
104 0 Car -1 -1 -0.5698 860.9247 188.4275 1238.0000 374.0000 1.4498 3.9305 1.5699 3.5899 1.6230 6.0024 -0.0533 0.8926
104 0 Car -1 -1 0.9897 859.4380 168.9203 952.1934 199.4430 1.5867 4.4212 1.6739 15.8296 1.3825 38.7574 1.3744 0.8365
104 0 Car -1 -1 1.8099 651.9228 169.3523 737.9934 203.0977 1.6798 4.1552 1.6822 4.3739 1.5058 37.4237 1.9249 0.8690
104 0 Car -1 -1 -1.5026 216.9929 180.9604 303.9416 213.9037 1.5449 3.8002 1.5762 -17.3810 1.9656 35.9770 -1.9500 0.7731
104 0 Car -1 -1 2.2279 488.1740 177.9079 562.1424 207.6859 1.5021 3.7291 1.5975 -4.5886 1.7843 38.5940 2.1099 0.6866
104 0 Car -1 -1 -0.0140 227.9059 181.7265 249.2895 200.5138 1.4805 3.6211 1.5505 -31.2734 2.2511 60.6734 -0.4884 0.5314
104 0 Car -1 -1 2.9418 401.0464 178.3940 463.7644 221.3706 1.4334 3.6992 1.5325 -6.6445 1.6533 26.5786 2.6987 0.8675
105 0 Car -1 -1 1.8603 640.6450 168.8126 726.2214 205.2105 1.7769 4.0392 1.6306 3.7016 1.5800 36.7420 1.9594 0.8759
105 0 Car -1 -1 -1.5348 217.2120 180.5152 307.7946 213.8314 1.5319 3.9238 1.6076 -16.9999 1.9242 35.3906 -1.9799 0.7635
105 0 Car -1 -1 1.0046 850.2444 170.3656 945.8420 198.6320 1.4573 4.5507 1.6682 15.2878 1.3294 38.4480 1.3801 0.8574
105 0 Car -1 -1 3.0020 382.4665 179.5083 444.9817 224.8526 1.4196 3.9725 1.5735 -7.0062 1.6735 25.3491 2.7346 0.9027
105 0 Car -1 -1 2.2677 499.6738 175.9297 572.0956 205.7597 1.5096 3.6908 1.5847 -4.0150 1.6814 38.5479 2.1642 0.7294
105 0 Car -1 -1 -0.5840 861.8284 189.2155 1238.0000 374.0000 1.4570 4.2157 1.5823 3.5728 1.6365 5.7507 -0.0519 0.8613
106 0 Car -1 -1 -0.6216 874.6733 185.3810 1238.0000 374.0000 1.4613 4.2681 1.6063 3.5737 1.5914 5.2992 -0.0547 0.8847
106 0 Car -1 -1 1.0158 844.4934 170.6396 939.0744 199.4153 1.4717 4.4586 1.6504 14.8271 1.3588 38.1238 1.3838 0.8325
106 0 Car -1 -1 -1.5122 223.1422 182.1414 310.3086 213.6155 1.4225 3.7140 1.5335 -16.5296 1.8893 34.8383 -1.9525 0.7878
106 0 Car -1 -1 1.4573 201.1209 179.5060 258.3624 198.8092 1.4874 3.9597 1.5868 -30.8811 2.0442 58.5825 0.9739 0.3388
106 0 Car -1 -1 -0.8396 513.8011 176.8612 581.6555 204.6819 1.4039 3.4916 1.5121 -3.3833 1.6275 38.5367 -0.9270 0.8069
106 0 Car -1 -1 1.8986 629.6392 169.6557 716.0800 204.9204 1.6884 4.0025 1.6081 3.1019 1.5356 36.0819 1.9832 0.8559
106 0 Car -1 -1 3.0756 358.6732 180.6838 413.4474 227.8825 1.3909 3.5114 1.4923 -7.4848 1.6703 23.7999 2.7736 0.9069
107 0 Car -1 -1 2.2778 523.3586 174.8427 594.1522 203.2962 1.4476 3.6561 1.5406 -2.8041 1.5592 38.6488 2.2055 0.7640
107 0 Car -1 -1 -0.6530 894.3096 184.7320 1238.0000 374.0000 1.4616 3.8533 1.5556 3.6019 1.5787 5.1124 -0.0670 0.8464
107 0 Car -1 -1 1.0622 835.1987 169.8735 930.8087 199.7099 1.5156 4.4346 1.6755 14.2383 1.3646 37.8122 1.4194 0.8405
107 0 Car -1 -1 -1.4720 223.1788 180.6113 315.0835 213.3868 1.4719 3.8265 1.5473 -16.2098 1.8569 34.4113 -1.9095 0.8138
107 0 Car -1 -1 3.1226 338.0483 180.4731 395.4860 231.9260 1.4227 3.9560 1.5731 -7.7310 1.6853 22.7049 2.7975 0.9108
107 0 Car -1 -1 1.9817 617.6201 169.4711 705.7092 204.5719 1.6406 3.9973 1.6040 2.4807 1.4829 35.3562 2.0507 0.8943
108 0 Car -1 -1 1.0870 827.1381 170.9249 921.9798 198.7952 1.4046 4.3764 1.6155 13.6664 1.3078 37.4606 1.4339 0.8494
108 0 Car -1 -1 3.1963 305.3067 180.0670 371.2954 234.7722 1.4166 3.9450 1.5959 -7.9945 1.6517 21.3611 2.8418 0.9150
108 0 Car -1 -1 -1.4638 223.0845 178.7728 323.4316 212.6290 1.5101 4.1467 1.6203 -15.8605 1.8020 34.1112 -1.8964 0.7610
108 0 Car -1 -1 2.0369 604.0923 169.8674 692.9745 205.4901 1.6250 3.9695 1.5712 1.7896 1.4891 34.5758 2.0877 0.9017
108 0 Car -1 -1 0.7550 1091.1641 160.7601 1184.2046 192.5552 1.4924 3.6903 1.5369 25.5102 0.9251 34.9675 1.3811 0.7218
108 0 Car -1 -1 2.2724 533.6768 175.2637 602.0735 202.3512 1.3756 3.5193 1.4888 -2.3106 1.5103 38.5816 2.2125 0.7829
108 0 Car -1 -1 -0.6764 907.3005 183.9352 1238.0000 374.0000 1.4837 4.0387 1.5790 3.6340 1.5893 4.7878 -0.0573 0.7391
109 0 Car -1 -1 1.1502 805.9355 165.4353 900.6199 194.7206 1.4994 4.4042 1.6689 13.0141 0.7295 37.2142 1.4857 0.8856
109 0 Car -1 -1 3.2848 265.1393 181.5152 348.5497 235.8057 1.3642 4.0314 1.5768 -8.3385 1.3975 19.9874 2.8970 0.9041
109 0 Car -1 -1 -0.7183 917.5396 187.6551 1238.0000 374.0000 1.4358 4.0372 1.5636 3.6060 1.5018 4.2888 -0.0530 0.8184
109 0 Car -1 -1 1.7800 229.3677 177.9193 316.6598 208.9485 1.4264 3.5197 1.5057 -15.7362 1.3092 33.6213 1.3476 0.7434
109 0 Car -1 -1 2.0920 586.3173 165.9734 674.3593 201.6878 1.6213 3.9486 1.5702 1.1715 0.9633 33.8020 2.1281 0.8904
109 0 Car -1 -1 2.3019 538.1910 170.4098 606.9804 198.3143 1.4566 3.6628 1.5442 -1.8102 0.9313 38.6596 2.2572 0.7312
109 0 Car -1 -1 0.7565 1066.6890 156.9810 1165.2207 193.5742 1.7361 4.0156 1.6098 25.0458 0.6217 34.7134 1.3788 0.3292
110 0 Car -1 -1 1.1754 807.7847 171.3509 901.8709 199.8125 1.4182 4.2648 1.6157 12.4454 1.3436 36.9103 1.4978 0.8558
110 0 Car -1 -1 -0.7090 944.7909 190.0224 1238.0000 374.0000 1.4345 3.6037 1.4934 3.5727 1.5801 4.2660 -0.0461 0.7806
110 0 Car -1 -1 2.6995 555.0657 176.7636 610.5547 205.7764 1.4697 3.6779 1.5731 -1.5573 1.6926 39.0791 2.6594 0.7082
110 0 Car -1 -1 0.7229 1082.3922 162.7560 1178.1262 197.3581 1.5969 3.8569 1.5610 24.8130 1.1312 34.4935 1.3423 0.4904
110 0 Car -1 -1 2.1690 579.6371 172.6500 671.7629 208.3313 1.5486 4.0114 1.6190 0.6495 1.5401 33.1338 2.1879 0.8859
110 0 Car -1 -1 3.3544 225.9431 180.9206 327.9383 244.9523 1.4253 3.9169 1.5735 -8.5168 1.6575 18.6614 2.9313 0.9063
111 0 Car -1 -1 3.4202 181.2215 181.2567 305.0381 251.7649 1.4392 3.9356 1.5888 -8.6679 1.6652 17.2985 2.9615 0.9120
111 0 Car -1 -1 -0.7313 965.1307 195.4121 1238.0000 374.0000 1.4403 4.1727 1.6209 3.6673 1.6254 3.8146 -0.0044 0.6925
111 0 Car -1 -1 -1.2999 241.4307 180.0508 341.4037 213.2294 1.4490 3.9101 1.5565 -14.5433 1.7891 33.0096 -1.7123 0.5452
111 0 Car -1 -1 2.2008 566.4324 172.4569 661.3727 211.0901 1.6354 4.0788 1.6376 0.0994 1.6189 32.4070 2.2033 0.8982
111 0 Car -1 -1 1.2482 801.2561 170.5258 897.9066 199.9965 1.4599 4.3514 1.6452 12.0547 1.3449 36.5777 1.5638 0.8376
112 0 Car -1 -1 -1.2702 242.7922 179.2783 345.7575 214.6059 1.5342 3.9810 1.6018 -14.2823 1.8348 32.7110 -1.6792 0.8348
112 0 Car -1 -1 -0.8164 961.7949 210.5258 1238.0000 374.0000 1.3371 4.0036 1.5620 3.4455 1.6205 3.3718 -0.0638 0.6937
112 0 Car -1 -1 3.4917 128.0774 185.1077 280.2969 260.5539 1.3751 4.0540 1.5952 -8.8042 1.6826 15.9601 2.9943 0.9082
112 0 Car -1 -1 2.2626 551.4489 172.2875 646.8365 211.6338 1.6192 4.0622 1.6365 -0.5575 1.5963 31.5974 2.2445 0.9089
112 0 Car -1 -1 1.2654 791.2520 171.5402 889.7853 199.8497 1.3908 4.4297 1.6333 11.4938 1.3267 36.2655 1.5697 0.8604
113 0 Car -1 -1 -0.8925 984.8212 198.3786 1238.0000 374.0000 1.3958 3.9333 1.5702 3.5277 1.5795 3.1472 -0.0963 0.7057
113 0 Car -1 -1 2.3294 538.0356 172.3839 633.0299 211.7836 1.5742 4.0512 1.6023 -1.1329 1.5558 30.7656 2.2924 0.8989
113 0 Car -1 -1 1.3049 783.5281 170.0480 885.0753 199.7452 1.4417 4.5499 1.6551 11.0668 1.3059 35.9219 1.6011 0.8416
113 0 Car -1 -1 3.5572 70.7146 186.4483 247.9208 269.4899 1.3697 3.9086 1.5461 -8.9224 1.6836 14.6006 3.0165 0.9017
113 0 Car -1 -1 -3.1231 612.2848 175.9234 641.7820 203.7324 1.4943 4.0241 1.6046 0.9734 1.6789 41.2641 -3.1002 0.6285
113 0 Car -1 -1 1.8426 251.4774 171.7448 346.7688 203.6485 1.4974 3.9518 1.5933 -15.0125 1.4457 34.9124 1.4390 0.3120
113 0 Car -1 -1 -1.2160 253.7321 179.3569 351.5737 213.6232 1.4845 3.7361 1.5721 -13.8064 1.7852 32.4539 -1.6156 0.8306
114 0 Car -1 -1 -0.9682 986.6148 201.5379 1238.0000 374.0000 1.3905 3.7940 1.5505 3.4060 1.5840 2.8670 -0.1471 0.6914
114 0 Car -1 -1 3.6418 0.0000 185.3498 217.4252 282.1985 1.4322 3.9700 1.5902 -8.9897 1.6974 13.2421 3.0545 0.9124
114 0 Car -1 -1 1.3974 772.8962 170.8327 872.5358 200.2282 1.4061 4.4900 1.6414 10.3754 1.3097 35.5680 1.6787 0.8838
114 0 Car -1 -1 2.4206 591.2877 175.2411 658.2715 204.2745 1.5049 3.7570 1.5920 0.7343 1.6429 39.6644 2.4384 0.6533
114 0 Car -1 -1 -1.1956 259.7785 179.8382 361.4266 215.8825 1.5544 3.8706 1.6411 -13.3805 1.8755 32.2914 -1.5858 0.8624
114 0 Car -1 -1 2.3801 522.7295 173.1018 618.6006 213.0446 1.5469 4.0586 1.6100 -1.7269 1.5582 29.9393 2.3224 0.8930
115 0 Car -1 -1 2.4377 510.7222 172.1714 605.8648 215.2677 1.6236 4.0417 1.5932 -2.1911 1.5982 29.1782 2.3629 0.9067
115 0 Car -1 -1 2.3734 603.4969 175.2200 666.5986 201.9160 1.3985 3.4581 1.5020 1.3157 1.5356 39.8988 2.4057 0.8604
115 0 Car -1 -1 1.4326 760.6318 171.7554 855.1935 202.9149 1.4740 4.2578 1.6414 9.5490 1.4224 35.2076 1.6949 0.8772
115 0 Car -1 -1 -1.1114 267.4791 178.1685 369.3975 213.2976 1.5030 3.8955 1.6153 -12.9725 1.7470 32.1154 -1.4927 0.8652
115 0 Car -1 -1 3.7028 0.0000 185.9645 173.6340 299.1570 1.4847 3.8815 1.5810 -9.1035 1.7380 11.9220 3.0612 0.9104
115 0 Car -1 -1 -1.0131 962.4029 198.6293 1238.0000 374.0000 1.4669 3.7495 1.6057 3.2078 1.6335 2.6581 -0.1881 0.4299
116 0 Car -1 -1 -0.9548 1099.9738 198.5070 1238.0000 374.0000 1.4241 3.6805 1.5752 3.8659 1.5869 2.6939 -0.0433 0.4052
116 0 Car -1 -1 -2.3184 1020.7709 164.5321 1121.8636 200.4811 1.6240 3.8868 1.6836 21.5243 1.2484 33.7760 -1.7553 0.7017
116 0 Car -1 -1 3.8128 0.0000 187.1330 124.9770 312.3599 1.4536 3.5917 1.5271 -9.1168 1.6997 10.6022 3.1149 0.8686
116 0 Car -1 -1 2.3913 613.3178 176.3173 672.8235 201.7890 1.3436 3.3009 1.4509 1.7775 1.5455 40.2525 2.4347 0.8211
116 0 Car -1 -1 1.4565 750.6345 171.5631 851.8232 203.2614 1.4814 4.5579 1.6687 9.1213 1.4215 34.8612 1.7099 0.8657
116 0 Car -1 -1 2.4955 496.8406 171.6746 590.8953 216.1740 1.6229 3.9706 1.5994 -2.6985 1.5802 28.3166 2.4008 0.9143
116 0 Car -1 -1 -1.0700 275.2022 178.0544 377.6509 213.9195 1.5228 3.9259 1.6415 -12.5811 1.7616 32.0081 -1.4420 0.8846
117 0 Car -1 -1 2.5618 483.3401 171.8286 575.5936 217.3483 1.6066 3.9511 1.5766 -3.1759 1.5707 27.4856 2.4473 0.9042
117 0 Car -1 -1 1.5015 740.2870 170.3286 837.2864 202.3557 1.4772 4.3841 1.6378 8.4194 1.3611 34.4507 1.7388 0.8249
117 0 Car -1 -1 0.6968 1011.9105 164.4466 1103.3062 199.6011 1.5723 3.7062 1.6312 20.8142 1.1966 33.6314 1.2469 0.7994
117 0 Car -1 -1 -1.0338 1079.7451 197.6851 1238.0000 374.0000 1.4459 3.8477 1.5976 3.6793 1.5973 2.3947 -0.0955 0.4063
117 0 Car -1 -1 -0.9958 285.6621 176.5809 386.6384 214.1404 1.5877 3.9321 1.6229 -12.1406 1.7593 31.9480 -1.3566 0.8705
117 0 Car -1 -1 2.5372 620.2299 175.4044 677.0715 201.3714 1.3833 3.4747 1.4804 2.1008 1.5340 40.6687 2.5880 0.7407
117 0 Car -1 -1 3.8976 0.0000 190.9617 66.2412 341.9770 1.4641 3.6520 1.5471 -9.1754 1.7431 9.2662 3.1316 0.7779
118 0 Car -1 -1 2.6258 462.0401 169.9966 554.6578 218.5783 1.6632 3.9776 1.6393 -3.5468 1.2704 26.6672 2.4897 0.8932
118 0 Car -1 -1 0.7378 992.9928 161.0575 1083.2430 197.5768 1.6410 3.6234 1.5953 20.3814 0.7233 33.5666 1.2751 0.8867
118 0 Car -1 -1 -0.9319 295.7656 177.0213 387.5675 215.0772 1.6282 3.5838 1.6278 -11.5773 1.4376 32.0230 -1.2813 0.8566
118 0 Car -1 -1 2.4745 623.6736 173.8284 681.7940 199.2224 1.3895 3.4486 1.4931 2.8983 0.9705 41.1460 2.5394 0.8117
118 0 Car -1 -1 1.5678 720.5206 169.6028 820.9323 202.0445 1.4797 4.5239 1.6825 7.9760 0.9380 34.0768 1.7910 0.8794
119 0 Car -1 -1 2.4671 634.8201 173.7440 696.3925 201.6645 1.5309 3.6709 1.5939 3.1302 1.5851 41.6504 2.5412 0.7497
119 0 Car -1 -1 -0.8447 310.3376 176.9038 396.2902 213.9694 1.5530 3.3663 1.6047 -11.3851 1.7402 31.9056 -1.1852 0.8660
119 0 Car -1 -1 1.6602 714.4113 170.2475 815.5854 204.5655 1.5337 4.4924 1.7139 7.2165 1.4175 33.7215 1.8688 0.8734
119 0 Car -1 -1 2.6864 453.7503 170.6800 544.8326 221.0951 1.6540 3.9972 1.6109 -4.0724 1.5830 25.7680 2.5307 0.9033
119 0 Car -1 -1 0.7568 985.8346 160.1035 1081.3584 198.9766 1.7390 3.8644 1.6407 19.6785 1.1689 33.6105 1.2824 0.8780
120 0 Car -1 -1 1.6769 703.0536 174.0526 802.8528 205.1674 1.3710 4.3774 1.6250 6.5717 1.4291 33.3204 1.8695 0.8724
120 0 Car -1 -1 2.7524 439.3086 169.8495 528.1323 222.4917 1.6613 4.0115 1.6042 -4.4790 1.5668 24.8903 2.5757 0.9004
120 0 Car -1 -1 -0.0079 610.8325 171.3433 635.8707 195.8829 1.5254 3.6610 1.5565 0.8141 1.4319 46.6873 0.0091 0.3287
120 0 Car -1 -1 -0.7382 643.6024 174.0862 707.6808 200.5882 1.4705 3.8221 1.5614 3.7598 1.5464 42.2118 -0.6504 0.6259
120 0 Car -1 -1 0.7623 974.5867 159.2603 1071.7255 198.6128 1.7553 3.9923 1.6177 19.1504 1.1493 33.5334 1.2772 0.8884
120 0 Car -1 -1 -0.7788 323.0122 177.6524 411.7832 214.7558 1.5509 3.6922 1.6202 -10.8465 1.7752 32.1167 -1.1024 0.8785
121 0 Car -1 -1 -1.4561 38.7487 190.7701 143.2346 221.0234 1.5678 4.7123 1.7299 -29.7729 2.6466 41.5312 -2.0752 0.4279
121 0 Car -1 -1 1.7220 686.7010 169.4191 794.3685 206.8532 1.6263 4.6276 1.7314 5.9199 1.4775 32.9081 1.8980 0.8747
121 0 Car -1 -1 -0.7551 332.5246 177.2935 417.6696 214.0643 1.5429 3.5697 1.6054 -10.5372 1.7511 32.2123 -1.0692 0.8210
121 0 Car -1 -1 -0.0054 610.7776 172.2531 636.0854 196.7431 1.5179 3.8115 1.5686 0.8222 1.4810 46.6317 0.0117 0.4521
121 0 Car -1 -1 0.7791 960.1066 161.0624 1057.4451 201.1310 1.7873 4.0135 1.6138 18.4814 1.2617 33.5322 1.2788 0.8752
121 0 Car -1 -1 -0.4538 649.4554 172.7902 702.4232 198.9966 1.4830 3.8606 1.5962 3.8329 1.4797 42.9164 -0.3658 0.7778
121 0 Car -1 -1 2.7913 420.0583 170.8362 508.9685 225.2413 1.6469 3.9822 1.6134 -4.9547 1.5862 23.9575 2.5890 0.9011
122 0 Car -1 -1 -0.6159 657.0685 172.7216 715.0186 198.5312 1.4784 3.7960 1.5467 4.4858 1.4712 43.3618 -0.5139 0.3785
122 0 Car -1 -1 0.8377 947.1625 162.3124 1045.0591 199.7355 1.6714 3.9465 1.6155 17.8620 1.2009 33.4883 1.3238 0.8868
122 0 Car -1 -1 1.8180 675.3708 170.7506 779.9926 207.8230 1.5849 4.3740 1.6686 5.2498 1.4953 32.4733 1.9764 0.8804
122 0 Car -1 -1 2.8763 404.7142 170.4394 490.2686 228.8415 1.6885 4.0438 1.6484 -5.3161 1.6191 23.0300 2.6514 0.9149
122 0 Car -1 -1 -0.6584 341.8528 176.7824 422.7960 213.5108 1.5413 3.5629 1.6151 -10.2575 1.7267 32.3148 -0.9638 0.8039
123 0 Car -1 -1 0.8770 933.6060 160.2761 1032.6707 201.6974 1.8501 3.9611 1.6285 17.2384 1.2887 33.4550 1.3490 0.8924
123 0 Car -1 -1 1.8338 660.0266 172.3800 768.1501 207.9590 1.4979 4.4652 1.6949 4.5734 1.4783 32.0290 1.9739 0.8883
123 0 Car -1 -1 -0.6147 659.9090 173.0083 715.9389 197.6221 1.4302 3.7150 1.5205 4.6642 1.4404 43.9400 -0.5101 0.4699
123 0 Car -1 -1 -0.0829 612.1138 170.7230 641.1237 195.5703 1.5286 3.6784 1.5514 0.9982 1.3978 46.2695 -0.0619 0.3772
123 0 Car -1 -1 2.9346 387.7834 171.9025 469.3154 232.0448 1.6670 3.9757 1.6318 -5.6955 1.6410 22.1409 2.6852 0.9049
123 0 Car -1 -1 -0.5582 351.4107 178.1185 428.4035 214.5481 1.5239 3.6584 1.6278 -9.9920 1.7748 32.5204 -0.8544 0.8303
124 0 Car -1 -1 0.8661 318.6587 167.9347 407.7584 202.7701 1.5120 3.7632 1.5878 -11.1283 0.9681 32.7052 0.5430 0.3387
124 0 Car -1 -1 1.9013 638.5913 168.4137 748.2964 203.6898 1.4864 4.5538 1.6943 3.9088 0.9786 31.5467 2.0251 0.8876
124 0 Car -1 -1 -0.5445 656.1116 168.2805 707.3984 192.1647 1.4335 3.6718 1.5172 4.7708 0.7015 44.4168 -0.4364 0.3829
124 0 Car -1 -1 2.9678 363.1668 169.8752 443.0309 231.5356 1.6570 3.9884 1.6311 -6.1541 1.3731 21.1464 2.6903 0.9193
124 0 Car -1 -1 0.8911 908.0774 155.8790 1005.6172 195.2377 1.7909 4.0194 1.5923 16.5756 0.6721 33.3851 1.3499 0.8434
125 0 Car -1 -1 1.9171 631.8942 174.1176 744.6635 209.4625 1.4327 4.5321 1.6849 3.3171 1.4906 31.1147 2.0217 0.8950
125 0 Car -1 -1 3.0440 350.0949 174.0087 425.3608 239.4793 1.6304 4.0398 1.6182 -6.3572 1.6666 20.2177 2.7426 0.9075
125 0 Car -1 -1 0.9179 908.2527 160.4406 1008.7181 200.1811 1.7701 4.0441 1.6029 16.0376 1.2175 33.3376 1.3626 0.7613
126 0 Car -1 -1 3.1025 329.5913 174.0536 402.7613 244.1358 1.6506 4.0772 1.6704 -6.6349 1.6867 19.2693 2.7746 0.9154
126 0 Car -1 -1 0.9619 894.6183 160.2841 995.8956 200.8773 1.8084 4.0402 1.6262 15.4040 1.2488 33.3012 1.3915 0.8242
126 0 Car -1 -1 2.7791 375.8983 179.2513 440.8721 214.0231 1.4556 3.9124 1.5725 -9.3094 1.7666 32.9931 2.5058 0.5297
126 0 Car -1 -1 1.9735 619.8277 172.6892 733.7308 210.2809 1.5022 4.5129 1.6945 2.7700 1.4960 30.6420 2.0623 0.9110
127 0 Car -1 -1 -0.3778 382.7500 177.1373 446.5511 211.8164 1.4862 3.7295 1.5809 -9.1201 1.6963 33.3709 -0.6429 0.8022
127 0 Car -1 -1 2.0033 605.9699 173.1485 720.4468 212.5280 1.5451 4.4638 1.7147 2.1573 1.5585 30.1621 2.0735 0.8962
127 0 Car -1 -1 3.1800 294.1087 175.1139 370.7061 248.7176 1.6283 3.8612 1.6216 -6.9360 1.6922 18.1761 2.8198 0.9123
127 0 Car -1 -1 0.9958 882.4655 161.1682 984.4188 200.7398 1.7626 4.0689 1.6141 14.8354 1.2425 33.2553 1.4119 0.8490
128 0 Car -1 -1 -0.2843 393.7103 177.9184 448.6301 212.5198 1.4946 3.4222 1.5731 -8.8696 1.7439 33.5842 -0.5410 0.8623
128 0 Car -1 -1 2.0877 590.7224 173.0689 705.0684 213.1082 1.5357 4.4206 1.6945 1.4754 1.5455 29.5928 2.1364 0.8842
128 0 Car -1 -1 -3.0279 520.4512 177.0345 545.5865 196.4512 1.5270 4.0493 1.6186 -6.3523 1.8847 59.6464 -3.1339 0.4773
128 0 Car -1 -1 3.2337 261.6252 175.2561 349.2362 251.0404 1.5805 3.7315 1.5579 -7.1823 1.6448 17.1851 2.8428 0.9092
128 0 Car -1 -1 1.0224 869.7446 161.1694 970.6362 201.6812 1.8036 4.0370 1.5800 14.2001 1.2838 33.1991 1.4230 0.8315
129 0 Car -1 -1 -0.2255 401.6506 177.9373 451.9297 212.2762 1.5000 3.4116 1.5662 -8.6996 1.7527 33.9459 -0.4749 0.8429
129 0 Car -1 -1 -0.5010 687.3466 173.6971 733.0606 196.0190 1.4244 3.5220 1.5036 6.6060 1.4832 48.0986 -0.3657 0.6736
129 0 Car -1 -1 2.1150 574.4255 175.5969 693.8354 214.0376 1.4336 4.6021 1.7001 0.8886 1.5522 29.1488 2.1446 0.8980
129 0 Car -1 -1 3.2968 223.7640 176.3132 333.0977 259.2895 1.6076 3.9019 1.6158 -7.3578 1.6959 16.2455 2.8772 0.9192
129 0 Car -1 -1 1.0907 858.1728 161.5799 954.0612 201.0320 1.7580 3.7587 1.6031 13.5159 1.2560 33.1274 1.4747 0.7395
130 0 Car -1 -1 2.8711 681.7188 167.7230 718.4326 189.4948 1.4481 3.8033 1.5586 6.5484 0.5996 49.0126 3.0048 0.5344
130 0 Car -1 -1 3.3615 177.8009 173.3466 305.9818 260.2814 1.6083 3.8460 1.5851 -7.6275 1.4776 15.1306 2.9047 0.9203
130 0 Car -1 -1 1.1452 831.3139 158.2495 926.1108 196.9393 1.7576 3.8016 1.6160 12.7263 0.7483 33.0350 1.5114 0.8405
130 0 Car -1 -1 2.1736 555.5361 172.3800 671.6024 210.1820 1.4177 4.5330 1.6603 0.2705 1.1147 28.4955 2.1847 0.9064
130 0 Car -1 -1 -0.1314 405.7786 174.8355 448.6688 207.8813 1.5138 3.5680 1.5705 -8.6909 1.2558 34.3319 -0.3754 0.8379
131 0 Car -1 -1 2.6445 689.2421 171.6014 736.7147 193.9077 1.4789 3.8590 1.5956 7.0455 1.3962 49.9207 2.7835 0.5664
131 0 Car -1 -1 1.1810 830.6171 165.2428 926.6259 203.2461 1.6867 3.7700 1.6187 12.1621 1.3493 32.9038 1.5318 0.8528
131 0 Car -1 -1 2.2140 546.2135 175.6364 665.7864 216.9318 1.4730 4.5230 1.7012 -0.2523 1.5893 28.0314 2.2044 0.9137
131 0 Car -1 -1 3.4363 127.8296 177.7935 286.2420 273.7061 1.5739 3.9575 1.5769 -7.7245 1.6855 14.1487 2.9440 0.9181
131 0 Car -1 -1 -0.0604 415.6855 177.9368 453.5310 211.5118 1.4966 3.4448 1.5545 -8.4875 1.7539 34.6015 -0.2996 0.6901
131 0 Car -1 -1 3.1110 526.3145 177.4894 547.7533 197.1410 1.5334 3.8039 1.6303 -6.0403 1.9272 59.2328 3.0094 0.4724
132 0 Car -1 -1 2.2707 529.9705 176.4144 647.0890 216.7380 1.4247 4.4440 1.6453 -0.8317 1.1148 27.4181 2.2403 0.9010
132 0 Car -1 -1 2.8548 692.1871 172.2918 729.4780 194.0789 1.4785 3.8280 1.5794 7.2166 0.6026 50.7872 2.9949 0.6116
132 0 Car -1 -1 0.8267 240.2404 178.7670 302.7470 201.4117 1.5402 3.9654 1.6256 -23.8279 1.1027 51.0340 0.3916 0.3687
132 0 Car -1 -1 0.0201 416.4531 177.7204 450.0142 208.3195 1.4124 3.4059 1.5133 -8.4906 1.0675 35.0022 -0.2164 0.8534
132 0 Car -1 -1 1.2594 812.5085 161.9612 910.0446 202.9742 1.8239 3.8885 1.6155 11.4827 0.7909 32.8161 1.5930 0.7991
132 0 Car -1 -1 3.4960 68.6545 175.8496 258.7063 282.6414 1.6374 3.9469 1.6153 -7.8708 1.4949 13.1030 2.9639 0.9027
132 0 Car -1 -1 3.1502 520.9787 174.9314 541.1041 194.0195 1.5275 3.8761 1.6038 -6.3499 0.7057 59.5295 3.0440 0.4136
133 0 Car -1 -1 0.0953 223.5159 179.4346 253.3907 200.8966 1.4465 3.7731 1.5540 -26.7216 1.9390 51.9176 -0.3782 0.4898
133 0 Car -1 -1 3.1565 526.0565 177.0733 546.7852 197.3145 1.5768 3.7624 1.6313 -6.0088 1.9334 58.9616 3.0550 0.4038
133 0 Car -1 -1 0.0605 418.7781 177.8676 456.0530 210.0778 1.4710 3.4819 1.5667 -8.4521 1.7300 35.3734 -0.1727 0.8771
133 0 Car -1 -1 2.9027 694.0735 172.0040 731.4039 195.3280 1.6027 4.1936 1.6945 7.2890 1.5447 51.7500 3.0415 0.6798
133 0 Car -1 -1 1.2669 804.2453 164.9498 898.7679 203.9865 1.7231 3.7521 1.5876 10.8410 1.3746 32.6660 1.5843 0.8397
133 0 Car -1 -1 2.3263 515.8867 175.8527 637.8491 218.5342 1.4478 4.6301 1.7015 -1.3519 1.5690 26.9233 2.2760 0.8998
133 0 Car -1 -1 3.5821 0.0000 179.4214 230.1711 294.8752 1.5573 3.9118 1.6139 -7.9863 1.6856 12.0101 3.0051 0.9064
134 0 Car -1 -1 -0.3706 605.4162 167.3505 648.4426 192.0111 1.4924 3.5641 1.5314 1.3414 0.6980 44.7191 -0.3390 0.3748
134 0 Car -1 -1 1.3471 779.2993 159.3129 871.7234 198.0168 1.7277 3.7914 1.5972 10.0566 0.7834 32.4959 1.6463 0.8419
134 0 Car -1 -1 2.3863 495.4094 172.3317 611.4700 214.0639 1.4243 4.5088 1.6539 -2.0165 1.1470 26.2581 2.3124 0.8991
134 0 Car -1 -1 0.1741 411.9181 174.7514 455.9068 206.3426 1.5167 3.3835 1.5853 -8.5940 1.2422 35.6759 -0.0585 0.8709
134 0 Car -1 -1 3.6142 0.0000 182.9766 194.0511 307.5697 1.5626 3.7862 1.5860 -8.0621 1.6096 10.9307 2.9942 0.9089
134 0 Car -1 -1 2.9080 689.5827 165.8565 723.9099 188.2158 1.5957 3.9213 1.6554 7.5152 0.5519 52.4824 3.0511 0.7389
135 0 Car -1 -1 2.4403 485.1294 175.8453 603.6370 222.5122 1.4994 4.4801 1.6889 -2.4541 1.6150 25.6279 2.3452 0.9008
135 0 Car -1 -1 0.2877 409.3790 176.2026 464.5052 209.8306 1.5809 4.0620 1.6130 -8.6934 1.7598 36.4022 0.0546 0.8267
135 0 Car -1 -1 3.7182 0.0000 181.6590 148.1772 324.4942 1.5506 3.5688 1.5476 -8.1756 1.6945 9.9113 3.0415 0.8646
135 0 Car -1 -1 1.3777 776.3754 163.0556 871.6497 203.9360 1.7746 3.8529 1.5514 9.4677 1.3496 32.2629 1.6603 0.8061
136 0 Car -1 -1 2.8741 700.2491 174.2983 735.0987 195.5286 1.5302 3.8901 1.6133 8.0338 1.6433 54.3081 3.0198 0.4811
136 0 Car -1 -1 1.4439 761.8080 165.1177 859.9092 206.4810 1.7788 4.0232 1.6482 8.8276 1.4464 32.1199 1.7094 0.7864
136 0 Car -1 -1 3.7857 0.0000 183.9620 95.1749 349.9860 1.5554 3.4978 1.5543 -8.2490 1.7195 8.8135 3.0484 0.8277
136 0 Car -1 -1 2.4710 469.8660 176.5905 591.2122 223.2707 1.4572 4.6051 1.6874 -2.8961 1.5990 25.1021 2.3567 0.9055
136 0 Car -1 -1 -0.0524 606.9189 171.7975 635.3448 197.4734 1.5268 3.6978 1.5632 0.6226 1.4643 44.7809 -0.0390 0.3042
136 0 Car -1 -1 0.3759 407.4767 177.9793 464.5795 210.6510 1.5433 3.6109 1.5967 -8.7911 1.8170 36.5770 0.1413 0.8164
137 0 Car -1 -1 3.1308 570.0602 177.2586 591.1852 197.1789 1.5142 4.0894 1.6329 -2.4050 1.8805 57.8511 3.0890 0.6466
137 0 Car -1 -1 2.5123 451.9959 177.0196 573.5945 226.9178 1.5062 4.5658 1.6969 -3.4187 1.6602 24.3813 2.3738 0.8909
137 0 Car -1 -1 0.4421 400.4668 179.0960 462.6409 211.4714 1.5314 3.9183 1.5656 -9.1137 1.8699 37.0044 0.2018 0.7578
137 0 Car -1 -1 -0.2764 701.9766 174.7885 735.2927 194.6493 1.4529 3.7179 1.5509 8.2302 1.6062 55.1024 -0.1293 0.5995
137 0 Car -1 -1 1.4978 749.2086 167.9630 845.4213 208.6998 1.7379 4.0044 1.5979 8.1700 1.5296 31.9151 1.7457 0.6544
138 0 Car -1 -1 3.0704 566.8019 176.2151 591.5212 197.1771 1.5956 4.0391 1.6849 -2.5234 1.8746 57.6976 3.0265 0.7043
138 0 Car -1 -1 0.6081 394.2979 180.2343 462.3985 211.4230 1.4834 3.7261 1.5618 -9.3566 1.8859 37.2896 0.3635 0.8080
138 0 Car -1 -1 -0.2639 704.0324 176.0354 735.1534 195.2993 1.4331 3.5179 1.5192 8.4623 1.6890 56.1153 -0.1154 0.6179
138 0 Car -1 -1 2.5893 435.2959 177.3503 553.8905 227.4070 1.4609 4.5710 1.6926 -3.9398 1.6234 23.7449 2.4261 0.9144
138 0 Car -1 -1 1.5780 733.5866 168.3031 826.2629 208.9501 1.7128 3.8566 1.6228 7.3841 1.5214 31.6382 1.8047 0.8548
139 0 Car -1 -1 1.5968 717.4728 166.9512 814.5496 209.9472 1.7926 4.0179 1.6266 6.7223 1.5469 31.3391 1.8057 0.8118
139 0 Car -1 -1 3.1458 567.2673 175.8969 588.7007 195.7007 1.5091 4.1209 1.6518 -2.5786 1.7616 57.7138 3.1010 0.5227
139 0 Car -1 -1 0.5754 396.0382 176.2230 464.4150 206.7287 1.4857 3.9084 1.5944 -9.3580 1.6720 37.7102 0.3334 0.7285
139 0 Car -1 -1 2.6462 419.3270 177.6447 537.9963 229.1407 1.4508 4.6639 1.7119 -4.3584 1.6203 23.1143 2.4613 0.9019
140 0 Car -1 -1 0.6727 390.3329 176.2016 456.6862 205.5105 1.4425 3.5327 1.4939 -9.7642 1.6275 37.8657 0.4217 0.5386
140 0 Car -1 -1 2.7047 403.9686 179.2945 515.8762 233.1438 1.4630 4.4438 1.6647 -4.8085 1.6838 22.4190 2.4953 0.8909
140 0 Car -1 -1 1.6749 700.3578 166.1120 795.7189 209.6879 1.7938 3.8869 1.5773 5.9055 1.5166 31.0104 1.8608 0.8473
140 0 Car -1 -1 3.0633 566.8137 176.1989 591.1417 195.9715 1.5010 3.9487 1.6274 -2.5296 1.7776 57.5285 3.0192 0.6993
141 0 Car -1 -1 3.0308 565.7115 176.0576 592.6631 196.8693 1.5780 4.2340 1.6849 -2.5217 1.8440 57.6121 2.9869 0.7051
141 0 Car -1 -1 2.8083 520.2297 178.4302 555.7129 197.8799 1.4783 4.0645 1.6050 -5.8785 1.9458 58.2699 2.7078 0.4634
141 0 Car -1 -1 2.7471 386.1977 180.2553 498.5508 234.9084 1.4222 4.5266 1.6664 -5.1987 1.6693 21.7240 2.5144 0.8967
141 0 Car -1 -1 1.7450 685.4202 167.0267 784.4700 211.6947 1.8095 3.9279 1.6199 5.2739 1.5738 30.6496 1.9132 0.6419
142 0 Car -1 -1 3.0938 564.9084 176.2984 588.7444 197.0370 1.5661 4.0934 1.6903 -2.6921 1.8502 57.3076 3.0466 0.7212
142 0 Car -1 -1 2.7818 364.0400 178.9156 476.5522 240.0695 1.5476 4.4702 1.6888 -5.6785 1.7439 21.0232 2.5206 0.9032
142 0 Car -1 -1 3.1073 525.6176 178.5838 547.4309 198.0154 1.4756 4.0486 1.6056 -5.9751 1.9546 58.1528 3.0050 0.6044
142 0 Car -1 -1 1.8108 669.5988 167.7527 770.5574 212.7074 1.7927 3.9228 1.5796 4.5724 1.5897 30.2444 1.9588 0.5327
143 0 Car -1 -1 3.1073 565.7689 177.3199 588.2229 197.6131 1.5260 4.0282 1.6354 -2.6734 1.8934 57.2400 3.0604 0.5792
143 0 Car -1 -1 3.1678 522.9891 178.2895 544.3139 197.7115 1.4773 4.0567 1.6046 -6.1451 1.9313 58.1330 3.0626 0.5903
143 0 Car -1 -1 1.8622 652.1364 167.9924 756.9465 212.5755 1.7513 4.0095 1.6265 3.8710 1.5606 29.8973 1.9891 0.7493
143 0 Car -1 -1 2.8678 349.1508 180.1672 455.5539 241.9617 1.4880 4.5166 1.7014 -5.9976 1.7181 20.2976 2.5835 0.9011
144 0 Car -1 -1 1.9195 636.6224 167.8014 742.4486 213.7405 1.7739 3.9903 1.5923 3.1930 1.5792 29.4511 2.0259 0.6611
144 0 Car -1 -1 3.1946 519.5938 178.4398 542.9274 198.0792 1.4902 4.2062 1.6493 -6.3315 1.9570 58.1111 3.0862 0.5895
144 0 Car -1 -1 0.8570 366.8688 173.8283 443.4201 204.4377 1.5681 3.8804 1.6229 -11.0926 1.6242 39.1602 0.5824 0.3421
144 0 Car -1 -1 -3.0932 563.2124 175.3015 587.4220 196.6652 1.6190 4.1227 1.7228 -2.7405 1.8204 57.2108 -3.1413 0.7415
144 0 Car -1 -1 2.9121 325.4192 179.1119 432.0798 245.2219 1.5316 4.6550 1.7294 -6.4493 1.7233 19.6146 2.5979 0.9110
145 0 Car -1 -1 -2.9868 511.1273 175.2910 538.7676 194.1704 1.4882 4.1096 1.6252 -6.4929 1.0789 57.8202 -3.0964 0.6398
145 0 Car -1 -1 -0.2541 703.0667 169.6222 730.6674 186.0234 1.4147 3.7573 1.5289 9.9431 0.4776 62.9268 -0.0964 0.4957
145 0 Car -1 -1 1.9692 614.4656 165.3266 716.9791 210.1255 1.7379 3.8829 1.5847 2.4561 1.1508 29.0287 2.0544 0.6575
145 0 Car -1 -1 1.1940 355.6573 173.8898 434.9776 202.7346 1.5285 3.9096 1.6133 -11.6336 1.1796 39.2982 0.9101 0.4736
145 0 Car -1 -1 3.0806 559.6331 172.2838 583.4852 192.1221 1.5427 4.1249 1.6781 -2.7211 0.9051 57.1197 3.0350 0.7019
145 0 Car -1 -1 2.9918 305.5537 180.1425 402.7166 246.7640 1.5400 4.5920 1.7637 -6.8116 1.5334 18.7799 2.6509 0.9120
146 0 Car -1 -1 -2.5680 576.4279 176.5428 611.1566 192.8076 1.5084 3.7267 1.5946 -1.5576 1.8760 69.8264 -2.5905 0.4912
146 0 Car -1 -1 -0.1787 709.7897 175.1175 733.8990 191.5315 1.4053 3.5924 1.4935 9.8842 1.6124 64.0876 -0.0267 0.3520
146 0 Car -1 -1 2.8529 520.2193 178.7842 554.1035 198.0389 1.4476 4.0574 1.6053 -5.8934 1.9407 57.7688 2.7513 0.5311
146 0 Car -1 -1 1.0029 356.9991 180.9952 430.6010 209.0292 1.4324 3.6452 1.5232 -11.9266 1.9034 39.8319 0.7135 0.7650
146 0 Car -1 -1 -1.9269 510.4157 178.9419 558.4887 196.8525 1.5068 3.8784 1.6173 -6.6511 2.0551 63.3622 -2.0315 0.3761
146 0 Car -1 -1 3.0338 564.4184 176.0967 591.7327 196.7046 1.5499 4.3064 1.7033 -2.5951 1.8176 57.2321 2.9883 0.7803
146 0 Car -1 -1 2.0295 603.0525 166.7805 710.9099 216.3867 1.8457 3.9574 1.5909 1.7926 1.6200 28.5168 2.0910 0.7329
146 0 Car -1 -1 3.0259 285.1880 181.4906 381.4341 252.0625 1.4717 4.5900 1.7171 -7.0877 1.7174 18.0694 2.6566 0.9083
147 0 Car -1 -1 2.5917 703.0193 171.8445 741.0338 188.6935 1.4736 3.8875 1.5697 10.8935 0.6295 64.9170 2.7524 0.5728
147 0 Car -1 -1 3.0929 256.6982 184.4505 342.5088 254.0590 1.4229 4.5048 1.6514 -7.3912 1.5048 17.2689 2.6885 0.9012
147 0 Car -1 -1 2.8083 512.4894 178.0114 548.4108 196.9296 1.4648 4.0892 1.6073 -5.7265 1.1953 57.8111 2.7050 0.4128
147 0 Car -1 -1 3.0339 558.6666 175.1613 586.8730 196.4258 1.6258 4.3554 1.7595 -2.2990 1.1417 57.2045 2.9889 0.7564
147 0 Car -1 -1 1.1448 343.7904 179.4357 420.5644 207.8442 1.5184 3.7910 1.6082 -12.2523 1.4089 40.2493 0.8460 0.7358
147 0 Car -1 -1 2.0804 581.1223 167.2243 686.7410 216.6850 1.8165 3.8450 1.5547 1.2250 1.2932 28.0435 2.1185 0.7139
148 0 Car -1 -1 2.1446 570.1616 167.4750 680.3209 218.9829 1.8378 3.9555 1.6112 0.5051 1.6463 27.5135 2.1621 0.7351
148 0 Car -1 -1 3.1552 561.8912 174.9352 585.3025 196.7817 1.6474 4.3239 1.7779 -2.8733 1.8185 57.0170 3.1047 0.7707
148 0 Car -1 -1 1.2954 339.6406 179.1178 416.0426 207.9835 1.5095 3.7639 1.5715 -12.9375 1.8732 40.1598 0.9853 0.7533
148 0 Car -1 -1 3.1668 220.7485 184.9329 312.1354 262.0188 1.4226 4.4590 1.6467 -7.7716 1.7378 16.4297 2.7308 0.8946
149 0 Car -1 -1 -3.0476 559.1918 178.5316 583.7881 198.7497 1.5067 3.8019 1.5859 -3.0242 1.9691 56.7853 -3.1010 0.5399
149 0 Car -1 -1 2.8707 714.8243 173.4501 742.0880 189.7567 1.4660 3.7662 1.5373 10.9413 1.5233 66.9635 3.0316 0.3484
149 0 Car -1 -1 2.8367 519.0887 178.7946 553.2263 198.1837 1.4556 3.9907 1.5820 -5.9581 1.9480 57.6240 2.7337 0.5707
149 0 Car -1 -1 -2.3358 1037.2505 161.4558 1161.4248 205.9716 1.7811 4.2872 1.7410 20.3312 1.3254 30.0984 -1.7466 0.3363
149 0 Car -1 -1 3.2350 173.9485 184.9028 283.3640 268.1220 1.4453 4.2978 1.6334 -8.0658 1.7428 15.4930 2.7616 0.9128
149 0 Car -1 -1 2.2144 554.1135 168.7296 660.3885 220.4653 1.8077 3.7945 1.5526 -0.1831 1.6640 26.9604 2.2069 0.8747
150 0 Car -1 -1 2.5918 712.0862 174.1100 747.1953 190.1652 1.4615 3.7268 1.5384 11.2245 1.5838 68.0115 2.7544 0.5348
150 0 Car -1 -1 2.8617 518.6164 178.1614 552.8116 198.0048 1.4886 4.1488 1.6244 -5.9877 1.9286 57.5430 2.7581 0.5400
150 0 Car -1 -1 1.3345 322.6833 179.5286 396.8628 207.6879 1.4862 3.6764 1.5409 -14.0625 1.8764 40.4962 1.0019 0.6833
150 0 Car -1 -1 2.2677 535.7847 170.0784 645.4202 222.6118 1.7892 3.9007 1.5789 -0.7979 1.6951 26.3982 2.2371 0.8340
150 0 Car -1 -1 3.2848 131.3337 185.8860 262.6497 273.0413 1.4128 4.4748 1.6522 -8.3023 1.7235 14.7921 2.7806 0.9122
151 0 Car -1 -1 2.8867 703.9561 170.4157 729.2047 186.1406 1.4913 3.6670 1.5564 10.8794 0.5361 68.9475 3.0442 0.5623
151 0 Car -1 -1 -1.8517 312.2208 178.7183 394.0732 207.5013 1.5941 4.1795 1.6770 -14.6004 1.4969 41.0499 -2.1894 0.5997
151 0 Car -1 -1 2.8496 511.9706 174.8096 546.1270 194.0681 1.5061 4.1807 1.6315 -6.2053 1.0623 57.5327 2.7444 0.5050
151 0 Car -1 -1 2.3231 510.3001 162.2047 620.9390 217.5767 1.8710 4.0082 1.6113 -1.5158 1.2544 25.7896 2.2669 0.6520
151 0 Car -1 -1 3.3664 74.8052 185.3101 238.8027 274.1827 1.4120 4.5687 1.6590 -8.5876 1.5248 13.9199 2.8255 0.9146
152 0 Car -1 -1 2.4071 496.3978 168.8180 605.7111 224.0153 1.7787 3.8827 1.6026 -2.1560 1.6490 25.1586 2.3218 0.7018
152 0 Car -1 -1 3.4361 13.7485 187.9635 215.2117 293.8990 1.4808 4.5371 1.7045 -8.7740 1.8080 13.1891 2.8581 0.9152
152 0 Car -1 -1 1.4789 306.4152 183.6628 379.0620 212.6428 1.5413 3.7454 1.6081 -15.2359 2.1795 41.0474 1.1252 0.8230
153 0 Car -1 -1 1.4296 291.8615 180.6629 366.5796 206.6549 1.4567 3.8848 1.5892 -16.0965 1.4679 41.2804 1.0621 0.3021
153 0 Car -1 -1 2.4952 474.8264 165.0767 579.1755 221.6975 1.8017 3.8696 1.5679 -2.7893 1.3125 24.4390 2.3848 0.7755
153 0 Car -1 -1 0.9795 895.6871 160.0694 1013.9194 199.6875 1.6567 4.3741 1.7536 15.1361 0.8039 30.7275 1.4348 0.4047
153 0 Car -1 -1 3.5173 0.0000 186.6595 184.4491 294.3613 1.4886 4.3409 1.6762 -9.0482 1.6179 12.3398 2.8986 0.8962
154 0 Car -1 -1 2.5192 457.7109 168.4353 567.5734 228.8251 1.8233 3.9101 1.5936 -3.3161 1.6903 23.7480 2.3813 0.7776
154 0 Car -1 -1 3.0563 565.1146 176.6488 590.8753 197.5421 1.5570 4.2102 1.6642 -2.5783 1.8674 56.7588 3.0107 0.6899
154 0 Car -1 -1 3.5921 0.0000 187.3703 149.7278 313.0822 1.5238 4.2641 1.6729 -9.2150 1.8016 11.5261 2.9287 0.8767
155 0 Car -1 -1 3.1429 561.6548 176.9615 583.6959 197.9617 1.5608 4.0602 1.6620 -2.9475 1.8946 56.5019 3.0906 0.5667
155 0 Car -1 -1 2.6056 438.2202 167.3275 545.9706 229.9942 1.8266 3.9314 1.6033 -3.8858 1.6659 23.0474 2.4398 0.6883
155 0 Car -1 -1 3.6245 0.0000 191.8787 112.1198 316.9069 1.4557 3.5698 1.5277 -9.2532 1.7933 10.8827 2.9318 0.8550
156 0 Car -1 -1 2.6722 417.0563 165.1831 517.3182 227.3210 1.7842 3.7104 1.5885 -4.4382 1.3460 22.2485 2.4798 0.5261
156 0 Car -1 -1 1.3918 266.0608 182.4863 341.0453 208.9079 1.5011 3.8957 1.6000 -17.9608 1.6258 42.1580 0.9934 0.6434
156 0 Car -1 -1 2.8269 553.0759 173.1708 589.9670 193.3887 1.5480 4.3478 1.6801 -2.7061 0.9881 56.4619 2.7809 0.7200
156 0 Car -1 -1 3.7223 0.0000 192.3953 71.2813 332.2456 1.4812 3.8388 1.5780 -9.4716 1.6827 9.8517 2.9743 0.7369
157 0 Car -1 -1 3.1859 558.9370 177.5933 582.1846 197.9282 1.5071 4.1210 1.6395 -3.0807 1.8922 56.5052 3.1313 0.6263
157 0 Car -1 -1 2.7391 394.6922 167.5423 500.4359 238.4492 1.9041 3.9847 1.6258 -4.9625 1.7618 21.4634 2.5140 0.6204
157 0 Car -1 -1 3.8293 0.0000 192.8110 25.5446 356.8036 1.4594 3.9046 1.5819 -9.5068 1.7633 8.9414 3.0283 0.4648
157 0 Car -1 -1 -1.7153 264.6880 187.3353 335.9441 213.3408 1.4053 3.6670 1.5258 -18.2114 2.2886 42.3843 -2.1191 0.4421
158 0 Car -1 -1 3.1737 561.8670 178.0218 584.7985 198.8616 1.5381 4.1821 1.6596 -2.8583 1.9575 56.4009 3.1229 0.6687
158 0 Car -1 -1 2.8225 375.0598 168.6138 474.6293 240.9352 1.8655 3.8605 1.6222 -5.4336 1.7564 20.6701 2.5680 0.4860
158 0 Car -1 -1 1.5199 248.4662 186.4984 317.3115 213.1260 1.4570 3.6260 1.5459 -19.3179 2.2907 42.5487 1.0958 0.6597
159 0 Car -1 -1 -3.0238 556.1209 176.7692 583.9094 197.9146 1.5637 4.2003 1.6852 -3.1061 1.8812 56.2985 -3.0791 0.6700
159 0 Car -1 -1 2.9042 351.4207 168.3024 445.9769 243.2557 1.8420 3.9176 1.6057 -5.9395 1.7305 19.8269 2.6163 0.7771
160 0 Car -1 -1 3.0550 561.2295 177.7512 587.4133 198.4853 1.5222 4.2479 1.6696 -2.8425 1.9193 56.2364 3.0043 0.7085
160 0 Car -1 -1 2.9778 328.1559 166.7245 416.3940 251.7727 1.9816 3.9411 1.5644 -6.3662 1.8392 18.9172 2.6568 0.3233
161 0 Car -1 -1 3.1377 560.9839 178.3045 583.0419 199.1152 1.5308 4.1454 1.6556 -2.9999 1.9724 56.2967 3.0842 0.6509
161 0 Car -1 -1 3.0590 303.3129 167.9408 382.4617 252.8869 1.8811 3.8600 1.5350 -6.8093 1.7726 18.0484 2.7025 0.8522
162 0 Car -1 -1 3.0722 561.3751 177.3757 586.4876 198.3087 1.5418 4.1986 1.6613 -2.8729 1.9085 56.2689 3.0210 0.6772
162 0 Car -1 -1 3.1623 268.8979 166.8426 350.5453 257.3741 1.8905 3.8814 1.6052 -7.1223 1.7653 17.1641 2.7739 0.8571
163 0 Car -1 -1 3.0824 559.5421 177.2496 584.2226 198.1086 1.5390 4.2860 1.6681 -3.0395 1.8964 56.3924 3.0284 0.6525
163 0 Car -1 -1 3.2418 224.3468 174.1916 323.0528 264.5665 1.7628 3.7809 1.6017 -7.4520 1.7969 16.1789 2.8159 0.8783
164 0 Car -1 -1 2.8457 560.9552 178.2345 597.4515 198.9525 1.5152 4.3003 1.6540 -2.4715 1.9524 56.2671 2.8016 0.6386
164 0 Car -1 -1 3.3080 178.0500 167.7364 298.5333 267.7640 1.8252 3.8408 1.6048 -7.7272 1.7322 15.2344 2.8452 0.8749
165 0 Car -1 -1 3.0722 561.0126 177.6950 586.6425 198.7388 1.5431 4.3860 1.6871 -2.8816 1.9360 56.2321 3.0209 0.7034
165 0 Car -1 -1 3.3875 127.1204 169.0326 276.6716 280.6407 1.8869 3.9503 1.6158 -7.9276 1.8227 14.3104 2.8890 0.8797
166 0 Car -1 -1 3.0580 563.8148 177.7168 588.8828 197.9744 1.4908 3.9539 1.6175 -2.6768 1.8835 56.1539 3.0102 0.5884
166 0 Car -1 -1 3.4718 64.8466 168.9145 248.9761 286.6600 1.8287 3.9485 1.6210 -8.1395 1.7679 13.3036 2.9313 0.8999
167 0 Car -1 -1 3.1061 561.8105 178.0633 584.3584 198.4902 1.5021 4.0523 1.6043 -2.9320 1.9234 56.2114 3.0538 0.4330
167 0 Car -1 -1 3.5486 0.0000 168.1158 219.1828 299.9336 1.8622 3.9604 1.5959 -8.2742 1.7957 12.2800 2.9654 0.8921
168 0 Car -1 -1 3.6388 0.0000 170.3521 185.4783 319.7519 1.9055 3.9572 1.6900 -8.4761 1.8739 11.2749 3.0053 0.8966
169 0 Car -1 -1 3.6827 0.0000 167.4706 128.0847 343.2157 1.8939 4.1847 1.6844 -8.6794 1.8362 9.9735 2.9797 0.6846
176 0 Car -1 -1 3.2517 109.2798 187.7901 145.1459 211.8871 1.5351 4.0305 1.6596 -33.9853 2.6326 50.8268 2.6645 0.3473
177 0 Car -1 -1 3.0233 616.2670 162.7165 651.4530 188.9383 1.4834 4.0690 1.6112 1.3378 0.9103 42.9140 3.0540 0.6113
178 0 Car -1 -1 2.7272 605.5132 163.3028 655.0942 188.8435 1.4433 3.7887 1.5370 1.1210 0.9039 42.8153 2.7529 0.5495
178 0 Car -1 -1 1.7238 40.9297 188.2475 114.2746 211.4230 1.5256 3.9949 1.6336 -37.8203 2.6562 51.3284 1.0911 0.5415
179 0 Car -1 -1 1.6238 39.0370 189.1672 105.6926 212.2730 1.5340 3.7714 1.5803 -38.6967 2.7484 51.9982 0.9863 0.6635
189 0 Car -1 -1 0.7383 1129.3624 163.1831 1237.2572 196.3913 1.4080 3.7673 1.5355 25.3174 0.6753 31.0173 1.4194 0.7324
190 0 Car -1 -1 0.7112 1126.7988 164.8760 1236.1093 198.4554 1.3991 3.8549 1.5565 25.0338 0.7075 31.0566 1.3805 0.6607
191 0 Car -1 -1 3.1571 561.6423 177.8673 582.8502 197.4094 1.4739 4.0616 1.5984 -2.7653 0.9208 56.2697 3.1078 0.3400
191 0 Car -1 -1 0.7624 1108.1135 172.5430 1216.6226 205.3411 1.3886 3.8289 1.5637 24.2381 0.8532 31.5041 1.4135 0.3540
192 0 Car -1 -1 3.1004 559.5366 178.2219 582.8685 198.2427 1.5080 4.1670 1.6472 -2.9109 0.9824 56.2935 3.0485 0.4920
192 0 Car -1 -1 0.8150 1086.4932 170.4590 1193.5278 202.8930 1.4004 3.7978 1.5753 23.6592 0.7644 32.0519 1.4463 0.3777
193 0 Car -1 -1 0.7933 1076.7125 166.1766 1185.1105 199.1203 1.4245 3.9159 1.5768 23.4690 0.8066 31.6252 1.4285 0.5975
194 0 Car -1 -1 3.0308 563.3989 178.0680 590.1626 198.4258 1.4963 4.1804 1.6282 -2.6556 1.9197 56.3468 2.9835 0.4998
194 0 Car -1 -1 0.7762 1084.1042 171.7225 1195.3496 205.3286 1.4214 4.0104 1.5874 23.1508 1.3739 31.6331 1.4032 0.6608
195 0 Car -1 -1 0.8097 1073.4902 169.3602 1178.6021 202.4775 1.4078 3.7434 1.5289 22.5967 1.2596 31.6979 1.4243 0.7466
195 0 Car -1 -1 3.1411 562.0421 178.6049 583.2063 198.4059 1.4555 3.9754 1.5894 -2.9417 1.9203 56.2396 3.0887 0.4857
196 0 Car -1 -1 1.3475 252.3224 160.4268 317.9996 183.8118 1.5094 3.7516 1.6068 -21.7724 0.7077 48.3402 0.9262 0.6014
196 0 Car -1 -1 3.1853 559.1485 178.5428 582.2504 198.7574 1.4833 4.0471 1.6214 -3.0499 1.9422 56.1194 3.1309 0.5464
196 0 Car -1 -1 0.7609 1063.9668 169.6598 1169.4713 202.9061 1.4098 3.8913 1.5553 22.2317 1.2747 31.7498 1.3672 0.7449
197 0 Car -1 -1 3.1645 561.7340 178.9569 583.7894 199.2790 1.4890 4.1276 1.6245 -2.8944 1.9824 56.2032 3.1129 0.3873
197 0 Car -1 -1 0.7953 1053.4293 168.2187 1164.6660 203.0814 1.4838 4.0863 1.6177 21.9656 1.2869 31.8629 1.3943 0.8023
198 0 Car -1 -1 0.7646 1045.5690 167.4393 1154.3546 201.2190 1.4395 4.1095 1.5980 21.6416 1.2091 31.9649 1.3552 0.8664
199 0 Car -1 -1 -0.2058 607.3416 170.0992 646.0818 198.0778 1.6108 3.7766 1.5970 1.2593 1.0134 42.7002 -0.1749 0.3300
199 0 Car -1 -1 0.7889 1023.8306 162.6398 1133.2432 196.7325 1.4855 4.1897 1.6314 21.3925 0.7088 32.0102 1.3751 0.8632
199 0 Car -1 -1 3.0960 557.3365 174.6423 580.4158 194.4516 1.5149 4.1106 1.6476 -2.8907 1.0682 56.1916 3.0465 0.5674
200 0 Car -1 -1 -3.0752 558.2483 178.6823 582.7426 199.2925 1.5131 4.0937 1.6393 -3.0674 1.9840 56.1882 -3.1299 0.4664
200 0 Car -1 -1 0.7862 1032.9833 169.9281 1142.5028 202.6350 1.3982 4.1683 1.5796 21.1497 1.2734 32.0404 1.3651 0.8436
201 0 Car -1 -1 3.1727 559.3856 178.2538 581.7214 198.2785 1.4753 4.0355 1.6181 -3.0715 1.9122 56.2898 3.1180 0.3416
201 0 Car -1 -1 0.7954 1023.9172 169.5301 1133.9153 202.0313 1.3939 4.2081 1.5929 20.8284 1.2517 32.1498 1.3659 0.8889
202 0 Car -1 -1 3.0969 561.9214 178.1513 585.3956 198.5532 1.4993 4.1540 1.6377 -2.8927 1.9286 56.2825 3.0454 0.4637
202 0 Car -1 -1 -0.3734 609.0153 173.8777 657.0464 202.9674 1.6370 3.7421 1.5804 1.2819 1.7010 42.7728 -0.3441 0.3321
202 0 Car -1 -1 0.7899 1019.3730 168.4013 1129.7795 201.7611 1.4322 4.2484 1.6170 20.6798 1.2414 32.2178 1.3561 0.8659
203 0 Car -1 -1 0.8006 1014.3879 169.2323 1125.5039 203.0934 1.4540 4.2661 1.6262 20.4716 1.2989 32.2177 1.3622 0.8686
203 0 Car -1 -1 1.3549 250.8663 161.8111 318.3796 185.5860 1.5384 3.8830 1.6112 -21.8734 0.8242 48.4883 0.9330 0.3440
204 0 Car -1 -1 -1.9901 559.0781 172.6446 607.9563 189.3074 1.5495 4.3505 1.6822 -2.5365 1.5304 68.8079 -2.0272 0.3861
204 0 Car -1 -1 0.8118 1009.2152 168.6967 1120.9608 202.7955 1.4688 4.3019 1.6295 20.3097 1.2901 32.3067 1.3686 0.8594
204 0 Car -1 -1 3.1369 561.2260 178.0778 582.5675 198.2225 1.4801 4.0094 1.5987 -3.0011 1.9016 56.1213 3.0833 0.3363
205 0 Car -1 -1 3.1242 561.9150 178.6859 584.0784 199.0771 1.4948 4.1911 1.6462 -2.9425 1.9674 56.2682 3.0718 0.4404
205 0 Car -1 -1 0.7612 1007.3325 168.0796 1119.2793 202.2120 1.4623 4.4261 1.6546 20.2150 1.2582 32.2679 1.3165 0.8653
206 0 Car -1 -1 3.1742 553.2304 174.7182 575.6116 194.2860 1.4978 4.1768 1.6354 -3.1811 1.0565 56.2223 3.1197 0.4978
206 0 Car -1 -1 0.7906 985.4150 166.3386 1089.0491 198.7038 1.4242 4.1282 1.5913 19.7476 0.8025 32.3636 1.3357 0.8732
207 0 Car -1 -1 3.1133 564.4821 177.9848 586.5272 197.9239 1.4674 4.0087 1.5959 -2.7428 1.8821 56.2167 3.0643 0.3170
207 0 Car -1 -1 0.7976 999.9603 168.2385 1113.2206 202.5150 1.4743 4.4273 1.6580 19.9488 1.2761 32.3324 1.3461 0.8535
208 0 Car -1 -1 0.5282 0.0000 183.8138 34.2061 229.7724 1.4834 3.7408 1.5801 -22.9795 1.9122 26.2172 -0.1865 0.4528
208 0 Car -1 -1 0.8138 995.6271 169.0659 1109.0713 203.6005 1.4876 4.3984 1.6765 19.7740 1.3248 32.3625 1.3579 0.8755
208 0 Car -1 -1 3.0915 562.6586 178.6396 586.4125 198.7589 1.4742 4.1126 1.6376 -2.8212 1.9424 56.2183 3.0412 0.5480
209 0 Car -1 -1 0.8137 977.6949 163.4874 1086.9554 198.7333 1.5531 4.3198 1.6840 19.5623 0.8049 32.4387 1.3537 0.8763
209 0 Car -1 -1 3.1664 554.9573 175.3977 577.0606 195.1280 1.5108 4.2178 1.6464 -3.0571 1.1213 56.2651 3.1141 0.4580
210 0 Car -1 -1 0.7870 991.8742 168.4219 1100.1158 202.6458 1.4761 4.2677 1.6314 19.5364 1.2853 32.4285 1.3249 0.8832
210 0 Car -1 -1 3.1094 561.4922 177.7675 583.9479 197.8593 1.4802 4.0393 1.6121 -2.9624 1.8778 56.2537 3.0566 0.4062
211 0 Car -1 -1 0.8280 990.3870 169.4300 1099.2274 203.1862 1.4599 4.2042 1.6307 19.4770 1.3122 32.4306 1.3645 0.8617
212 0 Car -1 -1 0.8191 988.1951 168.9520 1092.1840 203.7140 1.5066 4.0059 1.6180 19.3098 1.3378 32.4945 1.3510 0.8451
212 0 Car -1 -1 -3.0268 557.7402 178.7770 583.4811 198.7697 1.4672 3.8867 1.5666 -3.0553 1.9446 56.1138 -3.0814 0.4110
213 0 Car -1 -1 0.8371 988.6195 168.1126 1096.0607 201.2653 1.4369 4.1566 1.5964 19.3871 1.2318 32.4654 1.3712 0.8598
213 0 Car -1 -1 3.1058 563.9028 178.1623 586.5270 198.4552 1.4924 4.0666 1.6101 -2.7681 1.9220 56.2496 3.0564 0.5001
214 0 Car -1 -1 0.8100 988.5333 167.7902 1091.4244 201.5418 1.4620 4.0003 1.5807 19.2916 1.2430 32.4750 1.3418 0.8836
214 0 Car -1 -1 3.1781 559.6067 177.6466 582.0707 197.8414 1.4885 4.0104 1.6031 -3.0421 1.8753 56.1564 3.1239 0.3813
215 0 Car -1 -1 0.8108 986.1893 168.7415 1098.2644 203.6042 1.5041 4.4001 1.6578 19.3624 1.3270 32.4275 1.3448 0.8564
215 0 Car -1 -1 3.1434 562.0908 178.5761 583.6376 198.7442 1.4812 4.0628 1.6167 -2.9181 1.9440 56.2339 3.0914 0.5539
216 0 Car -1 -1 0.8234 984.5692 169.0631 1092.5608 203.2402 1.4818 4.2139 1.6253 19.2571 1.3178 32.5289 1.3536 0.8803
216 0 Car -1 -1 3.0715 562.2241 178.6961 586.4473 198.7708 1.4719 3.9817 1.6020 -2.8341 1.9439 56.1790 3.0209 0.4516
217 0 Car -1 -1 3.1766 561.2592 178.0957 583.5838 198.0659 1.4691 4.0344 1.5983 -2.9198 1.8923 56.1731 3.1245 0.3637
217 0 Car -1 -1 0.8273 986.2065 169.7817 1093.5656 203.8947 1.4789 4.1681 1.6202 19.3038 1.3461 32.5087 1.3589 0.8660
218 0 Car -1 -1 3.1238 561.9645 178.8753 584.0471 199.2243 1.4919 4.1066 1.6394 -2.9401 1.9793 56.2500 3.0714 0.5765
218 0 Car -1 -1 0.8370 983.6441 169.7030 1088.3616 203.9857 1.4887 4.0234 1.6228 19.1431 1.3522 32.5354 1.3646 0.8679
219 0 Car -1 -1 -2.0361 565.0130 175.0450 611.1363 191.4319 1.5130 4.1020 1.6228 -2.0989 1.7273 68.7598 -2.0668 0.3030
219 0 Car -1 -1 0.8339 985.7672 168.8794 1092.7457 203.2444 1.4899 4.1179 1.6384 19.2700 1.3179 32.5029 1.3648 0.8807
219 0 Car -1 -1 3.1821 559.8535 178.3557 582.9462 198.7715 1.5003 4.1181 1.6337 -2.9995 1.9451 56.2077 3.1286 0.4869
220 0 Car -1 -1 3.1268 562.9907 178.6899 584.1421 198.4601 1.4537 3.9496 1.5825 -2.8950 1.9256 56.2695 3.0752 0.4832
220 0 Car -1 -1 0.8453 985.9326 168.7542 1092.6691 202.4013 1.4614 4.1076 1.6133 19.2840 1.2837 32.5247 1.3763 0.8648
221 0 Car -1 -1 0.8413 985.9507 168.0932 1092.2513 201.8112 1.4647 4.0968 1.6121 19.2825 1.2583 32.5359 1.3721 0.8732
221 0 Car -1 -1 3.1150 561.9399 179.0160 584.5864 199.4689 1.4988 4.1130 1.6475 -2.9213 1.9977 56.2619 3.0629 0.3864
222 0 Car -1 -1 3.1331 562.0057 178.1322 583.8062 198.4195 1.4914 4.1156 1.6351 -2.9368 1.9185 56.2372 3.0808 0.4700
222 0 Car -1 -1 -2.3232 987.8692 167.0583 1099.0542 201.5978 1.4931 4.3491 1.6428 19.4356 1.2429 32.4590 -1.7879 0.8196
223 0 Car -1 -1 3.1149 562.9095 178.8114 586.1086 199.7126 1.5307 4.2952 1.6862 -2.8284 2.0142 56.3029 3.0645 0.4870
223 0 Car -1 -1 0.8617 984.2193 168.4413 1091.6914 202.7684 1.4933 4.1105 1.6262 19.2365 1.3017 32.5519 1.3912 0.8728
224 0 Car -1 -1 0.8328 987.0962 167.8535 1095.3816 201.7136 1.4674 4.2021 1.6131 19.3493 1.2511 32.4843 1.3658 0.8427
224 0 Car -1 -1 3.1301 561.2981 178.7705 583.3969 199.4250 1.5133 4.1893 1.6564 -2.9872 1.9924 56.2360 3.0768 0.6267
225 0 Car -1 -1 0.8133 985.5482 168.5731 1092.4733 203.0158 1.4927 4.1741 1.6308 19.2797 1.3075 32.5309 1.3440 0.8772
225 0 Car -1 -1 3.1521 561.8077 177.7182 583.3295 197.9140 1.4885 4.1046 1.6151 -2.9241 1.8822 56.2642 3.1000 0.4054
225 0 Car -1 -1 -0.2099 615.7481 174.2573 654.7793 200.9915 1.5031 3.7624 1.5513 1.4172 1.5905 42.7616 -0.1775 0.3619
226 0 Car -1 -1 -2.3127 989.8365 169.6323 1096.9250 203.9728 1.4865 4.1343 1.6124 19.4220 1.3474 32.4446 -1.7776 0.8275
226 0 Car -1 -1 3.1042 563.5419 177.8997 586.1749 198.1749 1.4914 4.0516 1.6036 -2.7934 1.8994 56.1998 3.0544 0.3541
227 0 Car -1 -1 3.1432 561.0725 178.1155 583.1918 198.9373 1.5289 4.2497 1.6568 -2.9757 1.9552 56.2381 3.0901 0.5381
227 0 Car -1 -1 0.8349 986.4016 166.2841 1094.8738 201.8024 1.5401 4.1867 1.6427 19.3362 1.2555 32.5103 1.3672 0.8581
228 0 Car -1 -1 3.1521 563.0498 178.1885 584.3788 198.3468 1.4847 3.9912 1.6016 -2.8340 1.9158 56.2377 3.1016 0.4068
228 0 Car -1 -1 0.8217 986.5391 168.1910 1096.9594 202.8458 1.4993 4.3070 1.6459 19.3691 1.2979 32.4776 1.3552 0.8749
229 0 Car -1 -1 3.1115 562.2640 177.5191 584.9610 198.0947 1.5153 4.1700 1.6353 -2.8941 1.8932 56.2522 3.0599 0.4163
229 0 Car -1 -1 0.8366 986.4301 167.9410 1093.3655 202.6607 1.5091 4.1279 1.6293 19.3399 1.2959 32.5719 1.3682 0.8303
230 0 Car -1 -1 1.4713 293.2372 177.0727 373.3297 206.8429 1.4445 3.6973 1.5445 -14.2041 1.6699 36.9572 1.1065 0.4137
230 0 Car -1 -1 3.1176 563.1993 178.7817 585.0019 198.5624 1.4494 4.0223 1.5920 -2.8497 1.9282 56.1691 3.0667 0.4071
230 0 Car -1 -1 0.8283 985.6383 168.5316 1093.3181 202.6125 1.4783 4.1872 1.6200 19.2952 1.2911 32.5252 1.3595 0.8449
231 0 Car -1 -1 3.1710 561.2361 178.4192 583.4314 198.6387 1.4847 4.0361 1.6092 -2.9247 1.9337 56.1342 3.1188 0.3699
231 0 Car -1 -1 0.8318 985.4716 168.9196 1094.6703 202.0262 1.4340 4.2570 1.6111 19.2929 1.2640 32.4769 1.3635 0.8655
232 0 Car -1 -1 -3.0448 557.7127 177.7195 583.2777 198.2408 1.5125 4.0275 1.6088 -3.0672 1.9056 56.1921 -3.0995 0.3233
232 0 Car -1 -1 0.8297 986.3493 168.2974 1092.2677 203.1929 1.5115 4.0787 1.6238 19.2538 1.3145 32.4697 1.3606 0.8766
