0 0 Car -1 -1 -2.6634 285.7619 172.3609 333.9559 194.2581 1.5468 3.8955 1.6518 -21.6174 0.9731 51.9518 -3.0538 0.8467
0 0 Car -1 -1 -0.5638 887.4992 187.1694 1238.0000 374.0000 1.4380 3.5279 1.4877 3.3999 1.5038 5.0236 0.0043 0.8583
0 0 Car -1 -1 -2.7661 312.5313 171.2559 350.8513 190.9888 1.5186 3.7528 1.5703 -21.6990 0.8085 56.2939 -3.1303 0.7552
1 0 Car -1 -1 -2.7004 306.9410 173.1985 348.8740 193.5844 1.5044 3.6643 1.5702 -21.5530 1.5320 55.1905 -3.0713 0.4791
1 0 Car -1 -1 -0.5885 889.1548 186.6141 1238.0000 374.0000 1.4612 3.9948 1.5542 3.4543 1.5954 5.0076 -0.0127 0.8425
1 0 Car -1 -1 -2.6741 282.8739 174.8371 328.9423 195.7058 1.4029 3.5911 1.5250 -21.3408 1.5476 50.6969 -3.0709 0.7696
2 0 Car -1 -1 -2.7003 303.6776 174.2793 344.2446 194.5312 1.4597 3.4224 1.5026 -21.3913 1.5702 54.0071 -3.0760 0.6411
2 0 Car -1 -1 -2.6923 276.7563 174.5702 324.4883 197.5665 1.5130 3.6984 1.5630 -21.2526 1.6359 49.6338 -3.0952 0.7829
2 0 Car -1 -1 -0.5838 871.4514 185.5607 1238.0000 374.0000 1.4119 4.0993 1.5529 3.3795 1.5393 5.1433 -0.0293 0.8756
3 0 Car -1 -1 -0.7304 1129.3513 177.1798 1195.8430 199.8701 1.5436 3.8296 1.6462 39.5700 1.8665 51.8122 -0.0813 0.4085
3 0 Car -1 -1 -0.5449 866.8481 187.6182 1238.0000 374.0000 1.4240 3.9225 1.5211 3.3902 1.5774 5.4984 -0.0170 0.8743
3 0 Car -1 -1 -2.6543 267.1736 175.5704 322.0168 199.0707 1.5022 4.0667 1.6779 -21.2434 1.6938 48.6965 -3.0639 0.5945
3 0 Car -1 -1 3.4322 299.8006 176.8674 341.2336 199.2217 1.5511 4.1949 1.6892 -21.2321 1.8584 53.0047 3.0527 0.5441
3 0 Car -1 -1 0.8691 1129.4957 177.9994 1234.9948 211.0147 1.4653 3.6772 1.5386 26.1788 1.7079 33.1203 1.5332 0.3334
4 0 Car -1 -1 3.4812 293.0111 175.3347 333.8135 197.7031 1.5323 3.5966 1.5916 -21.2145 1.7166 51.6652 3.0932 0.4351
4 0 Car -1 -1 -1.7253 744.7737 162.0436 835.6918 194.8093 1.6702 4.4070 1.7103 9.3449 1.1195 37.8180 -1.4852 0.6858
4 0 Car -1 -1 -0.5025 848.4203 191.7093 1238.0000 374.0000 1.4194 4.1639 1.5606 3.3578 1.6274 5.8567 -0.0046 0.8927
4 0 Car -1 -1 -2.7035 261.9870 176.7517 314.4856 201.1996 1.5172 3.9123 1.6387 -21.0893 1.7842 47.3777 -3.1205 0.6742
5 0 Car -1 -1 -0.5892 1154.4675 176.9270 1217.7567 200.8167 1.5503 3.6712 1.6017 39.3007 1.8400 49.3597 0.0799 0.6212
5 0 Car -1 -1 -2.6698 253.2384 176.5395 308.9361 201.1930 1.4909 3.9441 1.6281 -21.0371 1.7377 46.2406 -3.0948 0.7870
5 0 Car -1 -1 -0.5421 841.5135 193.9307 1238.0000 374.0000 1.3935 3.9820 1.5264 3.3825 1.6301 6.0528 -0.0542 0.8884
5 0 Car -1 -1 1.4043 742.7030 164.3439 844.1741 200.7568 1.7972 4.7688 1.7403 9.2098 1.3775 36.6615 1.6481 0.4405
6 0 Car -1 -1 -0.4708 820.7962 192.9870 1238.0000 374.0000 1.3865 4.0996 1.5532 3.3363 1.5233 6.4080 -0.0131 0.9121
6 0 Car -1 -1 3.5352 273.8627 175.7766 319.2995 198.7004 1.5185 3.7215 1.5834 -20.9152 1.1400 49.4486 3.1320 0.6636
6 0 Car -1 -1 -2.6572 242.1079 177.4115 295.3408 201.5113 1.4468 3.5798 1.5411 -20.7492 1.2021 44.9479 -3.0924 0.8341
7 0 Car -1 -1 -2.6558 234.9317 178.7807 290.1704 204.5255 1.4630 3.5094 1.5434 -20.9662 1.8362 43.6052 -3.1019 0.8315
7 0 Car -1 -1 -2.7196 266.4292 178.3434 317.3231 202.1557 1.4896 4.0004 1.5992 -21.1536 1.8709 48.0660 -3.1324 0.7439
7 0 Car -1 -1 -0.4418 813.3148 189.5804 1238.0000 374.0000 1.4823 4.2041 1.6468 3.2565 1.6864 6.6792 -0.0067 0.9118
8 0 Car -1 -1 3.5052 259.9062 177.8138 308.9983 202.2038 1.4858 3.9171 1.6070 -21.0658 1.8214 46.7686 3.0839 0.8086
8 0 Car -1 -1 -0.4127 814.1730 188.9128 1218.7751 374.0000 1.4333 4.1354 1.6048 3.2824 1.6347 6.9559 0.0107 0.9001
8 0 Car -1 -1 -2.6536 225.1065 178.9795 282.2789 204.6617 1.4174 3.5974 1.5039 -20.9565 1.7941 42.5088 -3.1093 0.8588
9 0 Car -1 -1 -0.4143 803.5576 189.2247 1173.6423 374.0000 1.4217 4.0746 1.5834 3.2690 1.6348 7.3244 -0.0106 0.9115
9 0 Car -1 -1 2.9344 665.8069 178.9378 696.9481 199.5020 1.5539 4.1215 1.6658 5.6639 2.0608 57.9262 3.0309 0.5453
9 0 Car -1 -1 -2.6444 214.2647 177.8408 273.2741 204.2784 1.4217 3.5212 1.5063 -20.9040 1.7195 41.2534 -3.1111 0.8237
10 0 Car -1 -1 -0.3913 792.7992 187.6236 1138.5177 374.0000 1.4311 4.0993 1.5858 3.1939 1.6288 7.5821 -0.0077 0.9048
10 0 Car -1 -1 -2.6338 202.1083 176.2819 267.3447 204.3298 1.4719 3.7904 1.5781 -20.8862 1.6726 40.2498 -3.1100 0.7561
11 0 Car -1 -1 -2.5639 184.4520 174.4700 254.1507 202.6588 1.4390 3.6798 1.5433 -21.0417 1.5309 38.9480 -3.0565 0.6769
11 0 Car -1 -1 3.5772 233.8103 173.6410 287.3755 200.3480 1.5340 3.6027 1.5128 -20.9638 1.5836 43.3582 3.1291 0.7735
11 0 Car -1 -1 -0.3594 790.3974 185.7867 1109.7137 374.0000 1.4606 4.1220 1.6127 3.2293 1.6404 7.9384 0.0129 0.9125
12 0 Car -1 -1 2.5667 670.0068 177.9310 718.2844 199.5719 1.5323 4.0957 1.6383 6.2586 1.9303 54.3146 2.6804 0.5671
12 0 Car -1 -1 -0.3793 783.4627 186.1768 1085.6851 362.9116 1.4465 3.9459 1.5961 3.2201 1.6348 8.1891 -0.0181 0.9113
12 0 Car -1 -1 3.6409 177.8111 177.2132 245.9682 206.5497 1.4359 3.6495 1.5514 -20.7429 1.6749 37.6813 3.1405 0.4512
12 0 Car -1 -1 3.5337 225.2519 176.7182 279.8477 202.0345 1.3928 3.7828 1.5265 -20.8785 1.6296 42.2212 3.0768 0.8208
13 0 Car -1 -1 -0.3541 781.3256 189.1541 1063.0575 353.2558 1.3929 4.0733 1.5691 3.2558 1.6329 8.5661 -0.0035 0.9082
13 0 Car -1 -1 3.5691 214.9610 176.4574 274.5127 203.2665 1.4300 3.8410 1.5565 -20.6889 1.6446 40.9560 3.1037 0.8017
13 0 Car -1 -1 -2.5675 167.9082 178.0497 241.5108 208.7946 1.4591 3.6546 1.5206 -20.5900 1.7376 36.7480 -3.0753 0.8794
14 0 Car -1 -1 3.0639 646.2203 173.4126 666.4159 190.7069 1.6164 3.9254 1.6357 4.4192 1.6721 69.5356 3.1268 0.3475
14 0 Car -1 -1 -2.5816 156.2823 180.1327 232.3493 211.3933 1.4226 3.6448 1.5392 -20.4256 1.8003 35.5491 -3.1001 0.8203
14 0 Car -1 -1 3.5548 205.7268 178.4423 266.9560 208.5600 1.5550 3.8147 1.6046 -20.6313 1.8797 39.9280 3.0804 0.8551
14 0 Car -1 -1 2.0180 263.9047 178.9256 318.0459 195.7569 1.5524 4.3762 1.6902 -30.1113 2.1338 68.1244 1.6031 0.5551
14 0 Car -1 -1 -0.3317 773.0095 187.3831 1037.6598 348.0725 1.4321 4.0876 1.5789 3.1913 1.6518 8.8436 0.0028 0.9086
15 0 Car -1 -1 3.6231 194.3435 180.3249 257.5179 208.8025 1.4687 3.6015 1.5417 -20.2323 1.4090 38.8469 3.1407 0.7980
15 0 Car -1 -1 -2.5515 141.8441 180.9561 218.7625 213.2348 1.4731 3.4965 1.5074 -20.1875 1.4492 34.5708 -3.0818 0.8549
15 0 Car -1 -1 -0.3511 763.7520 186.5338 1018.2770 334.8541 1.4537 3.9539 1.5828 3.3020 1.5332 9.1651 -0.0201 0.9020
16 0 Car -1 -1 -2.5675 635.4596 176.7558 673.9747 194.4934 1.5712 3.9770 1.6778 4.1588 1.9449 66.9325 -2.5061 0.3737
16 0 Car -1 -1 -2.5570 129.6400 182.3800 212.7027 217.4918 1.4860 3.5971 1.5445 -20.2270 1.9510 33.3572 -3.0988 0.8691
16 0 Car -1 -1 3.5979 186.8902 180.8794 252.4386 212.7358 1.5417 3.6024 1.5764 -20.3314 1.9813 37.6654 3.1057 0.7858
16 0 Car -1 -1 -0.2997 764.9759 183.7838 1003.9675 334.4788 1.4960 4.1903 1.6332 3.2399 1.6734 9.5741 0.0160 0.9170
17 0 Car -1 -1 -2.5555 111.6860 182.2470 198.4106 218.0505 1.4595 3.5796 1.5394 -20.2204 1.9022 32.1707 -3.1131 0.8867
17 0 Car -1 -1 3.6010 172.1203 179.8163 241.8003 213.6531 1.5855 3.7578 1.5654 -20.3384 1.9566 36.5060 3.0956 0.7427
17 0 Car -1 -1 -0.2986 761.9727 183.8986 989.8420 322.9117 1.4258 4.1193 1.6082 3.2300 1.6078 9.7938 0.0099 0.9088
18 0 Car -1 -1 3.6245 159.4980 179.9226 232.9391 214.3181 1.5600 3.6703 1.5905 -20.2167 1.9249 35.3489 3.1080 0.8615
18 0 Car -1 -1 -2.5473 91.8563 181.6592 188.1391 219.8636 1.4958 3.8188 1.5985 -20.1506 1.8988 31.0629 -3.1190 0.8607
18 0 Car -1 -1 -0.2923 757.2141 182.0924 975.7780 316.3253 1.4478 4.1675 1.6192 3.2413 1.6050 10.1565 0.0072 0.9136
19 0 Car -1 -1 3.6176 147.9855 181.3310 220.3002 214.0974 1.4307 3.5356 1.4929 -20.1592 1.8546 34.2406 3.0887 0.8208
19 0 Car -1 -1 -2.5382 75.9562 182.8040 173.7334 220.6346 1.4251 3.6856 1.5463 -20.0979 1.8649 30.0101 -3.1244 0.8750
19 0 Car -1 -1 -0.1181 334.1496 173.2813 357.9301 190.9065 1.5917 3.8858 1.6389 -24.6858 1.6332 67.3635 -0.4683 0.4581
19 0 Car -1 -1 -0.2730 753.1202 182.0335 957.8878 312.2391 1.4645 4.1451 1.6232 3.2216 1.6249 10.4922 0.0160 0.9158
20 0 Car -1 -1 2.4436 1121.3302 179.6737 1197.0044 206.0585 1.4799 3.7566 1.5581 32.8861 1.9084 43.3757 3.0886 0.3879
20 0 Car -1 -1 -2.4851 50.3573 183.2629 158.3287 223.6844 1.4528 3.7457 1.5599 -20.1075 1.8966 28.8244 -3.0901 0.8766
20 0 Car -1 -1 3.6381 130.1109 181.0172 210.6685 215.7662 1.4605 3.7220 1.5627 -20.1080 1.8569 33.1093 3.0956 0.8519
20 0 Car -1 -1 -0.2936 751.3299 182.1308 946.7781 304.7418 1.4512 4.0016 1.5794 3.2721 1.6169 10.8491 -0.0092 0.9103
21 0 Car -1 -1 -0.2564 748.8325 182.4160 930.9315 305.8767 1.5078 3.8812 1.6197 3.2272 1.6808 11.0679 0.0191 0.9179
21 0 Car -1 -1 3.6661 111.4480 181.4447 199.1622 219.6007 1.5422 3.7752 1.5981 -20.0498 1.9455 31.9339 3.1090 0.8697
21 0 Car -1 -1 -2.4937 29.0156 183.6657 141.2781 227.0269 1.4948 3.6865 1.5608 -20.0248 1.9376 27.6621 -3.1159 0.8641
22 0 Car -1 -1 -0.2572 744.6225 182.9466 920.8154 297.8526 1.4517 4.0298 1.5976 3.2481 1.6411 11.4914 0.0105 0.9149
22 0 Car -1 -1 -2.5012 8.4111 186.1587 124.4089 229.1132 1.4061 3.6650 1.5110 -19.9277 1.9305 26.5859 -3.1397 0.8801
22 0 Car -1 -1 3.6973 96.2840 183.5219 186.6871 221.5307 1.4745 3.6749 1.5249 -19.9749 1.9587 30.8749 3.1268 0.8504
23 0 Car -1 -1 3.6845 75.4546 184.2668 171.2662 223.6925 1.4579 3.7752 1.5279 -19.9533 1.9585 29.7090 3.0970 0.8518
23 0 Car -1 -1 -1.7334 730.6664 172.5556 784.0245 196.2285 1.4861 3.1318 1.5247 9.3550 1.4677 46.1113 -1.5349 0.4562
23 0 Car -1 -1 -0.2242 740.5832 185.3745 902.5089 293.8473 1.4111 4.0704 1.5951 3.2116 1.6541 11.9187 0.0317 0.9116
23 0 Car -1 -1 -2.4499 0.0000 186.7755 105.4195 232.4169 1.4205 3.6772 1.5059 -19.9238 1.9479 25.4514 -3.1092 0.8768
24 0 Car -1 -1 -2.3774 0.0000 188.1373 87.4978 233.5414 1.4058 3.6286 1.5154 -19.8487 1.5136 24.3667 -3.0558 0.7972
24 0 Car -1 -1 -1.0445 997.4205 181.0159 1238.0000 374.0000 1.5050 4.0503 1.6413 3.3632 1.5046 2.3836 -0.1443 0.3873
24 0 Car -1 -1 -0.2346 733.1307 185.6196 890.2277 286.7766 1.4346 4.0384 1.5814 3.2005 1.4437 12.2381 0.0152 0.9035
24 0 Car -1 -1 3.7503 48.9706 181.0517 149.6536 221.2305 1.4934 3.5403 1.4910 -20.0647 1.3398 28.4865 3.1408 0.8482
25 0 Car -1 -1 -0.2343 730.5248 180.8065 884.5483 281.9182 1.4368 4.0790 1.5979 3.1844 1.5987 12.6163 0.0064 0.9129
25 0 Car -1 -1 -2.4160 0.0000 182.6262 59.0082 238.2996 1.5607 3.9770 1.6378 -19.9143 1.8987 22.9279 -3.1255 0.7579
25 0 Car -1 -1 -0.6475 777.3253 173.9482 1238.0000 374.0000 1.5093 4.0681 1.6245 2.3055 1.5184 3.6929 -0.1255 0.3060
25 0 Car -1 -1 3.7253 27.7957 181.1824 138.9140 225.3927 1.5181 3.7634 1.5838 -19.9006 1.8568 27.4049 3.1017 0.6507
26 0 Car -1 -1 -0.9299 994.3299 198.5396 1238.0000 374.0000 1.4522 3.9627 1.5889 3.4133 1.6245 2.7803 -0.0940 0.4613
26 0 Car -1 -1 -0.2090 727.1520 180.5208 871.5264 279.9591 1.4672 4.0316 1.6232 3.1544 1.6273 12.9912 0.0230 0.9107
26 0 Car -1 -1 3.7399 0.0000 181.1534 119.5250 226.6037 1.4888 3.8680 1.5556 -19.9603 1.8145 26.3180 3.0957 0.8781
26 0 Car -1 -1 -1.7252 740.9482 166.4428 799.4966 195.9008 1.7072 3.1719 1.5865 9.4131 1.3360 42.7021 -1.5101 0.3640
27 0 Car -1 -1 2.2572 1005.7156 180.4735 1238.0000 374.0000 1.5011 4.1375 1.6295 3.7008 1.5568 3.1221 3.0811 0.6870
27 0 Car -1 -1 2.3788 791.7866 174.7437 834.0942 191.1829 1.4703 3.8441 1.5553 18.8062 1.6517 67.0666 2.6507 0.3518
27 0 Car -1 -1 3.7598 0.0000 182.4216 95.9848 229.2757 1.4675 3.5356 1.4939 -19.8958 1.8250 25.1318 3.0952 0.8904
27 0 Car -1 -1 -0.2238 720.7922 183.4750 861.3644 280.1803 1.4662 3.9829 1.5986 3.1097 1.6927 13.3669 -0.0012 0.9148
28 0 Car -1 -1 3.8017 0.0000 182.0154 77.5378 229.7750 1.5030 3.3688 1.5013 -19.9559 1.5598 24.0558 3.1174 0.8835
28 0 Car -1 -1 -0.8679 974.4691 160.3648 1238.0000 374.0000 1.5191 4.2173 1.6420 3.6724 1.4898 3.2418 -0.0660 0.7416
28 0 Car -1 -1 -0.2216 709.4247 181.4376 842.9678 270.1942 1.4681 3.9737 1.6139 3.0935 1.4906 13.7213 -0.0032 0.9052
29 0 Car -1 -1 -0.7753 966.7728 179.8829 1238.0000 374.0000 1.5315 3.7288 1.5726 3.7001 1.5891 3.9632 -0.0614 0.7883
29 0 Car -1 -1 -0.2160 712.7922 183.9913 844.0939 273.5763 1.4429 4.0885 1.5948 3.0741 1.6938 14.1789 -0.0078 0.9126
29 0 Car -1 -1 3.8282 0.0000 186.5490 47.5767 238.6839 1.4395 3.6397 1.5333 -19.9131 1.9062 22.7266 3.1145 0.6568
30 0 Car -1 -1 -0.7469 943.8056 188.6777 1238.0000 374.0000 1.4360 3.9899 1.5598 3.5979 1.5694 4.0285 -0.0544 0.7476
30 0 Car -1 -1 -0.1772 709.3635 185.2528 828.0590 270.8821 1.4189 4.0108 1.5847 2.9859 1.7042 14.5591 0.0200 0.9029
30 0 Car -1 -1 -2.3446 0.0000 183.7475 28.9595 241.3464 1.5095 3.7067 1.5738 -19.7294 1.8635 21.5229 -3.0805 0.3036
31 0 Car -1 -1 -0.1517 705.0281 181.3281 818.9961 266.7964 1.4779 4.1485 1.6363 2.9428 1.6791 14.9947 0.0374 0.8998
31 0 Car -1 -1 -0.6391 951.7394 191.6400 1238.0000 374.0000 1.4457 3.8707 1.5692 3.7165 1.6128 4.4500 0.0238 0.7212
32 0 Car -1 -1 -0.1075 800.5179 173.8826 825.2045 192.1076 1.5025 3.9596 1.6085 17.3190 1.5940 61.8030 0.1641 0.4449
32 0 Car -1 -1 -0.1471 695.7965 182.3925 805.7854 264.9370 1.4638 4.1916 1.6368 2.7937 1.6958 15.4002 0.0280 0.9118
32 0 Car -1 -1 -0.6035 922.0240 184.3604 1238.0000 374.0000 1.5059 3.5272 1.5097 3.5298 1.6108 4.7861 0.0020 0.7893
33 0 Car -1 -1 -0.1192 692.5949 181.7542 793.4511 262.2797 1.4747 4.1009 1.6256 2.7098 1.6953 15.7590 0.0470 0.9034
33 0 Car -1 -1 -0.5709 902.9880 182.1592 1238.0000 374.0000 1.4895 3.8388 1.5707 3.5377 1.5798 5.0434 0.0127 0.8284
34 0 Car -1 -1 -0.5224 888.0098 165.5340 1238.0000 374.0000 1.6149 3.7578 1.5702 3.5131 1.5793 5.4462 0.0251 0.8625
34 0 Car -1 -1 -0.1191 685.1779 181.3996 782.4086 260.4637 1.4994 3.8314 1.6321 2.5722 1.7128 16.0448 0.0360 0.9141
35 0 Car -1 -1 -0.4720 879.2263 171.3698 1238.0000 374.0000 1.5494 3.5357 1.5262 3.4099 1.5419 5.6600 0.0465 0.8640
35 0 Car -1 -1 -0.0934 679.5645 181.9430 768.9428 254.7609 1.4026 4.0835 1.5870 2.4336 1.6370 16.4931 0.0496 0.9009
36 0 Car -1 -1 -0.0822 674.4793 180.4760 760.3183 251.7542 1.4254 4.0783 1.6106 2.3501 1.6267 16.9489 0.0523 0.9052
36 0 Car -1 -1 -0.4659 856.0783 177.0392 1238.0000 374.0000 1.5495 3.6451 1.5236 3.3161 1.5949 5.9280 0.0221 0.8889
37 0 Car -1 -1 -0.3970 839.5996 164.9159 1238.0000 374.0000 1.6297 3.5749 1.5340 3.1932 1.5075 6.1946 0.0606 0.8977
37 0 Car -1 -1 -0.0419 664.8958 181.6635 741.0666 248.2861 1.4142 4.1757 1.6048 2.1455 1.3400 17.4001 0.0784 0.9046
38 0 Car -1 -1 -0.0563 659.2690 180.8977 736.9697 248.9840 1.4360 4.1302 1.6252 2.0141 1.6585 17.8180 0.0535 0.9113
38 0 Car -1 -1 -0.3628 822.5483 168.3125 1208.4889 374.0000 1.6122 3.8040 1.5622 3.1165 1.5834 6.5681 0.0618 0.9096
38 0 Car -1 -1 -2.1328 207.5048 178.1005 269.6526 199.9282 1.5405 3.8718 1.6118 -27.7694 1.9486 53.9958 -2.6061 0.4176
39 0 Car -1 -1 -0.0331 652.3099 179.4914 723.7922 245.2323 1.4286 4.0362 1.5920 1.8245 1.6151 18.1596 0.0646 0.9020
39 0 Car -1 -1 -0.3252 807.9586 168.6389 1165.6305 374.0000 1.6552 3.8339 1.6657 3.0748 1.6266 6.9289 0.0755 0.9100
40 0 Car -1 -1 -0.3059 786.0518 169.5401 1117.7472 374.0000 1.7011 3.9021 1.6758 2.9164 1.6774 7.2385 0.0617 0.9065
40 0 Car -1 -1 -0.0216 645.0455 181.3500 713.8658 245.0455 1.4158 4.0140 1.5803 1.6819 1.6598 18.6378 0.0661 0.9074
41 0 Car -1 -1 -0.0097 636.3806 180.9151 704.4210 243.6439 1.4267 4.0639 1.5976 1.5077 1.6629 19.0236 0.0673 0.9074
41 0 Car -1 -1 -0.2987 774.6047 167.5825 1074.7074 374.0000 1.6806 3.7020 1.6482 2.8242 1.6399 7.5003 0.0472 0.8908
41 0 Car -1 -1 -2.4369 77.7926 177.9832 153.3589 205.0009 1.5714 4.0295 1.6530 -30.6656 1.9054 44.8480 -3.0341 0.3982
42 0 Car -1 -1 -0.2328 754.3445 175.8876 1012.7783 374.0000 1.6366 3.7628 1.6428 2.6016 1.6784 7.9187 0.0722 0.9180
42 0 Car -1 -1 0.0256 624.5984 182.4516 689.9917 243.1717 1.4076 4.0092 1.5784 1.2694 1.6941 19.4437 0.0889 0.9086
43 0 Car -1 -1 0.0068 621.5738 182.2451 686.9139 241.9168 1.4125 4.0404 1.6071 1.1681 1.6974 19.7945 0.0639 0.9057
43 0 Car -1 -1 -0.1970 746.1816 172.5297 980.9874 361.6165 1.6419 3.7246 1.6465 2.5110 1.6394 8.1907 0.0891 0.9154
44 0 Car -1 -1 0.0314 609.7917 182.2245 674.7111 242.4848 1.4615 4.2037 1.6394 0.9212 1.7539 20.3252 0.0751 0.9094
44 0 Car -1 -1 -0.1611 730.9568 170.1203 941.1942 354.0069 1.6891 3.8139 1.6387 2.3534 1.6644 8.6017 0.0959 0.9174
45 0 Car -1 -1 -0.1551 718.0102 171.8604 917.8773 341.2992 1.6320 3.7500 1.6575 2.2384 1.6228 8.8839 0.0825 0.9112
45 0 Car -1 -1 0.0727 599.4592 181.8945 666.8945 240.0046 1.4383 4.0778 1.6348 0.7062 1.7237 20.6280 0.1055 0.9047
46 0 Car -1 -1 0.0655 596.1475 182.3960 661.0023 240.2286 1.4584 3.9684 1.6240 0.5770 1.7626 20.9198 0.0918 0.9018
46 0 Car -1 -1 -0.1264 702.4111 173.2437 883.2382 339.0995 1.6756 3.8299 1.6432 2.0483 1.6820 9.2724 0.0829 0.9067
47 0 Car -1 -1 -0.0715 691.9092 172.7512 848.5687 326.9410 1.6335 3.7793 1.6483 1.9020 1.5026 9.5858 0.1183 0.9101
47 0 Car -1 -1 3.5647 259.1338 181.1727 302.4805 200.8115 1.5146 4.1032 1.6095 -26.1022 1.2039 57.4899 3.1399 0.3021
47 0 Car -1 -1 0.0959 586.5504 183.1539 652.4756 236.8052 1.4418 3.9683 1.5859 0.3928 1.3876 21.3763 0.1135 0.9019
48 0 Car -1 -1 0.1142 576.7948 183.2632 644.2292 235.9471 1.4343 4.0399 1.6124 0.3368 1.4941 21.7979 0.1241 0.9053
48 0 Car -1 -1 -0.0829 675.7923 175.3044 829.6233 317.2087 1.5847 3.7773 1.6526 1.8464 1.5168 9.9743 0.0898 0.9086
48 0 Car -1 -1 -2.6016 238.9138 181.5065 286.3013 201.5901 1.5148 3.8734 1.5983 -26.4189 1.5159 56.1832 -3.0444 0.4565
49 0 Car -1 -1 -0.0379 664.6702 175.1253 809.3450 318.7733 1.6455 3.8208 1.6662 1.6346 1.6846 10.3180 0.1134 0.9090
49 0 Car -1 -1 0.1167 575.5714 182.8830 642.5482 235.7378 1.4080 4.0386 1.5918 0.0136 1.7449 22.1127 0.1164 0.8950
50 0 Car -1 -1 0.4704 275.2928 181.5297 316.0822 200.0769 1.5091 4.0012 1.6060 -27.2655 2.2876 62.6651 0.0613 0.6528
50 0 Car -1 -1 -0.0191 651.4865 174.0124 792.4031 309.9985 1.6190 3.7562 1.6844 1.5089 1.6395 10.5850 0.1173 0.9138
50 0 Car -1 -1 0.1158 572.1516 178.8593 640.0990 232.5768 1.4843 3.9900 1.6647 -0.0778 1.6890 22.4743 0.1116 0.9071
51 0 Car -1 -1 0.0252 635.3771 173.0240 767.0475 299.9245 1.5812 3.7818 1.6501 1.3578 1.5846 10.9824 0.1437 0.9054
51 0 Car -1 -1 0.1350 569.8554 178.9733 637.4589 230.2213 1.4426 3.9541 1.6235 -0.1599 1.6544 22.8654 0.1273 0.8971
51 0 Car -1 -1 -2.6229 224.5093 177.0434 275.6722 198.4210 1.4843 3.9830 1.5889 -26.3615 1.8038 52.9289 -3.0832 0.4995
52 0 Car -1 -1 0.1185 565.7531 176.8012 632.0638 227.8778 1.4744 4.2437 1.6534 -0.3117 1.6146 23.3616 0.1046 0.8906
52 0 Car -1 -1 0.0270 627.6259 169.6775 753.3005 292.0772 1.5944 3.7658 1.6459 1.2444 1.5534 11.3709 0.1319 0.9066
53 0 Car -1 -1 0.0123 624.0347 170.8123 744.5941 291.0407 1.6242 3.7531 1.6345 1.1518 1.5970 11.6978 0.1068 0.9179
53 0 Car -1 -1 0.1222 561.5116 178.1314 624.4713 226.4980 1.4126 3.9950 1.5807 -0.5182 1.6006 23.5877 0.0998 0.8905
54 0 Car -1 -1 -2.1332 236.9084 177.1161 292.3523 197.0755 1.5827 3.8030 1.6675 -27.9183 1.3156 58.1154 -2.5773 0.5788
54 0 Car -1 -1 0.1610 547.4870 175.3837 614.5001 222.6022 1.4562 4.0250 1.6282 -0.7517 1.3000 23.9027 0.1317 0.8995
54 0 Car -1 -1 -0.0109 614.1910 171.3274 729.6204 284.2784 1.6064 3.7301 1.6446 1.0461 1.4776 11.9728 0.0757 0.8978
55 0 Car -1 -1 0.0292 608.3115 174.3925 722.1668 284.3926 1.5737 3.8632 1.6465 0.9370 1.6048 12.3814 0.1017 0.8896
55 0 Car -1 -1 -2.2088 229.4900 180.1637 288.8105 201.4812 1.5789 4.0180 1.6674 -27.7296 2.1796 57.0909 -2.6594 0.4109
55 0 Car -1 -1 0.1608 551.1166 181.2748 616.0716 228.7857 1.4182 4.0245 1.5661 -0.8515 1.7274 24.3714 0.1255 0.8873
56 0 Car -1 -1 0.1529 549.4406 182.1206 612.9172 228.5758 1.4032 4.1026 1.5680 -0.9484 1.7490 24.7673 0.1143 0.8877
56 0 Car -1 -1 0.0584 595.9973 173.8932 707.5624 281.9057 1.6145 3.8479 1.6890 0.7978 1.6362 12.8306 0.1179 0.9064
57 0 Car -1 -1 0.0424 594.3013 173.9195 703.0768 280.3748 1.6433 3.8324 1.6961 0.7265 1.6660 13.1628 0.0950 0.8943
57 0 Car -1 -1 -2.5630 175.1098 183.9912 237.0519 209.5194 1.5120 3.9053 1.6025 -25.9749 2.2608 46.4861 -3.0703 0.3437
57 0 Car -1 -1 -2.5937 226.7151 182.7903 281.2174 205.3837 1.5963 4.3421 1.7248 -27.1805 2.3875 55.1877 -3.0497 0.7065
57 0 Car -1 -1 0.2032 542.5526 182.1441 611.7097 229.8352 1.4633 4.1129 1.6065 -1.0984 1.8151 25.1353 0.1592 0.8850
58 0 Car -1 -1 3.5317 228.4881 181.0969 275.6200 202.5193 1.5678 4.2820 1.7126 -26.9036 1.6166 54.0565 3.0739 0.5862
58 0 Car -1 -1 0.0706 577.5572 173.3419 678.0938 267.5970 1.5447 3.7836 1.6426 0.5221 1.4291 13.5533 0.1100 0.9164
58 0 Car -1 -1 0.2291 534.5255 179.6934 598.3924 220.9753 1.3648 3.5881 1.4947 -1.3315 1.3396 25.2680 0.1788 0.8759
58 0 Car -1 -1 3.6351 169.5180 182.0972 229.3462 206.5347 1.4881 3.9969 1.6148 -25.9200 1.5964 45.3287 3.1203 0.6425
59 0 Car -1 -1 -2.3031 211.9683 181.4117 273.6908 204.1508 1.5515 3.9670 1.6276 -26.9250 2.2057 52.9850 -2.7715 0.6544
59 0 Car -1 -1 3.6133 159.1276 182.4151 220.8019 209.0344 1.5095 4.0083 1.6316 -25.8088 2.1257 44.4255 3.0894 0.5985
59 0 Car -1 -1 0.0723 581.8661 171.9400 682.8645 271.3122 1.6450 3.7276 1.6685 0.5026 1.6302 13.8836 0.1065 0.9090
59 0 Car -1 -1 0.1686 544.1238 181.6430 604.1382 224.7841 1.3733 3.8576 1.5151 -1.2503 1.7122 25.7877 0.1200 0.8907
60 0 Car -1 -1 -2.6084 153.7973 181.7160 217.5188 208.9536 1.5197 3.8022 1.5853 -25.4751 2.0766 43.4001 -3.1367 0.5297
60 0 Car -1 -1 -2.6255 216.1054 179.9638 270.2222 203.3428 1.5802 4.1037 1.6734 -26.4554 2.1148 52.1261 -3.0934 0.7548
60 0 Car -1 -1 0.0694 578.8685 174.5567 677.4437 269.9834 1.6141 4.0030 1.6744 0.4405 1.6532 14.3494 0.0983 0.9013
60 0 Car -1 -1 0.0902 550.7550 182.5833 602.0035 225.5072 1.3881 3.7144 1.5221 -1.1944 1.7656 26.0765 0.0442 0.8675
61 0 Car -1 -1 -2.5372 205.0942 180.9975 264.8202 205.2534 1.5948 4.1147 1.7083 -26.4741 2.1953 51.0290 -3.0139 0.6685
61 0 Car -1 -1 0.0851 578.3499 175.3858 675.7470 265.2640 1.5658 3.8959 1.6502 0.4212 1.6249 14.7095 0.1120 0.9098
61 0 Car -1 -1 0.0835 551.9998 182.8439 601.6475 225.0299 1.3842 3.7324 1.5135 -1.1974 1.7772 26.4623 0.0381 0.8609
61 0 Car -1 -1 -2.5757 140.5381 181.8140 206.8663 209.4644 1.4998 3.7199 1.5662 -25.4882 2.0480 42.2324 -3.1162 0.7094
62 0 Car -1 -1 0.2183 541.1472 183.0101 603.9564 226.1530 1.4291 3.8428 1.5396 -1.3615 1.8363 26.8740 0.1674 0.8562
62 0 Car -1 -1 0.0757 574.3248 175.0476 667.9059 263.4257 1.5826 3.9499 1.6498 0.3039 1.6349 15.0630 0.0943 0.9091
62 0 Car -1 -1 -2.5373 203.7464 178.2794 260.9023 202.4451 1.5758 3.8197 1.6173 -26.0996 1.9667 49.9394 -3.0169 0.6201
63 0 Car -1 -1 0.1598 540.9094 180.6360 597.9512 224.0292 1.4768 3.7236 1.5726 -1.5017 1.7912 27.1803 0.1044 0.8449
63 0 Car -1 -1 0.0834 568.9901 175.1039 663.4966 263.5355 1.6254 3.7786 1.6894 0.2000 1.6796 15.3198 0.0950 0.9057
63 0 Car -1 -1 -2.6477 199.0429 179.4185 256.6412 203.0726 1.4993 4.2288 1.6449 -25.9172 1.9651 49.0328 -3.1319 0.7402
63 0 Car -1 -1 -2.5427 124.9116 182.8552 193.1447 210.4215 1.4131 3.4938 1.4976 -24.9897 1.9933 40.0528 -3.0977 0.7619
64 0 Car -1 -1 -2.5217 111.4748 180.4248 186.8145 210.4415 1.5096 3.7398 1.5565 -24.9533 1.9409 39.1582 -3.0862 0.8021
64 0 Car -1 -1 0.0001 597.1529 157.5356 618.0897 181.5659 1.5958 2.5262 1.3905 -0.1936 0.5789 49.1794 -0.0040 0.4369
64 0 Car -1 -1 0.1244 561.9110 174.0046 658.0828 259.9462 1.6292 3.7691 1.6293 0.0673 1.6578 15.7014 0.1275 0.9113
64 0 Car -1 -1 -2.5532 187.5413 177.9659 249.7829 203.1822 1.5697 3.9991 1.6852 -25.8862 1.9235 47.8209 -3.0472 0.8277
64 0 Car -1 -1 0.0881 546.8605 180.3774 596.8568 223.1348 1.4814 3.9214 1.5765 -1.4395 1.7911 27.6829 0.0360 0.8240
65 0 Car -1 -1 -2.5084 173.0759 180.5969 239.0753 204.7127 1.5028 4.1709 1.6345 -25.7342 1.4472 46.9337 -3.0126 0.7862
65 0 Car -1 -1 0.0941 556.0837 173.9730 645.0867 258.4826 1.6652 4.2189 1.6405 0.0701 1.5182 16.3284 0.0928 0.8931
65 0 Car -1 -1 3.7087 91.0546 183.4993 167.9453 212.9022 1.4674 3.8700 1.5779 -24.9049 1.5796 38.0571 3.1273 0.6695
65 0 Car -1 -1 0.1590 534.8831 183.4119 587.5408 222.5417 1.4111 3.5239 1.5194 -1.5206 1.4913 27.9090 0.0998 0.8429
66 0 Car -1 -1 -2.5462 169.0038 182.6908 235.6814 209.8260 1.5816 4.0539 1.6844 -25.7402 2.2330 45.6593 -3.0572 0.7487
66 0 Car -1 -1 0.1014 556.3054 178.3538 646.1201 259.4624 1.5913 4.1362 1.6424 -0.1282 1.7343 16.5783 0.0927 0.8968
66 0 Car -1 -1 -2.5401 81.6493 185.4302 163.0331 218.5157 1.5423 3.7440 1.6086 -24.9025 2.2194 36.9431 -3.1300 0.7860
66 0 Car -1 -1 0.1935 535.5330 185.0734 593.1552 226.5783 1.4508 3.6084 1.5854 -1.7615 1.9613 28.2256 0.1310 0.7560
67 0 Car -1 -1 0.0969 554.4746 180.5295 643.0795 260.7487 1.5916 4.0645 1.6686 -0.1911 1.7931 16.8093 0.0846 0.8915
67 0 Car -1 -1 -2.5109 68.5948 188.6755 157.8453 222.9298 1.5245 3.9800 1.6232 -24.6954 2.3582 35.9868 -3.1091 0.7643
67 0 Car -1 -1 0.2073 532.8699 187.8950 591.0782 229.1848 1.4412 3.7548 1.5611 -1.8747 2.0785 28.5854 0.1417 0.8238
67 0 Car -1 -1 -2.5345 159.9244 187.4862 230.3923 214.7884 1.5226 4.1488 1.7165 -25.6226 2.4725 44.6753 -3.0529 0.8287
68 0 Car -1 -1 0.1250 548.4926 178.6184 640.0689 258.4217 1.6274 4.2702 1.6558 -0.2959 1.7832 17.2423 0.1070 0.8898
68 0 Car -1 -1 -2.4325 43.1875 185.6266 142.8758 222.2801 1.5846 4.0362 1.6660 -24.7917 2.2368 34.7316 -3.0490 0.5018
68 0 Car -1 -1 0.1977 533.3680 184.9061 590.3154 225.3270 1.4514 3.8377 1.5682 -1.9140 1.9715 29.1074 0.1320 0.8139
68 0 Car -1 -1 -2.4681 148.1206 184.2498 221.3132 211.9096 1.5174 4.0392 1.6269 -25.5432 2.2373 43.4394 -2.9972 0.7059
69 0 Car -1 -1 0.1947 530.7940 180.8810 584.5754 219.1108 1.4067 3.6091 1.5025 -2.0976 1.7532 29.2214 0.1230 0.6444
69 0 Car -1 -1 0.1379 544.5202 174.7331 635.8792 250.6818 1.6059 4.0682 1.6576 -0.4068 1.6573 17.4739 0.1140 0.8997
69 0 Car -1 -1 -2.4643 29.2764 184.1716 128.5795 218.6158 1.4484 3.9810 1.5795 -24.7082 2.0091 33.6959 -3.0934 0.7659
69 0 Car -1 -1 -2.5014 141.7772 180.6700 215.8448 208.1009 1.4897 4.0816 1.6221 -25.3356 1.9735 42.5032 -3.0364 0.7756
70 0 Car -1 -1 -2.6537 316.9607 162.7145 360.4686 188.1829 2.2878 4.7353 1.7772 -24.7541 0.6913 65.9721 -3.0093 0.5435
70 0 Car -1 -1 0.1397 534.5032 168.6085 624.7564 240.2930 1.5845 4.4239 1.6595 -0.5458 1.3233 17.9144 0.1116 0.9001
70 0 Car -1 -1 -2.4947 126.7412 172.8461 208.2292 202.0264 1.6161 4.3742 1.7679 -25.5183 1.1936 41.4178 -3.0417 0.8831
70 0 Car -1 -1 0.0271 538.7288 173.9617 578.7471 211.8422 1.4854 3.7563 1.5644 -1.9068 1.2305 29.6253 -0.0348 0.5687
70 0 Car -1 -1 3.7799 18.2699 179.7676 116.0232 213.4799 1.4581 3.8721 1.5648 -24.6223 1.4279 32.5152 3.1382 0.8404
71 0 Car -1 -1 -2.4289 0.0000 180.7581 100.6354 217.1327 1.4453 3.7921 1.5294 -24.4157 1.8113 31.4442 -3.0851 0.7975
71 0 Car -1 -1 -2.4025 110.5335 176.4747 195.3009 204.7507 1.4687 4.1306 1.6265 -25.3974 1.6817 40.2083 -2.9630 0.7918
71 0 Car -1 -1 0.1256 539.8091 171.7270 627.9237 246.4645 1.6650 4.3529 1.6907 -0.5847 1.6403 18.3177 0.0932 0.8901
71 0 Car -1 -1 -0.0472 547.1584 177.4955 589.1000 215.5617 1.4566 3.8050 1.5529 -1.8387 1.6630 30.0631 -0.1083 0.7292
72 0 Car -1 -1 -2.5152 105.0569 177.8407 190.5088 208.3560 1.5375 4.3839 1.6567 -25.0999 1.8251 39.3208 -3.0805 0.7917
72 0 Car -1 -1 0.1432 534.6138 180.0626 584.9444 219.2159 1.5126 3.8040 1.5993 -2.1036 1.8378 30.5495 0.0744 0.7386
72 0 Car -1 -1 0.1149 539.5502 173.3087 623.8028 247.0359 1.6640 4.4564 1.6571 -0.6528 1.6775 18.5971 0.0794 0.8938
72 0 Car -1 -1 -2.3822 0.0000 182.3487 84.5112 220.6658 1.4580 3.7759 1.5395 -24.4078 1.8836 30.3646 -3.0551 0.8305
73 0 Car -1 -1 0.1571 533.0436 175.2409 621.6552 246.7431 1.6190 4.3367 1.6273 -0.7697 1.6887 18.7323 0.1157 0.8975
73 0 Car -1 -1 -2.3884 0.0000 184.2105 67.1317 225.0768 1.4770 3.8670 1.5778 -24.3009 1.9674 29.1539 -3.0788 0.6989
73 0 Car -1 -1 0.1007 538.4807 181.9181 584.5715 220.5964 1.4909 3.8991 1.5737 -2.0431 1.9019 30.7103 0.0342 0.7404
73 0 Car -1 -1 0.5315 103.1053 179.6283 180.4047 210.1856 1.5030 4.0744 1.6042 -24.8930 1.8840 38.4705 -0.0398 0.4819
74 0 Car -1 -1 0.0264 538.6693 180.1812 577.2110 216.1058 1.4740 3.9970 1.5747 -2.0306 1.4624 31.0308 -0.0366 0.6922
74 0 Car -1 -1 -2.4965 82.1575 179.4589 170.3429 208.8187 1.4486 4.1769 1.6240 -24.9495 1.3986 37.0115 -3.0840 0.8309
74 0 Car -1 -1 0.0747 537.7351 173.5025 612.7175 240.6180 1.6015 4.3974 1.6787 -0.7252 1.4361 19.0962 0.0390 0.8926
75 0 Car -1 -1 0.1009 541.6889 177.1927 618.7961 245.1608 1.5951 4.2429 1.6411 -0.7368 1.7250 19.3756 0.0625 0.8926
75 0 Car -1 -1 0.1827 531.8521 180.7720 583.7302 218.1583 1.4815 3.8792 1.5772 -2.2510 1.8493 31.4590 0.1112 0.6608
75 0 Car -1 -1 -2.4719 66.5272 182.0795 157.0690 212.1846 1.3599 3.9927 1.5554 -24.6999 1.8454 35.8908 -3.0713 0.7757
76 0 Car -1 -1 0.0893 538.1554 174.1215 612.0691 239.8942 1.5994 4.2896 1.6549 -0.6433 1.4212 19.6503 0.0517 0.8823
76 0 Car -1 -1 -2.4794 47.9975 181.3798 146.5586 211.9299 1.3956 4.3020 1.6342 -24.4325 1.3910 35.0028 -3.0903 0.8370
76 0 Car -1 -1 -2.9407 529.1009 175.1463 582.1465 211.8585 1.5147 3.9698 1.5925 -1.9672 1.2535 31.7081 -3.0073 0.6621
77 0 Car -1 -1 -2.4531 33.9739 179.7747 137.4776 213.5962 1.4428 4.1564 1.6434 -24.4387 1.7876 33.7766 -3.0758 0.8748
77 0 Car -1 -1 0.0900 543.6978 176.4385 617.1191 242.0035 1.5882 4.1509 1.6420 -0.7575 1.6976 19.8220 0.0514 0.8902
77 0 Car -1 -1 -2.9258 531.7283 176.8786 585.6418 213.7996 1.5112 3.9213 1.5837 -2.2504 1.7017 32.0324 -2.9959 0.6805
78 0 Car -1 -1 0.5058 523.7634 180.8748 595.8983 216.4969 1.4568 3.8200 1.5896 -2.2304 1.8414 32.5023 0.4372 0.4108
78 0 Car -1 -1 0.0760 543.5612 176.5590 615.2986 242.6433 1.6220 4.2468 1.6717 -0.7953 1.7367 20.1009 0.0361 0.8899
78 0 Car -1 -1 -2.4690 17.8060 179.1465 131.3874 214.6244 1.4663 4.5263 1.6999 -24.3011 1.7739 32.9293 -3.1010 0.8849
78 0 Car -1 -1 1.1336 874.2437 175.7686 951.9568 203.2695 1.4424 3.5393 1.5435 16.2567 1.6033 38.8715 1.5267 0.4058
79 0 Car -1 -1 -2.4659 0.0000 177.3677 115.5966 214.5986 1.4953 4.4226 1.6963 -24.2059 1.7082 31.7516 -3.1134 0.8701
79 0 Car -1 -1 0.0667 546.2546 176.9708 614.1314 240.6479 1.5858 4.3162 1.6296 -0.7910 1.7152 20.4282 0.0276 0.8814
79 0 Car -1 -1 -2.6399 219.1853 160.9966 294.5769 198.9734 2.2186 4.9954 2.0328 -21.7803 1.5263 44.6960 -3.0912 0.4000
80 0 Car -1 -1 0.0311 552.4303 175.3460 618.8861 238.5345 1.6035 4.5276 1.7030 -0.6767 1.6834 20.7519 -0.0020 0.8831
80 0 Car -1 -1 -2.4478 0.0000 177.7842 103.1393 215.4031 1.4508 4.4761 1.6724 -24.0568 1.6763 30.6826 -3.1087 0.8608
81 0 Car -1 -1 -2.4147 0.0000 174.0589 91.9453 213.9084 1.5156 4.3151 1.6736 -23.8863 1.5693 29.7722 -3.0866 0.8701
81 0 Car -1 -1 0.0621 549.2137 176.0606 615.3804 237.5108 1.5746 4.5251 1.6404 -0.7509 1.6784 21.0069 0.0260 0.8813
82 0 Car -1 -1 -2.4054 0.0000 173.1819 79.2682 215.3335 1.5543 4.2664 1.6828 -23.7205 1.5687 28.8106 -3.0897 0.8024
82 0 Car -1 -1 0.0557 552.3849 176.1016 615.4330 237.0202 1.5838 4.1282 1.6079 -0.7192 1.6884 21.0593 0.0212 0.8905
83 0 Car -1 -1 -2.3868 0.0000 173.7314 58.1829 218.7012 1.5956 4.3585 1.7018 -23.5433 1.3210 27.7048 -3.0915 0.7285
83 0 Car -1 -1 0.0708 544.0214 176.7588 610.0574 235.9247 1.5789 4.4216 1.6714 -0.6554 1.4535 21.4053 0.0353 0.8963
84 0 Car -1 -1 0.0353 556.9158 178.0577 619.1535 238.4437 1.5966 4.4909 1.6797 -0.6277 1.7698 21.7124 0.0059 0.8920
84 0 Car -1 -1 -2.3867 0.0000 174.5345 43.0028 221.4205 1.5888 4.1474 1.6707 -23.5425 1.6562 26.7010 -3.1044 0.6914
85 0 Car -1 -1 3.8485 0.0000 172.1402 24.0278 219.1215 1.5537 3.9733 1.6442 -23.4530 1.5305 25.8653 3.1170 0.5557
85 0 Car -1 -1 3.6610 0.0000 165.4328 75.5121 195.1521 1.5036 3.7953 1.5747 -30.5285 1.1285 38.4952 2.9938 0.3972
85 0 Car -1 -1 0.0706 553.8622 177.4634 618.5006 237.4521 1.6058 4.4884 1.6461 -0.6717 1.7609 21.9368 0.0395 0.8975
86 0 Car -1 -1 0.0766 552.4800 174.2442 618.4250 236.5425 1.7119 4.2422 1.6926 -0.7024 1.7589 22.0769 0.0443 0.8849
87 0 Car -1 -1 0.0202 561.5283 174.4022 619.9911 231.1159 1.5826 4.3258 1.6413 -0.6030 1.6358 22.4196 -0.0072 0.8937
88 0 Car -1 -1 -0.0093 563.9344 174.3474 622.2883 233.0772 1.6544 4.5549 1.6554 -0.6085 1.7066 22.7458 -0.0365 0.8887
89 0 Car -1 -1 0.0425 557.7236 174.7294 617.1926 232.0602 1.6271 4.4853 1.6914 -0.6687 1.6928 22.8762 0.0129 0.8895
90 0 Car -1 -1 -0.9316 0.0000 162.8155 78.1611 186.9967 1.4583 3.9854 1.5835 -35.3288 0.8532 44.3619 -1.6013 0.5116
90 0 Car -1 -1 0.0827 554.5822 173.6445 616.9916 228.6169 1.5884 4.4349 1.6377 -0.7292 1.6166 23.1670 0.0508 0.8927
91 0 Car -1 -1 -0.9161 0.0000 163.9267 68.8082 188.8986 1.4686 3.6724 1.5748 -34.9188 0.9439 43.2567 -1.5924 0.6470
91 0 Car -1 -1 -0.0099 567.5852 174.2965 622.7156 227.5118 1.5559 4.4601 1.6232 -0.5593 1.6077 23.4720 -0.0342 0.8755
92 0 Car -1 -1 3.7001 0.0000 162.8597 71.2705 188.8151 1.4820 3.8836 1.5746 -34.3734 0.9117 43.2135 3.0311 0.4527
92 0 Car -1 -1 0.0245 563.4482 175.5492 618.9602 229.6206 1.5885 4.5536 1.6484 -0.6086 1.6859 23.7001 -0.0016 0.8925
93 0 Car -1 -1 0.0533 560.5395 175.9923 617.7606 229.4175 1.5876 4.4296 1.6613 -0.6501 1.7019 23.9373 0.0257 0.8857
94 0 Car -1 -1 0.0342 564.3232 176.3274 618.5764 228.6130 1.5768 4.5485 1.6600 -0.5928 1.7053 24.3421 0.0094 0.8773
95 0 Car -1 -1 0.0463 563.1758 174.6069 617.7226 226.7658 1.6024 4.5264 1.6486 -0.6265 1.6681 24.5967 0.0204 0.8893
96 0 Car -1 -1 -0.0187 569.7012 174.7413 622.3601 224.6008 1.5499 4.4246 1.6521 -0.5766 1.6212 24.8424 -0.0424 0.8871
97 0 Car -1 -1 -0.0080 568.6412 170.3573 620.0898 220.4124 1.5868 4.4907 1.6326 -0.6148 1.5080 25.1410 -0.0328 0.8838
97 0 Car -1 -1 -2.7137 283.0068 168.6042 324.8149 188.0604 1.4824 3.8534 1.5763 -24.1186 1.1590 56.9224 -3.1130 0.6018
98 0 Car -1 -1 0.0313 562.3180 169.8973 613.8444 218.4559 1.5690 4.4983 1.6655 -0.6664 1.0752 25.4775 0.0050 0.8873
98 0 Car -1 -1 -2.6542 272.6577 167.4162 316.9335 186.8601 1.4547 3.7802 1.5546 -24.2213 0.1242 55.7231 -3.0626 0.5626
99 0 Car -1 -1 -0.0014 569.2966 174.5727 619.7437 224.4303 1.6134 4.4536 1.6444 -0.6061 1.6804 25.7477 -0.0254 0.8896
99 0 Car -1 -1 -2.2520 292.5793 169.9980 341.9546 188.5623 1.5003 3.6569 1.5594 -24.4417 1.2699 60.2882 -2.6358 0.4385
100 0 Car -1 -1 -2.2712 284.6768 173.5895 337.8874 192.3560 1.4798 3.9355 1.5860 -24.4707 1.5426 59.1706 -2.6620 0.3767
100 0 Car -1 -1 3.5460 261.4062 171.5721 306.4531 192.2879 1.4712 3.9751 1.5887 -24.0265 1.3805 53.2415 3.1238 0.5496
100 0 Car -1 -1 -0.0111 571.1384 176.4383 621.0814 224.7725 1.5739 4.5150 1.6516 -0.5800 1.7154 26.1157 -0.0338 0.8783
101 0 Car -1 -1 0.0189 569.5802 176.5331 618.1218 223.8118 1.5639 4.4455 1.6291 -0.5961 1.7105 26.4374 -0.0041 0.8851
102 0 Car -1 -1 -2.7605 311.6631 174.4946 348.2561 192.1663 1.4960 4.0122 1.6222 -24.6046 1.6452 63.4683 -3.1291 0.5006
102 0 Car -1 -1 0.0155 569.4982 176.9284 617.3569 223.3865 1.5530 4.4620 1.6260 -0.6266 1.7170 26.7467 -0.0084 0.8649
102 0 Car -1 -1 0.3611 251.8940 173.9209 295.8190 195.7640 1.4771 3.7714 1.5745 -23.6924 1.5557 50.9184 -0.0726 0.5695
103 0 Car -1 -1 0.0137 563.2565 174.9916 609.5115 220.7414 1.6035 4.4241 1.6214 -0.7035 1.4119 26.9964 -0.0103 0.8761
104 0 Car -1 -1 -2.2603 294.1322 177.1414 344.2040 196.0259 1.5184 3.7748 1.5907 -24.5571 1.8932 60.9756 -2.6419 0.5530
104 0 Car -1 -1 3.5529 225.1439 179.0658 274.0640 202.5628 1.4737 3.6940 1.5685 -24.0078 1.9046 48.1294 3.0922 0.3946
104 0 Car -1 -1 0.0450 568.3674 177.7866 616.9464 223.9920 1.5778 4.5367 1.6422 -0.6263 1.7812 27.4095 0.0217 0.8792
105 0 Car -1 -1 -2.1459 282.6439 177.9202 337.1670 197.1720 1.5085 3.9248 1.6029 -24.8090 1.9426 59.6966 -2.5384 0.4802
105 0 Car -1 -1 -2.1708 198.9224 176.6981 268.3602 201.1934 1.5028 3.7658 1.5877 -24.4540 1.7641 46.9381 -2.6490 0.5264
105 0 Car -1 -1 -0.0277 575.1909 178.4151 622.0222 223.8591 1.5667 4.2290 1.6503 -0.5454 1.7960 27.5511 -0.0480 0.8746
106 0 Car -1 -1 -2.7138 258.6181 175.2628 308.5767 197.5962 1.5390 4.2971 1.6637 -23.6303 1.7213 52.3362 -3.1362 0.7056
106 0 Car -1 -1 0.0255 571.7634 176.2789 617.1571 221.3243 1.5897 4.4561 1.6237 -0.5911 1.7337 28.0320 0.0040 0.8886
107 0 Car -1 -1 -2.7092 287.6423 178.3529 330.7757 197.5465 1.4495 4.1471 1.5944 -24.0581 1.9063 57.7953 -3.1022 0.3286
107 0 Car -1 -1 -2.6116 245.7093 176.2533 301.1313 198.5880 1.4936 4.2459 1.6300 -23.7918 1.7451 51.1068 -3.0455 0.6848
107 0 Car -1 -1 0.0230 573.4792 175.5757 618.7639 219.7128 1.5814 4.5282 1.6404 -0.5386 1.6975 28.3964 0.0036 0.8867
108 0 Car -1 -1 0.0223 574.2117 176.8809 618.1898 220.4482 1.5747 4.3914 1.6145 -0.5441 1.7474 28.6802 0.0028 0.8839
108 0 Car -1 -1 -2.6019 238.2117 175.4994 292.8898 198.5423 1.5125 3.9616 1.5979 -23.7690 1.7032 49.8764 -3.0447 0.6767
108 0 Car -1 -1 -2.6578 279.8842 176.9589 326.1095 197.0278 1.4910 4.1437 1.5884 -24.0467 1.8255 56.6043 -3.0581 0.6833
109 0 Car -1 -1 -2.6291 228.1219 172.3761 284.7124 195.4772 1.5146 4.1707 1.6344 -23.8217 0.9833 48.4839 -3.0814 0.6155
109 0 Car -1 -1 -0.0357 571.3494 173.7913 614.5834 215.8379 1.5899 4.3556 1.6055 -0.5808 1.3377 28.9486 -0.0538 0.8853
109 0 Car -1 -1 -2.1532 161.8794 174.4666 236.7156 200.4236 1.4773 3.6166 1.5502 -24.1547 1.1353 42.1973 -2.6681 0.4921
109 0 Car -1 -1 -2.3098 261.5129 172.9096 317.0445 193.4046 1.5357 3.8799 1.6013 -24.5256 0.9682 55.0718 -2.7249 0.3418
110 0 Car -1 -1 -2.7254 267.6891 175.9120 313.2697 196.9710 1.5049 4.0767 1.6157 -23.9612 1.7436 54.1911 -3.1401 0.6479
110 0 Car -1 -1 -2.5943 218.6686 175.9651 278.1432 199.5915 1.4637 4.0791 1.5946 -23.6818 1.6773 47.3526 -3.0560 0.6881
110 0 Car -1 -1 -2.5806 161.9093 175.1567 228.4564 202.1427 1.4607 3.7381 1.5420 -23.6821 1.5989 41.2770 -3.0989 0.5584
110 0 Car -1 -1 0.0252 573.3480 176.1564 616.8392 219.5094 1.6081 4.5233 1.6344 -0.5933 1.7533 29.3717 0.0045 0.8853
111 0 Car -1 -1 -2.7058 256.1918 176.8503 305.0714 198.4972 1.4974 4.1823 1.6354 -24.0525 1.8017 52.7825 -3.1317 0.7380
111 0 Car -1 -1 3.6247 150.7863 176.6035 219.1081 205.0669 1.4826 3.9842 1.5990 -23.5879 1.7021 40.1412 3.0961 0.7798
111 0 Car -1 -1 -2.5699 209.2254 177.4513 272.2876 202.3673 1.4974 4.1005 1.6359 -23.6240 1.8061 46.2663 -3.0399 0.5669
111 0 Car -1 -1 -0.0199 578.1560 176.0612 621.4077 218.4413 1.5922 4.5941 1.6483 -0.5182 1.7353 29.7840 -0.0378 0.8785
112 0 Car -1 -1 3.6736 136.1584 178.4844 207.4320 206.9067 1.4237 3.8207 1.5452 -23.5180 1.7420 38.8179 3.1318 0.4873
112 0 Car -1 -1 -2.6441 201.4341 176.4405 263.7791 203.3429 1.5822 4.1271 1.6778 -23.5171 1.8169 45.0668 -3.1228 0.7637
112 0 Car -1 -1 -0.0177 579.5776 176.5685 622.1357 219.3944 1.6257 4.5304 1.6409 -0.4712 1.7927 30.0762 -0.0339 0.8900
113 0 Car -1 -1 -2.6386 239.7690 179.2690 292.1363 202.3973 1.5131 3.9367 1.5926 -23.9593 1.9788 50.3296 -3.0811 0.5676
113 0 Car -1 -1 -0.0281 580.8315 182.9957 621.7299 222.5373 1.4807 4.1195 1.5774 -0.4635 1.9347 30.1819 -0.0441 0.8729
113 0 Car -1 -1 -2.5796 189.7361 179.2314 254.9959 205.3323 1.4712 3.9868 1.5983 -23.4317 1.8761 43.7136 -3.0693 0.7577
113 0 Car -1 -1 3.6351 126.8363 180.4952 196.3894 209.5627 1.3981 3.6759 1.5065 -23.2951 1.8163 37.5698 3.0831 0.6082
114 0 Car -1 -1 3.6135 183.1380 181.6966 243.3927 208.1334 1.4393 3.7585 1.5624 -23.2972 1.9832 42.4502 3.1139 0.7129
114 0 Car -1 -1 0.0166 577.6219 180.2310 619.4543 221.9922 1.5959 4.5420 1.6451 -0.4934 1.9328 30.6433 -0.0000 0.8903
114 0 Car -1 -1 3.6685 104.2743 179.7096 182.0935 211.7509 1.4842 3.8224 1.5578 -23.3515 1.8469 36.1944 3.0986 0.8595
114 0 Car -1 -1 -2.5855 230.6966 180.3887 288.8576 204.0564 1.4947 4.1288 1.6177 -23.7682 2.0298 49.0667 -3.0347 0.7709
115 0 Car -1 -1 3.6300 167.7785 180.1331 235.8795 208.7678 1.5152 4.1053 1.6517 -23.3020 1.9531 41.3005 3.1188 0.7301
115 0 Car -1 -1 3.6665 89.0541 177.6800 171.5236 212.3837 1.5659 3.9150 1.5827 -23.2681 1.8144 35.1091 3.0846 0.8605
115 0 Car -1 -1 -2.6470 224.1261 180.0163 280.5897 204.6277 1.5208 4.0423 1.6239 -23.6603 2.0163 47.8269 -3.1044 0.7646
115 0 Car -1 -1 -0.0367 581.4904 179.9522 623.6216 220.8042 1.5800 4.4427 1.6253 -0.4238 1.9071 30.9485 -0.0510 0.8891
116 0 Car -1 -1 -2.5800 152.6031 179.0504 227.2523 208.4271 1.5077 4.1429 1.6107 -23.2277 1.8697 40.0147 -3.1032 0.8544
116 0 Car -1 -1 -2.4675 204.0163 178.0536 272.0776 204.0388 1.5648 4.1583 1.6658 -23.9326 1.9164 46.5334 -2.9404 0.7894
116 0 Car -1 -1 3.6874 66.9756 177.4940 155.3981 212.0523 1.4947 3.9330 1.5792 -23.2502 1.7250 33.7500 3.0877 0.8582
116 0 Car -1 -1 0.0313 577.0361 177.7596 618.6281 219.0090 1.6262 4.5861 1.6629 -0.5028 1.8551 31.2969 0.0147 0.8769
117 0 Car -1 -1 -1.5902 180.8704 176.3404 255.2000 202.0693 1.5170 3.9829 1.6358 -24.2772 1.7415 44.6903 -2.0855 0.4907
117 0 Car -1 -1 -0.0155 581.3419 175.4442 621.2915 214.9698 1.5937 4.4628 1.6287 -0.4635 1.7157 31.6405 -0.0306 0.8632
117 0 Car -1 -1 3.7163 47.7220 177.4869 138.7183 211.3432 1.4129 3.7616 1.5268 -23.2289 1.6345 32.5423 3.1001 0.7933
117 0 Car -1 -1 -2.5449 132.9221 173.9446 214.5891 205.3298 1.5858 4.2053 1.6704 -23.3503 1.6480 38.7503 -3.0844 0.8601
118 0 Car -1 -1 -2.5565 114.6010 172.9542 199.5238 203.9738 1.5258 4.3066 1.6759 -23.0852 1.1063 37.5097 -3.1101 0.8447
118 0 Car -1 -1 -0.0669 576.5370 174.7586 621.1957 213.4243 1.5957 4.5013 1.6494 -0.1952 1.3185 31.9504 -0.0781 0.8832
118 0 Car -1 -1 3.7606 22.6301 174.3584 125.2397 210.9408 1.4994 4.0064 1.5937 -22.9691 1.2077 31.4528 3.1288 0.8521
119 0 Car -1 -1 -2.5212 101.2791 179.0200 187.6174 211.2406 1.4843 3.9868 1.5953 -23.1805 1.8101 36.0458 -3.0895 0.8166
119 0 Car -1 -1 -0.0009 581.8403 176.5776 621.6342 216.2577 1.6217 4.5853 1.6508 -0.4170 1.8002 32.2227 -0.0144 0.8897
119 0 Car -1 -1 -2.5283 169.3776 179.7567 236.5222 205.6976 1.4147 3.7888 1.5248 -23.8451 1.8390 42.3538 -3.0386 0.4608
119 0 Car -1 -1 3.7559 0.0000 178.2813 100.9263 218.4688 1.5224 3.8272 1.5766 -23.1476 1.7615 29.8006 3.0997 0.8671
120 0 Car -1 -1 0.0696 576.8422 180.2135 619.1247 217.7676 1.5218 4.2952 1.5986 -0.5162 1.8738 32.2808 0.0531 0.8810
120 0 Car -1 -1 3.7459 0.0000 181.0228 84.8598 221.3656 1.4445 3.9797 1.5755 -23.0637 1.7929 28.6978 3.0734 0.7356
120 0 Car -1 -1 0.6064 110.4077 160.0672 174.5324 186.5796 1.6907 3.8689 1.6649 -31.0315 0.8756 47.9716 0.0346 0.4199
120 0 Car -1 -1 -2.4977 81.7287 181.3495 171.1159 214.6692 1.4578 3.7915 1.5826 -23.0436 1.8871 34.4930 -3.0833 0.7494
120 0 Car -1 -1 0.4235 188.7658 182.5294 247.3616 209.8739 1.5089 3.9104 1.6145 -23.4415 2.1160 43.2406 -0.0709 0.4236
121 0 Car -1 -1 -2.4302 52.5591 181.6617 155.9918 217.8794 1.5150 4.0492 1.6595 -23.2447 1.9476 33.3020 -3.0360 0.6886
121 0 Car -1 -1 -2.6117 151.0708 181.6627 223.9788 210.7750 1.4825 4.1128 1.6284 -23.3816 1.9970 40.0470 -3.1375 0.8181
121 0 Car -1 -1 0.0988 574.6372 181.8793 619.0700 217.8256 1.4586 4.1250 1.6017 -0.5702 1.8916 32.4607 0.0807 0.8622
121 0 Car -1 -1 3.8167 0.0000 183.0363 59.8482 228.0887 1.5097 4.0771 1.6256 -23.0874 1.9225 27.1639 3.1170 0.5391
122 0 Car -1 -1 -2.5843 134.3260 182.0415 211.5375 211.8896 1.4629 4.0584 1.6305 -23.3486 1.9816 38.6607 -3.1248 0.8335
122 0 Car -1 -1 3.7241 34.9912 182.4650 133.0934 219.1734 1.4604 3.8994 1.5913 -23.0309 1.9097 31.7215 3.0999 0.6593
122 0 Car -1 -1 -0.0029 583.8836 180.4243 621.7696 218.0746 1.5501 4.3406 1.6065 -0.3776 1.9171 32.7635 -0.0150 0.8848
123 0 Car -1 -1 -0.6663 996.0976 128.5785 1150.8752 189.8590 1.5481 3.8152 1.6009 12.7419 0.4299 20.2091 -0.1102 0.3697
123 0 Car -1 -1 0.0149 581.1472 177.7379 620.5026 217.4443 1.6703 4.4497 1.6855 -0.4310 1.9099 33.1232 0.0013 0.8950
123 0 Car -1 -1 -2.5593 116.5118 181.8030 198.7942 212.7650 1.4612 4.0470 1.6371 -23.2939 1.9493 37.2762 -3.1148 0.8605
124 0 Car -1 -1 -2.5703 102.0057 178.2280 185.6808 208.6039 1.4556 4.0377 1.6171 -23.3107 1.3482 35.8971 -3.1404 0.8398
124 0 Car -1 -1 -2.4603 0.0000 174.8769 111.6630 216.2579 1.5943 4.5901 1.7293 -23.1467 1.3792 29.5505 -3.1178 0.8466
124 0 Car -1 -1 -0.0056 576.1895 174.5726 613.2897 210.5765 1.5787 4.4304 1.6274 -0.5124 1.3202 33.2273 -0.0192 0.8761
125 0 Car -1 -1 -1.2192 795.9404 169.1145 866.0298 195.2670 1.5076 3.7084 1.5796 13.2166 1.2924 43.3367 -0.9254 0.3358
125 0 Car -1 -1 0.0357 579.7220 178.9745 618.3256 217.2014 1.6161 4.4709 1.6349 -0.4893 1.9195 33.4736 0.0205 0.8738
125 0 Car -1 -1 -2.5506 77.9496 180.7575 169.9562 214.2439 1.4636 4.1298 1.6199 -23.2016 1.8654 34.5778 -3.1383 0.8466
125 0 Car -1 -1 -2.3794 0.0000 176.6916 86.8629 224.1245 1.6821 4.5313 1.7350 -23.1867 1.8453 28.2891 -3.0615 0.6788
126 0 Car -1 -1 3.7457 55.1833 182.1416 154.2847 217.2081 1.4598 4.1808 1.6433 -23.1698 1.9149 33.2332 3.1404 0.8750
126 0 Car -1 -1 0.0286 582.2849 181.3410 619.6657 217.9289 1.5413 4.3929 1.6201 -0.4034 1.9632 33.6266 0.0160 0.8561
127 0 Car -1 -1 3.7506 29.2703 180.2780 137.6274 217.2608 1.4770 4.3474 1.6656 -23.1412 1.8279 31.8774 3.1265 0.8684
127 0 Car -1 -1 -0.0398 585.4553 178.3192 624.5518 217.3153 1.6741 4.5424 1.6408 -0.3344 1.9490 33.9300 -0.0502 0.8743
128 0 Car -1 -1 3.4213 343.8831 178.8714 372.5389 194.9995 1.4743 3.9311 1.5789 -24.2165 2.0707 69.4573 3.0868 0.3550
128 0 Car -1 -1 0.0128 583.0756 177.3941 619.3627 214.0392 1.5840 4.3704 1.5958 -0.4273 1.8115 33.9134 -0.0003 0.8841
128 0 Car -1 -1 -2.4799 7.3527 181.0374 109.7388 218.4246 1.4340 3.5626 1.5369 -23.0370 1.7978 30.2497 -3.1267 0.8347
129 0 Car -1 -1 -2.0535 46.3134 172.3456 118.1489 195.1417 1.6131 3.9646 1.6450 -38.8685 1.5774 53.1950 -2.6823 0.3442
129 0 Car -1 -1 -0.0056 586.8074 179.5788 622.7491 214.0872 1.4868 4.2526 1.5907 -0.3033 1.8245 34.0567 -0.0151 0.8730
129 0 Car -1 -1 3.7852 0.0000 177.9514 97.8347 219.2005 1.5170 4.2276 1.6414 -23.0511 1.7386 29.1891 3.1211 0.8404
130 0 Car -1 -1 0.0560 574.8314 177.7947 611.3103 208.8690 1.4062 3.9399 1.5300 -0.5399 1.2853 33.9921 0.0419 0.8811
130 0 Car -1 -1 3.8122 0.0000 178.7241 80.9820 217.8733 1.4439 3.8991 1.5517 -23.0067 1.3800 28.0298 3.1322 0.5879
131 0 Car -1 -1 -2.7109 324.9942 178.2232 360.0318 195.2583 1.4676 3.7394 1.5519 -24.1833 1.9682 65.2951 -3.0645 0.4385
131 0 Car -1 -1 0.1486 575.4258 179.7375 620.2516 212.4836 1.4186 3.9464 1.5581 -0.5575 1.7647 34.1796 0.1318 0.8780
131 0 Car -1 -1 3.7361 33.3742 171.1314 93.3254 193.2612 1.4892 3.6979 1.5263 -38.1656 1.3737 50.4381 3.0908 0.4579
131 0 Car -1 -1 -2.4351 0.0000 181.3830 55.6790 223.5851 1.4225 3.7434 1.5549 -22.9732 1.7637 26.9530 -3.1362 0.7796
132 0 Car -1 -1 0.0223 582.4913 177.8860 619.0039 212.2117 1.5413 4.3974 1.6404 -0.3220 1.2133 34.4840 0.0126 0.8718
132 0 Car -1 -1 -2.3511 0.0000 176.3554 30.4955 223.2117 1.5137 3.9167 1.6068 -22.7486 1.2286 25.2226 -3.0799 0.3941
133 0 Car -1 -1 0.0316 586.4898 177.0413 623.2182 213.4859 1.6099 4.4737 1.6262 -0.2294 1.8244 34.6448 0.0244 0.8540
133 0 Car -1 -1 3.4096 321.6958 181.1241 353.2633 199.5753 1.5036 3.9338 1.5761 -23.6393 2.2453 62.6463 3.0499 0.4495
133 0 Car -1 -1 0.6150 2.9595 177.0863 70.0501 200.4879 1.4630 3.7694 1.5845 -37.8780 1.7546 47.7270 -0.0532 0.4035
134 0 Car -1 -1 3.3712 317.0234 177.2555 346.7497 195.1673 1.4950 3.8016 1.5586 -23.5024 1.2254 60.9959 3.0068 0.3693
134 0 Car -1 -1 0.0626 576.2324 173.0745 615.6478 207.5217 1.5838 4.5110 1.6529 -0.3997 1.2439 34.8000 0.0530 0.8754
135 0 Car -1 -1 0.0129 587.5375 175.0061 624.5592 211.3029 1.6347 4.6497 1.6819 -0.2043 1.7468 35.1007 0.0065 0.8734
135 0 Car -1 -1 3.4446 307.2076 179.6721 341.3384 199.1005 1.5249 3.7534 1.5845 -23.7039 2.1096 59.9124 3.0691 0.4720
136 0 Car -1 -1 0.0026 588.2413 173.1291 624.5336 209.2312 1.6416 4.5393 1.6521 -0.2132 1.6562 35.1132 -0.0040 0.8646
136 0 Car -1 -1 -2.7383 297.4103 173.9755 340.9305 194.2026 1.5804 4.3260 1.7263 -23.6598 1.6756 58.7974 -3.1195 0.5780
137 0 Car -1 -1 -0.0005 589.7873 169.0551 624.9533 203.6739 1.5815 4.3568 1.6067 -0.1725 1.4083 35.1417 -0.0058 0.8601
137 0 Car -1 -1 -2.7355 296.0393 173.3526 337.6540 192.6750 1.4830 4.0412 1.6042 -23.3372 1.5245 57.5183 -3.1196 0.6155
138 0 Car -1 -1 3.5002 289.1141 172.9702 327.6004 192.7493 1.4790 3.6987 1.5455 -23.3244 1.4886 55.8478 3.1061 0.6327
138 0 Car -1 -1 0.0398 587.4724 168.7754 624.8228 204.6264 1.6399 4.5573 1.6500 -0.1686 1.4537 35.3087 0.0346 0.8561
139 0 Car -1 -1 -2.7287 278.6177 176.5992 322.3648 196.7908 1.4514 3.9333 1.5923 -23.3755 1.7452 54.5677 -3.1319 0.7764
139 0 Car -1 -1 0.0198 588.2332 174.0473 624.1609 208.6864 1.5888 4.5169 1.6566 -0.1833 1.6517 35.5193 0.0141 0.8561
140 0 Car -1 -1 -2.6891 268.5248 181.2945 314.0696 203.1628 1.5074 3.7268 1.5931 -23.4191 2.1509 53.0864 -3.1030 0.8331
140 0 Car -1 -1 -0.0012 589.2993 179.6879 624.1137 214.6062 1.5735 4.2718 1.6096 -0.2078 1.9303 35.4922 -0.0076 0.8535
140 0 Car -1 -1 3.3661 340.9209 180.5060 368.2619 198.1308 1.5323 3.7975 1.5648 -23.4940 2.2580 66.4198 3.0271 0.5653
140 0 Car -1 -1 -0.1017 739.3386 162.5577 774.4312 201.4291 2.5202 4.9229 1.8412 9.9485 1.8530 49.3160 0.0957 0.3443
141 0 Car -1 -1 -2.6250 257.2406 182.1324 306.7853 204.5964 1.4980 3.7716 1.5685 -23.4559 2.1879 51.6721 -3.0495 0.5725
141 0 Car -1 -1 0.0137 588.3847 182.4843 623.9727 218.0826 1.5903 4.4937 1.6503 -0.2000 2.0972 35.7019 0.0075 0.8820
141 0 Car -1 -1 -3.2005 998.0090 177.0638 1070.4313 231.9602 1.4045 3.7819 1.5342 12.0842 1.5381 20.8046 -2.6810 0.3086
142 0 Car -1 -1 -2.5255 242.8392 179.8277 298.6909 203.1855 1.5232 3.8497 1.5877 -23.6112 2.0294 50.2996 -2.9626 0.7230
142 0 Car -1 -1 0.0735 582.8700 177.9080 622.6469 213.7756 1.6337 4.5989 1.6465 -0.3362 1.9018 35.8702 0.0636 0.8743
143 0 Car -1 -1 -2.6525 236.1289 180.0654 288.3983 203.6566 1.4970 3.8305 1.5729 -23.5400 2.0058 48.9209 -3.0991 0.6330
143 0 Car -1 -1 -0.1579 748.1896 152.0344 795.6406 198.0084 2.5497 4.9305 1.9553 9.4280 1.3954 42.5311 0.0585 0.4045
143 0 Car -1 -1 0.0329 586.0625 177.7052 622.7474 213.6465 1.6450 4.5791 1.6813 -0.2591 1.9027 35.9559 0.0251 0.8761
