0 0 Car -1 -1 2.6349 323.0603 177.1914 513.4816 287.4183 1.5512 3.6106 1.4884 -3.2576 1.5063 11.7607 2.3733 0.8996
1 0 Car -1 -1 2.7471 274.5092 186.9220 465.2201 302.4011 1.4150 3.5790 1.5136 -3.8695 1.6684 11.1303 2.4191 0.9032
2 0 Car -1 -1 2.8725 219.8164 188.1192 402.8698 315.2060 1.4191 3.5976 1.5155 -4.4743 1.6791 10.3883 2.4744 0.8969
3 0 Car -1 -1 3.0015 150.6450 189.4125 321.3690 332.1733 1.4213 3.5347 1.5037 -5.0928 1.6826 9.4905 2.5201 0.8977
4 0 Car -1 -1 3.1645 56.6186 192.4293 231.2586 351.4772 1.4257 3.4662 1.4869 -5.6064 1.7155 8.7963 2.6102 0.8978
5 0 Car -1 -1 -1.3916 1151.2482 179.8713 1238.0000 222.2170 1.5308 4.1487 1.6437 24.4008 1.8329 28.9026 -0.6959 0.5265
5 0 Car -1 -1 3.3152 0.0000 192.8552 157.4949 364.9834 1.3937 3.1829 1.4398 -6.0958 1.6640 7.9904 2.6792 0.8396
6 0 Car -1 -1 -2.9569 1174.3015 181.9115 1238.0000 221.8541 1.4438 3.9471 1.5915 23.7244 1.4619 27.8718 -2.2614 0.6723
6 0 Car -1 -1 3.3700 0.0000 198.4096 57.0604 374.0000 1.4150 3.5154 1.5083 -6.6294 1.6272 7.0545 2.6282 0.7831
7 0 Car -1 -1 0.1791 1135.3086 181.7972 1206.9060 222.2504 1.4668 3.9963 1.6025 22.5103 1.8500 28.9502 0.8346 0.7289
8 0 Car -1 -1 0.2132 1110.1143 177.9659 1186.0361 219.3626 1.5468 4.0999 1.6731 21.9451 1.7697 29.4296 0.8487 0.8291
9 0 Car -1 -1 0.2408 1073.4053 178.9438 1152.4534 218.5478 1.5095 4.5068 1.7180 21.1236 1.7836 30.2948 0.8447 0.8089
10 0 Car -1 -1 0.1556 1045.5544 180.1029 1107.2179 218.4786 1.5070 4.1085 1.6416 20.1706 1.8417 31.2003 0.7247 0.8433
11 0 Car -1 -1 0.2970 1011.3294 178.0846 1085.9393 215.6713 1.5270 4.2682 1.6618 19.4107 1.7737 31.9248 0.8387 0.7013
12 0 Car -1 -1 0.3260 992.6984 177.7008 1062.7638 212.1079 1.4395 3.9583 1.5717 18.8813 1.6717 32.6188 0.8464 0.7068
13 0 Car -1 -1 0.2371 964.6935 178.0390 1026.8959 213.0064 1.4960 4.1616 1.6380 17.9662 1.7528 33.5904 0.7241 0.8264
14 0 Car -1 -1 0.2492 940.4160 177.8592 1002.6196 212.3503 1.5102 4.2931 1.6583 17.2392 1.7642 34.3882 0.7100 0.7717
15 0 Car -1 -1 0.2503 906.5058 177.1051 965.4426 208.7986 1.4665 4.3172 1.6468 16.5418 1.2640 35.4316 0.6792 0.7245
16 0 Car -1 -1 0.2149 897.4893 176.3182 951.3767 209.7212 1.5550 4.0732 1.6593 15.7688 1.7393 36.1687 0.6226 0.6904
17 0 Car -1 -1 0.2048 881.3816 176.4234 931.7789 207.3829 1.4744 4.0897 1.6049 15.2154 1.6684 36.9986 0.5917 0.7134
18 0 Car -1 -1 0.2361 854.9563 177.6689 906.4549 208.6250 1.5142 4.1441 1.6368 14.3205 1.7837 38.1445 0.5923 0.8076
19 0 Car -1 -1 0.3413 839.3585 177.3957 895.1745 206.4991 1.4513 3.9934 1.5823 13.7921 1.7079 38.6664 0.6811 0.7210
20 0 Car -1 -1 0.2670 822.6450 175.5822 875.2580 204.6901 1.4922 4.3584 1.6668 13.1588 1.6512 39.6896 0.5845 0.5712
21 0 Car -1 -1 0.2510 810.4694 175.4203 858.2131 202.8985 1.4549 4.1706 1.6026 12.6991 1.6083 40.8086 0.5502 0.7686
22 0 Car -1 -1 0.2635 794.6619 175.3658 841.9639 202.0764 1.4521 4.1584 1.6166 12.0888 1.6057 41.8336 0.5425 0.7050
23 0 Car -1 -1 0.2153 783.4771 174.0938 827.2861 201.5581 1.5389 4.2179 1.6594 11.6251 1.6168 42.8854 0.4779 0.8104
24 0 Car -1 -1 -2.8981 765.3865 172.6395 810.2123 200.2522 1.6003 4.3275 1.6733 11.0333 0.8726 43.9613 -2.6542 0.8173
25 0 Car -1 -1 0.1753 763.2228 175.9695 799.1434 201.0079 1.4708 3.7634 1.5516 10.6618 1.6740 44.9243 0.4064 0.5236
28 0 Car -1 -1 0.2156 721.0637 169.2671 758.3455 192.9666 1.5333 4.1788 1.6281 9.1863 0.8079 47.9816 0.4053 0.6284
29 0 Car -1 -1 -2.9655 722.3259 172.4848 757.7520 197.4228 1.6246 4.2827 1.6644 8.8981 1.6009 49.2998 -2.7884 0.7591
30 0 Car -1 -1 0.1786 715.4358 174.0488 748.7369 196.5670 1.4938 4.0467 1.6006 8.5144 1.5810 50.2675 0.3450 0.7866
31 0 Car -1 -1 0.0301 711.4210 173.8619 737.1942 196.2887 1.5291 4.2623 1.7017 8.1888 1.6048 51.6471 0.1861 0.7704
32 0 Car -1 -1 0.0074 706.4594 173.2421 731.5197 196.0246 1.5907 4.4074 1.7373 7.9527 1.6207 52.7674 0.1557 0.7089
33 0 Car -1 -1 -3.1058 699.3483 172.7534 723.9944 194.6697 1.5708 4.1285 1.6828 7.5993 1.5639 53.8902 -2.9669 0.7862
37 0 Car -1 -1 -0.8667 1043.5610 197.5826 1238.0000 374.0000 1.4072 3.8227 1.5286 3.8659 1.4971 3.2182 -0.0321 0.6801
38 0 Car -1 -1 -3.1088 680.4020 173.0135 701.3728 192.0802 1.5220 3.9853 1.6007 6.6985 1.5361 59.7169 -2.9980 0.5578
38 0 Car -1 -1 -0.7100 996.9226 191.6543 1238.0000 374.0000 1.4380 3.6767 1.5133 3.9337 1.5960 4.2065 0.0068 0.7202
39 0 Car -1 -1 -0.0446 675.4649 172.7124 697.8432 191.9357 1.5760 4.2498 1.6937 6.4591 1.5648 61.3235 0.0595 0.6850
39 0 Car -1 -1 -0.6827 963.2806 191.5410 1238.0000 374.0000 1.4447 3.5501 1.4887 3.9014 1.6137 4.7188 -0.0230 0.8464
40 0 Car -1 -1 -0.6163 916.9598 186.3468 1238.0000 374.0000 1.4352 3.1795 1.4486 3.8740 1.5743 5.7920 -0.0510 0.8541
40 0 Car -1 -1 -0.0224 672.1370 172.1145 692.3116 190.5622 1.5428 4.0087 1.6379 6.1960 1.4813 62.4019 0.0757 0.6752
41 0 Car -1 -1 -0.4989 884.8351 188.9396 1238.0000 374.0000 1.4074 3.2890 1.4714 3.8378 1.5929 6.6554 0.0041 0.9058
41 0 Car -1 -1 0.0210 669.0962 172.3616 688.3209 190.3041 1.5328 3.8679 1.6124 6.0649 1.4911 63.6521 0.1152 0.6656
42 0 Car -1 -1 -0.4562 859.7330 187.2011 1176.8174 367.4938 1.4080 3.2215 1.4715 3.8359 1.5896 7.4995 -0.0002 0.9095
42 0 Car -1 -1 -0.0330 666.1469 172.0045 686.6054 190.0764 1.5801 4.1410 1.6967 5.9480 1.5062 65.1988 0.0573 0.5603
43 0 Car -1 -1 -0.3551 838.2316 188.0738 1097.8629 349.0481 1.3914 3.2842 1.4786 3.7294 1.6009 8.2325 0.0558 0.9130
43 0 Car -1 -1 -0.7495 1137.4464 187.0806 1238.0000 367.0997 1.3776 3.8313 1.5033 7.7440 1.5689 7.7511 0.0160 0.7778
44 0 Car -1 -1 -0.6853 1099.5996 186.7318 1238.0000 342.5606 1.4151 3.5535 1.4802 7.7397 1.6167 8.6651 0.0263 0.8124
44 0 Car -1 -1 -0.3737 819.9427 186.6198 1041.4540 324.6678 1.3878 3.0617 1.4421 3.7523 1.5910 9.0916 0.0053 0.9084
45 0 Car -1 -1 -0.6694 1058.8816 187.2747 1238.0000 316.7445 1.3472 3.4288 1.4402 7.7230 1.5740 9.6084 -0.0079 0.8553
45 0 Car -1 -1 -0.3067 803.1274 186.1859 996.3725 315.7889 1.4302 3.1898 1.4816 3.7125 1.6439 9.9174 0.0406 0.9116
46 0 Car -1 -1 -0.6140 1028.7280 186.8687 1238.0000 307.4395 1.3908 3.4153 1.4814 7.7238 1.6271 10.4331 0.0091 0.9006
46 0 Car -1 -1 -0.3268 787.7250 184.2489 965.3528 296.7301 1.3716 3.2127 1.4455 3.7141 1.5669 10.7304 -0.0030 0.9025
47 0 Car -1 -1 -0.5714 993.8570 188.4724 1238.0000 293.9457 1.3925 3.4320 1.4962 7.6841 1.4527 11.3189 0.0131 0.8986
47 0 Car -1 -1 -0.2902 771.2739 187.1278 929.5818 286.0799 1.3698 3.3184 1.4784 3.7093 1.4064 11.6781 0.0101 0.8996
48 0 Car -1 -1 -0.5287 969.6551 184.3591 1176.1100 274.5931 1.3052 3.2059 1.4206 7.6736 1.3611 12.1079 0.0211 0.9021
48 0 Car -1 -1 -0.2568 756.5267 185.4240 898.7801 279.7465 1.4116 3.3252 1.5005 3.7503 1.4907 12.5657 0.0221 0.9008
49 0 Car -1 -1 -0.5007 953.4037 182.1788 1145.3906 274.0809 1.4082 3.3275 1.5006 7.6871 1.5992 13.0722 0.0204 0.9027
49 0 Car -1 -1 -0.2372 754.3703 183.9034 881.5667 272.0513 1.3912 3.2670 1.4945 3.6800 1.6228 13.4488 0.0233 0.9109
50 0 Car -1 -1 -0.2374 744.6423 184.0726 859.9184 262.0248 1.3270 3.2060 1.4524 3.6453 1.5755 14.3498 0.0055 0.9005
50 0 Car -1 -1 -0.4524 931.2785 183.1143 1101.3318 268.0222 1.3999 3.3949 1.4915 7.6497 1.6243 14.0338 0.0371 0.9005
51 0 Car -1 -1 -0.2307 735.0702 182.8096 843.1196 256.2303 1.3490 3.3362 1.4633 3.6425 1.5846 15.3780 -0.0033 0.9102
51 0 Car -1 -1 -0.3913 914.6002 183.2363 1059.8778 259.3150 1.3422 3.2760 1.4639 7.5566 1.5809 14.8721 0.0702 0.9009
52 0 Car -1 -1 -0.2113 726.5714 181.9929 828.0784 253.0297 1.4044 3.3478 1.5314 3.6289 1.6333 16.3688 0.0022 0.9114
52 0 Car -1 -1 -0.4427 894.3768 182.2295 1038.1718 252.4885 1.3365 3.3830 1.4824 7.6183 1.5651 15.8686 -0.0030 0.9063
53 0 Car -1 -1 -0.2132 719.9905 182.0247 809.9845 247.0647 1.3830 3.1378 1.4512 3.5839 1.6241 17.3638 -0.0139 0.9029
53 0 Car -1 -1 -0.4036 883.8377 182.0382 1009.9144 249.0922 1.3646 3.1948 1.4724 7.6226 1.5984 16.7311 0.0166 0.9074
54 0 Car -1 -1 -0.8620 1134.3147 170.8480 1238.0000 374.0000 1.5032 4.2142 1.6472 7.8069 1.4362 7.1764 -0.0549 0.5458
54 0 Car -1 -1 -0.3812 855.1375 178.0416 969.3396 236.4458 1.3282 3.3469 1.4539 7.5456 1.2739 17.7589 0.0159 0.8958
54 0 Car -1 -1 -0.1615 705.6750 177.7683 782.8903 234.3106 1.3452 3.1849 1.4549 3.5064 1.2818 18.4265 0.0252 0.9106
55 0 Car -1 -1 -0.8279 1107.1630 193.1234 1238.0000 374.0000 1.3953 3.8750 1.5354 7.6429 1.6753 7.9589 -0.0819 0.6905
55 0 Car -1 -1 -0.3344 854.8919 181.6006 959.1535 240.2678 1.3422 3.2961 1.4576 7.5221 1.5894 18.6823 0.0423 0.9062
55 0 Car -1 -1 -0.1628 706.7322 181.3918 782.7020 238.7880 1.3825 3.3088 1.4728 3.5124 1.6338 19.5350 0.0117 0.9056
56 0 Car -1 -1 -0.3520 842.0222 181.8300 945.9771 237.5319 1.3399 3.5231 1.4772 7.5768 1.6073 19.6924 0.0096 0.8901
56 0 Car -1 -1 -0.1626 702.1409 181.5294 771.7495 233.2748 1.3270 3.0992 1.4456 3.4979 1.5934 20.5730 0.0027 0.9091
56 0 Car -1 -1 -0.7061 1076.9569 184.6444 1238.0000 350.8490 1.4840 4.0216 1.6029 7.7062 1.6600 8.7364 -0.0007 0.8046
57 0 Car -1 -1 -0.8508 1033.0698 190.8971 1238.0000 374.0000 1.4333 3.9574 1.5698 3.4070 1.5489 2.6177 0.0114 0.7306
57 0 Car -1 -1 -0.6407 1053.4827 181.0381 1238.0000 321.7593 1.4380 3.9236 1.5322 7.7716 1.5695 9.5814 0.0252 0.8630
57 0 Car -1 -1 -0.3006 833.5061 180.9877 923.1263 233.3176 1.3378 3.2784 1.4643 7.5227 1.5896 20.6326 0.0438 0.8921
57 0 Car -1 -1 -0.1400 696.8765 179.9234 761.4475 230.7467 1.3869 3.1706 1.4648 3.4708 1.6158 21.7276 0.0155 0.9124
58 0 Car -1 -1 -0.7158 952.5332 194.0539 1238.0000 374.0000 1.4514 3.7438 1.5450 3.2792 1.5539 3.3689 0.0121 0.7707
58 0 Car -1 -1 -0.1052 683.0693 175.7596 738.6301 219.8591 1.3257 3.0715 1.4426 3.3237 1.1847 22.8127 0.0392 0.9021
58 0 Car -1 -1 -0.3215 809.7131 176.6750 893.6743 221.9282 1.2786 3.3040 1.4291 7.4176 1.1721 21.6293 0.0061 0.8621
58 0 Car -1 -1 -0.6266 1002.9357 177.4969 1238.0000 305.2539 1.4707 4.1774 1.5973 7.6810 1.4378 10.2263 0.0043 0.8829
59 0 Car -1 -1 -0.2919 811.1570 181.9569 891.7679 226.9221 1.2610 3.4626 1.4367 7.4490 1.5696 22.6853 0.0209 0.8863
59 0 Car -1 -1 -0.0956 688.5900 178.9254 742.3309 224.1704 1.3803 3.0754 1.4607 3.4043 1.5958 23.9970 0.0429 0.9058
59 0 Car -1 -1 -0.6119 924.1834 196.5042 1238.0000 374.0000 1.3879 3.3378 1.4337 3.3069 1.5875 4.4042 -0.0004 0.8201
59 0 Car -1 -1 -0.5594 993.9834 180.0586 1238.0000 297.4225 1.4335 3.9751 1.5482 7.6220 1.5644 11.0673 0.0307 0.9020
60 0 Car -1 -1 -0.1191 681.1248 178.2497 736.5377 222.2452 1.4174 3.3698 1.5173 3.3634 1.6200 25.3508 0.0107 0.9043
60 0 Car -1 -1 -0.2796 802.1490 179.9146 878.0331 224.5530 1.3271 3.4296 1.4588 7.4300 1.5765 23.7243 0.0198 0.8846
60 0 Car -1 -1 -0.5672 890.0340 196.6100 1238.0000 374.0000 1.3760 3.5198 1.4387 3.2390 1.5942 4.8473 -0.0069 0.8720
60 0 Car -1 -1 -0.5048 976.1250 181.1566 1220.7065 286.2286 1.3965 3.9256 1.5436 7.6692 1.5569 11.9060 0.0556 0.9082
61 0 Car -1 -1 -0.4969 867.0594 196.8323 1238.0000 374.0000 1.3825 3.4091 1.4545 3.2875 1.6278 5.6583 0.0059 0.8974
61 0 Car -1 -1 -0.2679 794.2706 179.0026 866.7350 223.8800 1.4052 3.4715 1.4907 7.4532 1.6320 24.8199 0.0200 0.9052
61 0 Car -1 -1 -0.4884 949.4375 179.3988 1175.4861 277.2466 1.4275 4.1116 1.5848 7.7050 1.5637 12.8882 0.0397 0.8819
61 0 Car -1 -1 -0.0800 678.4519 178.0343 727.3431 220.4609 1.4420 3.2051 1.5139 3.3200 1.6447 26.5522 0.0424 0.8943
62 0 Car -1 -1 -0.4181 840.3970 193.0451 1232.0446 374.0000 1.3609 3.5678 1.4850 3.2724 1.5927 6.4615 0.0313 0.8907
62 0 Car -1 -1 -0.2087 786.2706 177.9573 850.3145 221.4902 1.4269 3.4201 1.4995 7.3306 1.6222 25.8132 0.0644 0.8906
62 0 Car -1 -1 -0.1222 674.5679 177.4097 723.2358 217.9441 1.4542 3.0666 1.4794 3.3270 1.6396 27.7660 -0.0048 0.8859
62 0 Car -1 -1 -0.4917 923.7772 178.0165 1134.6473 267.2088 1.4182 4.2366 1.5986 7.6802 1.5328 13.8386 0.0053 0.8764
63 0 Car -1 -1 -0.3630 817.8505 192.4545 1128.1556 374.0000 1.3793 3.4396 1.4799 3.2037 1.6234 7.2221 0.0382 0.9083
63 0 Car -1 -1 -0.1043 669.6036 178.7331 715.9567 216.7764 1.4217 3.2247 1.5117 3.2423 1.6722 29.0778 0.0050 0.9059
63 0 Car -1 -1 -0.4365 914.1702 180.6784 1089.1635 263.4850 1.4036 3.7912 1.5706 7.5961 1.5823 14.5145 0.0366 0.8822
63 0 Car -1 -1 -0.2647 775.6522 178.9830 840.5803 219.8826 1.4080 3.4054 1.4850 7.3091 1.6526 27.0531 -0.0042 0.8823
64 0 Car -1 -1 -0.4211 896.9151 181.4806 1053.8369 254.8884 1.3398 3.8235 1.5253 7.6159 1.5492 15.5511 0.0262 0.8720
64 0 Car -1 -1 -0.3363 799.3756 190.4640 1062.9188 357.1038 1.3654 3.4477 1.4778 3.1985 1.6042 8.0229 0.0293 0.9123
64 0 Car -1 -1 -0.0765 668.8389 176.5804 711.9547 215.1870 1.5207 3.2295 1.5456 3.2943 1.6864 30.3723 0.0299 0.8972
64 0 Car -1 -1 -0.1901 772.9974 177.4100 827.5256 213.5493 1.3000 3.2282 1.4431 7.2855 1.4878 28.0255 0.0611 0.8916
65 0 Car -1 -1 -0.0666 658.0653 176.1523 697.7988 211.0431 1.4621 3.0521 1.5138 3.3140 1.2390 31.6479 0.0317 0.8767
65 0 Car -1 -1 -0.3456 777.3249 191.7741 1010.6512 334.2104 1.3618 3.3978 1.4586 3.2684 1.5135 8.8136 -0.0058 0.9146
65 0 Car -1 -1 -0.1814 758.6890 176.0313 814.3185 214.1823 1.4592 3.4587 1.5589 7.4494 1.2510 29.2450 0.0608 0.8925
65 0 Car -1 -1 -0.3855 872.8017 180.2005 1013.9637 248.5653 1.3929 3.7770 1.5620 7.6551 1.3677 16.5489 0.0365 0.8760
66 0 Car -1 -1 -0.1586 759.7261 180.5915 807.5753 214.9582 1.3314 3.2008 1.4503 7.2069 1.6749 30.3416 0.0718 0.8593
66 0 Car -1 -1 -0.0467 661.0006 176.4329 697.9711 210.2963 1.4625 3.1286 1.5303 3.1068 1.6350 33.0947 0.0455 0.8862
66 0 Car -1 -1 -0.3516 865.1934 182.0602 991.4346 246.5974 1.3579 3.8551 1.5461 7.5890 1.6091 17.6997 0.0468 0.8880
66 0 Car -1 -1 -0.2791 771.6722 189.6020 963.8914 317.3024 1.3266 3.3697 1.4445 3.1656 1.5904 9.6442 0.0279 0.9161
67 0 Car -1 -1 -0.2638 756.6525 188.9351 930.6160 306.5778 1.3499 3.4832 1.4583 3.1393 1.6237 10.5106 0.0177 0.9091
67 0 Car -1 -1 -0.0566 658.1543 176.1600 694.7568 208.9505 1.4783 3.3097 1.5467 3.1004 1.6446 34.5431 0.0316 0.8959
67 0 Car -1 -1 -0.3268 848.6924 180.7672 964.9676 242.6522 1.3937 3.9478 1.5605 7.5126 1.6220 18.7701 0.0479 0.8804
67 0 Car -1 -1 -0.0888 753.2440 179.0619 793.3851 210.7741 1.2847 3.2498 1.4140 7.0643 1.5716 31.5963 0.1287 0.8204
68 0 Car -1 -1 -0.2189 747.2445 187.8504 900.6937 295.1726 1.3592 3.6021 1.5057 3.1571 1.6362 11.4781 0.0419 0.9051
68 0 Car -1 -1 -3.2755 744.8111 176.0583 787.4519 208.2208 1.3745 3.3608 1.4476 7.0304 1.5287 32.9071 -3.0673 0.8623
68 0 Car -1 -1 -0.0649 656.1738 177.0597 691.5076 207.6327 1.4323 3.4799 1.5217 3.1081 1.6530 36.0384 0.0199 0.8725
68 0 Car -1 -1 -0.3489 839.3702 181.3833 947.9435 236.3425 1.3170 3.7884 1.5230 7.5870 1.5738 19.7819 0.0117 0.8797
69 0 Car -1 -1 -0.2296 732.8778 185.7585 874.5192 284.4975 1.3831 3.5509 1.4979 3.0895 1.6363 12.3523 0.0089 0.9032
69 0 Car -1 -1 -0.0201 654.5173 176.4566 684.5136 204.7779 1.3846 3.3495 1.4714 3.0144 1.5804 37.4232 0.0591 0.8675
69 0 Car -1 -1 -0.0437 743.9228 177.0002 779.9923 209.8114 1.4538 3.2619 1.5122 7.1070 1.6602 34.1336 0.1593 0.8642
69 0 Car -1 -1 -0.2860 825.1298 180.0996 922.1618 234.0192 1.3773 3.9698 1.5501 7.4888 1.6088 20.9931 0.0516 0.8742
70 0 Car -1 -1 -0.0726 641.8484 174.1546 674.2508 200.6974 1.3943 3.4674 1.5241 2.8673 1.0624 38.8729 0.0021 0.8563
70 0 Car -1 -1 -3.2456 721.9329 171.2657 759.5902 200.3640 1.3777 3.5296 1.4778 6.7145 0.9420 35.2930 -3.0575 0.7807
70 0 Car -1 -1 -0.2064 716.7407 183.2955 837.5470 269.9981 1.3954 3.3304 1.4805 3.0183 1.4557 13.1587 0.0156 0.9097
70 0 Car -1 -1 -0.3502 800.5976 174.8573 897.8767 223.7940 1.3943 3.8963 1.6029 7.4746 1.2351 22.1088 -0.0269 0.8678
71 0 Car -1 -1 -0.1335 729.7546 176.0965 769.5546 205.9807 1.4318 3.5320 1.5181 7.0287 1.6055 36.7621 0.0534 0.7214
71 0 Car -1 -1 -0.0647 648.8184 179.9426 680.0107 205.8802 1.3546 3.4560 1.5081 2.9714 1.7685 40.3612 0.0077 0.8286
71 0 Car -1 -1 -0.1705 721.0197 186.0170 830.1013 265.3017 1.2979 3.4851 1.4595 3.0659 1.5890 14.1647 0.0374 0.8980
71 0 Car -1 -1 -0.8034 976.1572 188.0451 1238.0000 374.0000 1.4969 4.0696 1.6042 3.5847 1.6131 3.4340 -0.0393 0.6240
71 0 Car -1 -1 -0.2379 800.0031 179.7842 882.4599 227.0533 1.3581 4.1216 1.5849 7.3503 1.6039 23.4506 0.0616 0.8795
72 0 Car -1 -1 -0.3561 788.5463 177.8793 879.6140 226.4032 1.4896 4.0588 1.6237 7.4886 1.6762 24.6555 -0.0652 0.8673
72 0 Car -1 -1 -0.6317 954.1402 180.2213 1238.0000 374.0000 1.4846 3.8440 1.5481 3.6346 1.5489 4.3074 0.0353 0.8322
72 0 Car -1 -1 -0.1514 724.2159 174.2650 763.9130 202.8206 1.4286 3.6345 1.5153 6.9950 1.5071 38.1136 0.0283 0.5780
72 0 Car -1 -1 -0.1823 711.0999 183.6387 816.2694 261.9061 1.3968 3.3891 1.5056 3.0307 1.6475 15.0466 0.0117 0.9107
72 0 Car -1 -1 0.0006 645.5786 178.0233 672.3850 202.6340 1.3472 3.1720 1.4912 2.8004 1.6588 41.8112 0.0665 0.8704
73 0 Car -1 -1 -0.1280 718.4769 173.6954 757.0881 201.3096 1.4319 3.9922 1.5709 6.9171 1.4808 39.5634 0.0434 0.6892
73 0 Car -1 -1 -0.6059 913.8624 181.7675 1238.0000 374.0000 1.4882 3.9404 1.5559 3.5936 1.5729 4.8529 0.0020 0.8546
73 0 Car -1 -1 -0.0157 643.9157 176.8670 670.7062 201.4930 1.4031 3.2660 1.5443 2.7762 1.6537 43.3188 0.0474 0.8678
73 0 Car -1 -1 -0.1477 702.9948 183.9280 798.6447 256.1688 1.3787 3.5735 1.5409 2.9791 1.6545 16.1322 0.0307 0.9101
73 0 Car -1 -1 -0.2196 781.0094 178.8799 853.8201 223.2212 1.4302 4.2531 1.5992 7.3282 1.6660 26.0228 0.0513 0.8722
74 0 Car -1 -1 -0.1968 704.5590 168.8586 745.4442 196.3141 1.5109 3.8435 1.6003 6.8716 0.8717 40.8489 -0.0296 0.6241
74 0 Car -1 -1 -0.0936 633.7289 173.2086 663.4486 196.2549 1.4077 3.6914 1.5488 2.7375 0.9637 45.0523 -0.0316 0.8121
74 0 Car -1 -1 -0.5273 876.5536 182.5537 1238.0000 374.0000 1.5173 3.9368 1.5782 3.5926 1.5409 5.5576 0.0227 0.9089
74 0 Car -1 -1 -0.2564 761.0247 172.7621 832.7075 214.9169 1.5025 4.2865 1.6149 7.2872 1.2282 27.3419 0.0029 0.8642
74 0 Car -1 -1 -0.1526 690.3319 179.9689 775.7115 243.1171 1.3737 3.2919 1.5098 2.9469 1.3638 17.0350 0.0173 0.9145
75 0 Car -1 -1 -3.1978 705.0270 173.9007 736.7693 200.5114 1.4753 4.0739 1.5959 6.4163 1.5400 42.2662 -3.0486 0.6877
75 0 Car -1 -1 -0.0564 638.6858 177.6190 665.3234 199.3215 1.3212 3.5080 1.5070 2.6404 1.6399 46.4490 -0.0005 0.7479
75 0 Car -1 -1 -0.1382 693.1317 182.2702 773.8597 245.9116 1.4039 3.3716 1.5114 2.9575 1.6629 18.1177 0.0202 0.9105
75 0 Car -1 -1 -0.4928 860.5230 185.6505 1238.0000 374.0000 1.4367 3.9754 1.5305 3.5976 1.5848 6.3379 0.0026 0.8996
75 0 Car -1 -1 -0.1995 767.0754 177.2838 827.8327 215.9955 1.4005 3.8609 1.5632 7.2842 1.5881 28.5170 0.0476 0.8816
76 0 Car -1 -1 -0.4215 830.2468 184.7573 1216.3634 374.0000 1.4738 3.9645 1.5869 3.6091 1.5167 7.1430 0.0260 0.9109
76 0 Car -1 -1 -0.2306 748.2246 174.7954 812.4960 212.8277 1.4763 4.1539 1.6513 7.3540 1.2170 29.9598 0.0030 0.8805
76 0 Car -1 -1 0.0075 630.7141 174.9907 654.6387 196.8286 1.4021 3.4547 1.5349 2.7604 0.9848 47.8867 0.0598 0.7360
76 0 Car -1 -1 -0.1290 679.9091 181.9712 757.7272 238.7840 1.3757 3.5891 1.5557 3.0130 1.3906 19.2298 0.0191 0.9106
76 0 Car -1 -1 -0.0649 699.6782 174.0825 729.6747 199.1926 1.4537 3.6221 1.5320 6.8152 1.0251 43.4544 0.0848 0.6984
77 0 Car -1 -1 -0.1297 680.7120 181.6969 752.4107 237.6438 1.3946 3.4421 1.5275 2.8586 1.6644 20.2557 0.0077 0.9119
77 0 Car -1 -1 -3.1660 635.9391 173.9924 660.6004 196.8228 1.4965 3.7404 1.5847 2.5568 1.5778 49.3729 -3.1150 0.8219
77 0 Car -1 -1 -0.3700 817.1115 183.9633 1133.0333 370.1055 1.4742 3.9673 1.5833 3.5341 1.6280 7.9600 0.0331 0.8992
77 0 Car -1 -1 -0.2073 749.3328 176.2975 806.6503 212.4444 1.4482 4.0635 1.5974 7.1751 1.6079 31.3385 0.0152 0.8863
77 0 Car -1 -1 -3.2151 699.6674 175.2994 729.9208 200.2094 1.4710 3.8618 1.5735 6.4586 1.6305 44.9755 -3.0738 0.6208
78 0 Car -1 -1 -0.3387 800.6122 180.7812 1066.1791 343.7954 1.5007 3.9172 1.5839 3.5325 1.6197 8.8137 0.0298 0.9105
78 0 Car -1 -1 -0.0887 678.9000 181.0117 741.7878 232.8195 1.3641 3.4128 1.5117 2.8370 1.6247 21.2781 0.0412 0.9092
78 0 Car -1 -1 -0.0638 633.8873 177.5968 658.5703 198.2152 1.3793 3.4187 1.5120 2.4919 1.7248 50.7781 -0.0155 0.7890
78 0 Car -1 -1 -0.1703 745.8065 175.9935 797.8499 211.9499 1.5047 3.8510 1.6358 7.1778 1.6550 32.4940 0.0446 0.8917
79 0 Car -1 -1 -0.3319 781.3243 181.2824 1018.8051 326.6550 1.5057 3.9660 1.6103 3.5149 1.6425 9.6883 0.0053 0.9056
79 0 Car -1 -1 -0.1536 739.2709 175.5181 787.9441 209.3899 1.4770 4.0908 1.6054 7.1020 1.6101 33.8716 0.0508 0.8756
79 0 Car -1 -1 -0.0394 632.5018 175.7313 656.6461 197.1125 1.4827 3.8440 1.5946 2.4547 1.7000 52.4786 0.0066 0.6800
79 0 Car -1 -1 -0.1106 673.2844 179.4806 737.0511 229.8010 1.4091 3.5948 1.5540 2.8400 1.6325 22.4847 0.0126 0.8792
80 0 Car -1 -1 0.0163 630.6230 174.6181 653.2114 196.4381 1.5692 3.8408 1.6345 2.3978 1.7068 54.1712 0.0599 0.5491
80 0 Car -1 -1 -0.2921 766.4521 180.1394 968.3549 308.0247 1.4863 3.9606 1.5971 3.4508 1.6138 10.6007 0.0133 0.9144
80 0 Car -1 -1 -0.1561 733.1501 176.8563 778.9172 208.4280 1.4277 3.9348 1.5711 7.0083 1.6340 35.1273 0.0387 0.8629
80 0 Car -1 -1 -0.0630 671.1683 181.1475 724.6228 228.4877 1.3942 3.3144 1.5016 2.7589 1.6845 23.5334 0.0515 0.9045
81 0 Car -1 -1 -0.2509 757.7206 179.7852 931.1774 297.3190 1.5236 3.9107 1.6186 3.4677 1.6541 11.5645 0.0324 0.9089
81 0 Car -1 -1 0.0454 629.2420 176.8687 651.1408 196.2342 1.4175 3.6705 1.5221 2.3228 1.7371 55.4899 0.0866 0.6250
81 0 Car -1 -1 -0.1174 729.6446 174.8652 771.9849 206.9923 1.5246 4.0014 1.6279 7.0356 1.6326 36.5488 0.0708 0.8785
81 0 Car -1 -1 -0.0833 665.8235 178.8992 720.8354 225.4314 1.4455 3.6080 1.5518 2.7396 1.6682 24.7084 0.0251 0.9101
82 0 Car -1 -1 -0.0965 723.3383 174.9878 762.2266 206.6924 1.5666 4.0117 1.6165 6.9001 1.6855 37.9940 0.0813 0.8489
82 0 Car -1 -1 -0.0564 665.1588 179.3959 714.8530 221.7807 1.3741 3.4632 1.5448 2.7452 1.6236 25.7021 0.0481 0.8831
82 0 Car -1 -1 -0.2476 747.2826 180.3704 906.9273 286.2573 1.4966 4.0918 1.6051 3.4962 1.6491 12.5471 0.0171 0.9117
82 0 Car -1 -1 0.0557 624.3047 175.2758 646.3351 194.8286 1.4837 3.7253 1.5430 2.0079 1.6823 57.1496 0.0902 0.5516
83 0 Car -1 -1 -0.0467 654.8514 178.0038 700.6089 217.2750 1.3746 3.3877 1.5111 2.7785 1.2533 26.8706 0.0501 0.9058
83 0 Car -1 -1 -0.0867 710.8297 173.5137 748.4143 202.7273 1.5103 3.9476 1.6477 6.9343 1.0983 39.1696 0.0824 0.8223
83 0 Car -1 -1 3.0673 621.0236 172.0010 644.4932 191.2955 1.5231 3.9194 1.6040 2.5535 0.7738 58.6904 3.1057 0.7528
83 0 Car -1 -1 -0.2414 727.7980 178.7989 870.8809 270.3868 1.4720 3.9271 1.6069 3.4862 1.4299 13.5068 0.0010 0.9160
84 0 Car -1 -1 -0.1855 728.6888 179.4081 847.9423 265.0083 1.4518 3.8631 1.5709 3.3697 1.6016 14.4942 0.0375 0.9109
84 0 Car -1 -1 -0.1315 715.1407 175.1102 753.5902 202.8607 1.4699 3.9786 1.6058 6.9025 1.6034 40.5593 0.0354 0.7724
84 0 Car -1 -1 -0.0222 658.0748 178.3969 700.8132 218.9852 1.4464 3.6176 1.5496 2.6075 1.6767 28.0751 0.0687 0.8982
84 0 Car -1 -1 0.1886 1013.7474 180.8651 1073.9832 218.7889 1.5517 3.8445 1.6389 19.4443 1.9331 32.3385 0.7254 0.7419
84 0 Car -1 -1 -0.0338 625.8409 173.8733 647.4603 193.0104 1.5385 4.1194 1.6584 2.1729 1.6270 60.2864 0.0016 0.6017
85 0 Car -1 -1 0.2306 995.4989 177.7989 1059.3610 215.7022 1.5914 4.0347 1.6561 19.0148 1.8310 32.8639 0.7507 0.7246
85 0 Car -1 -1 -0.0094 624.9522 174.2606 644.4608 192.8196 1.5338 3.7502 1.6196 2.0730 1.6583 61.8074 0.0236 0.6274
85 0 Car -1 -1 -0.0470 655.3297 178.5605 699.0863 217.8170 1.4599 3.5346 1.5774 2.6190 1.7050 29.1508 0.0411 0.8870
85 0 Car -1 -1 -0.0729 711.9910 174.3609 745.2534 201.9770 1.5189 3.9578 1.6085 6.8152 1.6111 41.9460 0.0866 0.8517
85 0 Car -1 -1 -0.2127 718.8136 178.8616 835.9056 258.6394 1.4688 3.9330 1.5999 3.3969 1.6150 15.5466 -0.0025 0.9077
86 0 Car -1 -1 -1.0143 1007.5613 180.4744 1238.0000 374.0000 1.4760 4.0086 1.6009 3.4539 1.5255 2.5607 -0.1356 0.5461
86 0 Car -1 -1 0.0027 705.3001 175.0310 733.2357 201.4019 1.4956 3.9393 1.5839 6.5255 1.6329 43.3248 0.1508 0.5526
86 0 Car -1 -1 0.0071 651.5082 177.1633 689.4352 212.3638 1.3704 3.3911 1.4973 2.5009 1.5621 30.2727 0.0881 0.8804
86 0 Car -1 -1 0.2415 992.1591 178.7089 1051.6495 214.8645 1.5355 3.4383 1.6031 18.8433 1.8184 33.0242 0.7557 0.8481
86 0 Car -1 -1 -0.1836 710.7995 178.6187 816.8407 254.3563 1.5065 4.0278 1.6302 3.3582 1.6563 16.6799 0.0107 0.9095
87 0 Car -1 -1 -0.7647 1016.5735 174.2442 1238.0000 374.0000 1.5658 3.9197 1.6084 3.6845 1.5764 3.3258 0.0280 0.7296
87 0 Car -1 -1 0.2456 979.3231 178.0418 1039.8224 214.8430 1.5839 3.5557 1.6524 18.5134 1.8381 33.4432 0.7470 0.8208
87 0 Car -1 -1 -0.1642 704.0726 178.3289 798.2150 246.7289 1.4605 3.9673 1.5905 3.2875 1.6105 17.7193 0.0154 0.9090
87 0 Car -1 -1 -0.0384 650.5406 178.9928 688.7332 213.9982 1.4133 3.2507 1.5163 2.5081 1.6946 31.3641 0.0401 0.8953
88 0 Car -1 -1 -0.1514 699.3954 178.2952 786.7191 242.8774 1.4740 4.0105 1.6067 3.3016 1.6316 18.8262 0.0187 0.8776
88 0 Car -1 -1 0.2685 966.9659 177.6619 1026.3302 212.3572 1.5156 3.4977 1.5971 18.1262 1.7536 33.8408 0.7561 0.8487
88 0 Car -1 -1 -0.0024 647.0018 179.5171 683.2812 212.8086 1.3890 3.4866 1.5479 2.4411 1.7071 32.6129 0.0711 0.8780
88 0 Car -1 -1 -0.6848 948.6653 171.8105 1238.0000 374.0000 1.6424 3.6174 1.5181 3.6097 1.6391 4.3140 -0.0221 0.7327
88 0 Car -1 -1 0.0472 619.1989 174.8080 639.1697 192.3055 1.5582 4.0849 1.6620 1.7850 1.7452 66.8202 0.0734 0.5031
89 0 Car -1 -1 2.9789 690.9317 172.1691 726.1614 196.5101 1.5336 4.2386 1.6239 6.4196 1.4908 47.5999 3.1118 0.6326
89 0 Car -1 -1 0.2672 955.4615 178.1657 1012.0181 212.0386 1.4987 3.3431 1.5686 17.7243 1.7641 34.2375 0.7410 0.8512
89 0 Car -1 -1 -0.6004 931.2133 161.0518 1238.0000 374.0000 1.5960 3.7460 1.5638 3.6857 1.5480 4.8431 0.0204 0.8321
89 0 Car -1 -1 -0.1361 694.6801 176.2073 775.0432 238.4347 1.5331 3.8895 1.6358 3.2958 1.6353 19.9501 0.0245 0.9037
89 0 Car -1 -1 0.0576 618.0378 174.9450 637.5004 191.6321 1.5226 3.9064 1.6245 1.6906 1.7269 68.3515 0.0819 0.6897
89 0 Car -1 -1 -0.0159 644.9410 178.5619 678.4198 209.6133 1.3544 3.5203 1.4892 2.3552 1.6374 33.9273 0.0523 0.8891
90 0 Car -1 -1 -0.5649 898.5408 153.5874 1238.0000 374.0000 1.6900 4.0313 1.5910 3.6936 1.6000 5.4037 0.0086 0.8853
90 0 Car -1 -1 -0.0019 644.0796 177.8651 677.4575 208.9060 1.4065 3.4403 1.5373 2.4166 1.6624 35.0281 0.0658 0.8629
90 0 Car -1 -1 0.2428 944.5637 177.7784 999.1447 211.2003 1.4947 3.5178 1.5563 17.3730 1.7441 34.6531 0.7037 0.8885
90 0 Car -1 -1 -0.1378 689.0639 176.5358 764.1043 232.9839 1.4813 3.8003 1.6228 3.2620 1.5990 21.0912 0.0128 0.9120
91 0 Car -1 -1 -0.1308 683.5187 176.7550 755.2850 231.4510 1.5216 3.9479 1.6605 3.2421 1.6534 22.3349 0.0107 0.9114
91 0 Car -1 -1 0.2472 937.3386 179.2222 988.4385 210.1431 1.3920 3.2841 1.4754 17.0716 1.7159 34.9250 0.6981 0.6819
91 0 Car -1 -1 -0.4987 871.7811 160.9902 1238.0000 374.0000 1.6723 3.9825 1.5735 3.7088 1.6024 6.2755 0.0136 0.8969
91 0 Car -1 -1 0.0227 639.4292 177.4890 671.8200 207.9902 1.4310 3.5410 1.5447 2.2895 1.6759 36.2343 0.0848 0.8802
92 0 Car -1 -1 -0.4499 835.8441 165.8948 1238.0000 374.0000 1.6363 4.0586 1.6335 3.5981 1.5882 7.0507 0.0041 0.9077
92 0 Car -1 -1 -0.1118 678.6281 177.0314 742.6225 227.0763 1.4797 3.9912 1.6128 3.1679 1.6288 23.6773 0.0189 0.9101
92 0 Car -1 -1 -0.0227 639.2382 176.4181 671.0408 206.3122 1.4637 3.6446 1.5592 2.2759 1.6590 37.6170 0.0367 0.8767
93 0 Car -1 -1 0.2616 913.1960 173.4667 965.6142 203.2306 1.4005 3.6792 1.4853 16.3969 1.4330 35.9207 0.6864 0.5944
93 0 Car -1 -1 -0.4291 815.9904 166.1758 1161.1959 370.9240 1.6716 4.0215 1.6260 3.6192 1.6174 7.9108 -0.0151 0.9079
93 0 Car -1 -1 0.0343 635.1611 176.0976 666.5949 205.1422 1.4714 3.5857 1.5719 2.2007 1.6546 38.8203 0.0900 0.8844
93 0 Car -1 -1 -0.0987 676.5353 176.8149 736.6165 225.2562 1.5125 3.9579 1.6397 3.1990 1.6603 24.8533 0.0271 0.9009
94 0 Car -1 -1 -0.3984 798.1478 166.1291 1092.1493 345.3911 1.6752 3.9628 1.6551 3.6051 1.6127 8.7376 -0.0200 0.9139
94 0 Car -1 -1 0.0148 635.5894 176.6867 664.2201 203.6981 1.4113 3.3217 1.5149 2.1911 1.6326 39.8891 0.0687 0.8329
94 0 Car -1 -1 -0.0584 673.5117 176.7152 725.6931 221.2293 1.4712 3.9234 1.6276 3.1374 1.6225 26.1989 0.0588 0.8872
95 0 Car -1 -1 -0.0078 634.7895 176.6309 663.8911 203.9313 1.4748 3.8495 1.5931 2.2058 1.7025 41.4757 0.0444 0.7839
95 0 Car -1 -1 -0.3046 788.2477 170.0767 1022.2601 331.3684 1.7040 3.9525 1.6323 3.5609 1.6750 9.6263 0.0386 0.9187
95 0 Car -1 -1 -0.0786 668.9242 176.8167 718.6788 218.6549 1.4586 3.6956 1.5677 3.0725 1.6196 27.3784 0.0313 0.9027
96 0 Car -1 -1 -0.0911 665.0183 175.9977 715.7704 216.8576 1.5048 4.0115 1.6385 3.1071 1.6399 28.8987 0.0143 0.9023
96 0 Car -1 -1 0.0065 632.0641 176.5120 659.5034 202.2728 1.4380 3.6369 1.5514 2.0894 1.6641 42.6602 0.0546 0.8415
96 0 Car -1 -1 -0.3095 774.1526 170.3759 985.2620 309.0473 1.6258 3.9545 1.6072 3.5602 1.5971 10.4415 0.0095 0.9120
97 0 Car -1 -1 0.2112 887.3171 177.5615 934.8486 208.7028 1.4985 3.4222 1.5872 15.4926 1.7533 37.1383 0.6031 0.7164
97 0 Car -1 -1 -0.0181 632.0488 176.2541 658.9176 201.2928 1.4439 3.6535 1.5586 2.0943 1.6601 43.9559 0.0288 0.8091
97 0 Car -1 -1 -0.0803 661.7917 175.8998 708.0392 214.0611 1.4803 3.8094 1.6055 3.0343 1.6164 30.2124 0.0182 0.9018
97 0 Car -1 -1 -0.2742 760.0625 172.7394 945.7404 295.7624 1.6123 3.9866 1.6669 3.5482 1.6112 11.4615 0.0177 0.9160
97 0 Car -1 -1 -0.9450 1029.5970 192.7939 1238.0000 374.0000 1.4367 3.9492 1.5751 3.5905 1.5692 2.7468 -0.0783 0.6934
98 0 Car -1 -1 -0.7514 980.9184 194.9552 1238.0000 374.0000 1.4521 3.9300 1.5617 3.6231 1.5288 3.6077 -0.0019 0.7415
98 0 Car -1 -1 -0.2659 745.2979 172.9117 909.4637 283.2495 1.5963 3.9214 1.6359 3.5029 1.4194 12.3600 0.0040 0.9126
98 0 Car -1 -1 -0.0517 656.5702 175.4664 699.9374 212.5936 1.5337 3.9694 1.6818 3.0142 1.1321 31.7106 0.0418 0.8955
98 0 Car -1 -1 0.2537 875.8190 176.7285 924.7434 206.5515 1.4758 3.3675 1.5723 15.2158 1.0569 37.3890 0.6371 0.7898
99 0 Car -1 -1 -0.2411 737.3713 173.1487 889.6827 275.6663 1.5959 4.0730 1.6850 3.4807 1.6025 13.2851 0.0087 0.9030
99 0 Car -1 -1 -0.0803 625.7763 176.1935 654.3469 199.6779 1.4419 3.5847 1.5533 1.8771 1.6666 46.6402 -0.0408 0.6009
99 0 Car -1 -1 -0.6780 930.6947 190.6211 1238.0000 374.0000 1.4394 3.8004 1.5209 3.6136 1.5985 4.5191 -0.0357 0.8105
99 0 Car -1 -1 -0.0729 657.4845 175.9417 697.4136 209.2269 1.4212 3.6412 1.5395 2.9926 1.5705 32.9780 0.0162 0.8725
99 0 Car -1 -1 0.2974 869.5834 176.1658 920.1844 207.2003 1.5326 3.2849 1.5815 14.9116 1.7146 37.7870 0.6702 0.7939
100 0 Car -1 -1 0.2624 861.9188 177.4295 912.4063 207.4197 1.4805 3.7264 1.5939 14.6732 1.7356 38.1961 0.6261 0.8398
100 0 Car -1 -1 -0.0241 654.2505 174.8341 691.7432 209.0290 1.5346 3.8767 1.6808 2.9302 1.6353 34.5930 0.0592 0.8977
100 0 Car -1 -1 -0.2154 731.7446 173.6287 865.4826 267.2172 1.5788 4.0097 1.6541 3.4802 1.5966 14.2226 0.0189 0.9089
100 0 Car -1 -1 -0.5740 907.9267 193.5125 1238.0000 374.0000 1.3637 3.1364 1.4008 3.6136 1.5684 5.5516 -0.0220 0.8737
101 0 Car -1 -1 -0.4936 862.6619 186.5934 1238.0000 374.0000 1.4037 3.4230 1.4957 3.5960 1.5612 6.5330 -0.0104 0.9128
101 0 Car -1 -1 2.1374 1154.1941 191.4123 1238.0000 374.0000 1.4568 3.8381 1.5653 7.2170 1.6743 6.4108 2.9585 0.6225
101 0 Car -1 -1 0.2846 855.2171 175.6450 905.6284 205.5415 1.4998 3.5675 1.5881 14.4102 1.6563 38.4543 0.6402 0.8276
101 0 Car -1 -1 -0.2144 722.3477 171.8184 846.7183 261.7134 1.6547 4.0244 1.6752 3.4759 1.6360 15.2941 0.0040 0.9069
101 0 Car -1 -1 -0.0200 651.8317 174.8574 687.3885 208.5872 1.5809 4.0539 1.6758 2.8973 1.6874 36.1344 0.0588 0.8767
101 0 Car -1 -1 -0.0112 626.7586 176.2672 650.3062 197.8011 1.3950 3.7625 1.5447 1.8917 1.6373 49.2428 0.0266 0.8094
102 0 Car -1 -1 -0.0225 624.5825 176.2342 648.0466 197.7905 1.4366 3.7689 1.5501 1.7847 1.6827 50.5709 0.0122 0.5827
102 0 Car -1 -1 -0.0325 649.9334 175.8707 682.5942 206.7223 1.5049 3.7981 1.5554 2.8437 1.6701 37.5000 0.0421 0.8370
102 0 Car -1 -1 -0.1947 715.4504 176.1071 826.1801 255.3028 1.5545 3.8892 1.6577 3.4275 1.6370 16.2714 0.0083 0.8872
102 0 Car -1 -1 -0.7234 1144.4547 193.7586 1238.0000 374.0000 1.3612 3.7258 1.4944 7.5027 1.6314 7.4149 0.0475 0.7043
102 0 Car -1 -1 0.2726 853.0302 177.6038 900.4291 204.9648 1.3698 3.4727 1.5101 14.2708 1.6366 38.6136 0.6237 0.8145
102 0 Car -1 -1 -0.4454 835.0974 188.4373 1162.2643 374.0000 1.4200 3.4482 1.4913 3.5829 1.6193 7.4720 -0.0146 0.9044
103 0 Car -1 -1 -0.7052 1069.7979 180.8087 1238.0000 329.6070 1.4053 3.7385 1.4946 7.5513 1.4115 8.5505 0.0015 0.7660
103 0 Car -1 -1 -0.1782 699.3716 167.3678 798.0434 245.5849 1.6939 3.9322 1.6476 3.3379 1.4112 17.2825 0.0109 0.9100
103 0 Car -1 -1 0.0090 638.8104 170.5832 668.3788 198.6412 1.4681 3.6291 1.5460 2.6765 0.9507 38.8614 0.0790 0.8327
103 0 Car -1 -1 -0.3868 808.9711 186.4063 1058.5729 332.9772 1.3634 3.2172 1.4447 3.5337 1.4480 8.3128 0.0034 0.9021
103 0 Car -1 -1 0.3041 835.3788 172.7739 884.5661 201.2849 1.4916 3.4535 1.5840 14.0291 1.0888 38.8397 0.6498 0.8622
104 0 Car -1 -1 -0.3350 801.5560 186.4981 1012.6124 321.5506 1.3836 3.1725 1.4613 3.5469 1.5903 9.3111 0.0174 0.9118
104 0 Car -1 -1 0.2825 843.4490 176.7268 892.0203 204.7697 1.4237 3.5675 1.5531 13.9497 1.6440 39.0569 0.6227 0.8692
104 0 Car -1 -1 -0.6687 1041.7844 184.4657 1238.0000 324.4664 1.4030 3.7327 1.4973 7.4683 1.5851 9.4157 -0.0139 0.8384
104 0 Car -1 -1 0.0337 641.8809 174.2578 672.6296 202.7575 1.5162 3.9936 1.6006 2.6683 1.5997 40.6525 0.0983 0.8585
104 0 Car -1 -1 -0.1570 701.9604 172.7169 797.2817 244.3208 1.6138 4.0935 1.7048 3.3612 1.6111 18.3232 0.0207 0.9004
105 0 Car -1 -1 -0.3364 781.2645 184.3592 979.4636 308.5787 1.4246 3.4121 1.5159 3.5758 1.6166 10.3050 -0.0124 0.9063
105 0 Car -1 -1 -0.5930 1008.5040 180.8710 1238.0000 308.9655 1.4127 4.1017 1.5533 7.4994 1.5503 10.2817 0.0229 0.8947
105 0 Car -1 -1 -0.1704 696.9839 173.2555 789.1937 242.1113 1.6586 4.1267 1.7231 3.4112 1.6710 19.4656 -0.0003 0.8791
105 0 Car -1 -1 -0.0133 641.4326 174.6613 669.8929 202.4185 1.5353 3.8332 1.5827 2.5989 1.6460 42.1123 0.0474 0.8172
105 0 Car -1 -1 0.2990 837.9839 176.7727 886.8719 204.6341 1.4255 3.5525 1.5474 13.7596 1.6498 39.3354 0.6328 0.8847
106 0 Car -1 -1 -0.0049 639.8703 175.7713 667.3846 201.8061 1.4884 3.9184 1.5887 2.5934 1.6735 43.6931 0.0535 0.8433
106 0 Car -1 -1 -0.5730 976.4625 181.9216 1238.0000 296.4912 1.3918 4.0928 1.5510 7.4165 1.5578 11.1344 0.0018 0.8977
106 0 Car -1 -1 -0.1612 692.7689 170.7268 776.3248 235.4677 1.6556 4.0086 1.6704 3.3677 1.6015 20.4539 -0.0011 0.9074
106 0 Car -1 -1 0.2599 838.6970 177.2742 883.2148 204.2377 1.3847 3.3514 1.4975 13.7168 1.6378 39.4517 0.5918 0.8575
106 0 Car -1 -1 -0.2857 768.7541 184.1876 934.5832 292.7358 1.3915 3.3641 1.4930 3.5347 1.5957 11.2881 0.0093 0.9041
107 0 Car -1 -1 -0.2939 759.4764 185.0371 912.5497 282.4209 1.3638 3.3704 1.4926 3.5994 1.5992 12.2223 -0.0150 0.9082
107 0 Car -1 -1 -0.0203 639.3089 175.1866 666.3648 201.1784 1.5482 3.7627 1.6058 2.6172 1.7009 45.2274 0.0366 0.8200
107 0 Car -1 -1 -0.5473 950.6934 182.5787 1211.2310 285.7876 1.3797 4.2828 1.5863 7.5224 1.5733 12.1932 -0.0060 0.9035
107 0 Car -1 -1 0.2682 831.7858 176.0430 878.0012 202.8496 1.3886 3.5603 1.5305 13.4838 1.5730 39.7307 0.5927 0.8576
107 0 Car -1 -1 -0.1561 689.2120 173.3717 766.4360 231.1395 1.5606 3.8366 1.6532 3.3533 1.5778 21.4461 -0.0038 0.8812
108 0 Car -1 -1 0.3036 825.1927 175.4967 875.0466 204.3596 1.5088 3.6994 1.6021 13.3286 1.6631 40.0471 0.6223 0.8417
108 0 Car -1 -1 -0.4890 927.6810 180.9868 1148.0127 274.3065 1.3833 4.2098 1.5748 7.4406 1.5560 13.1776 0.0148 0.8975
108 0 Car -1 -1 -0.1329 683.3324 170.7661 754.2878 227.9715 1.6364 4.0132 1.6502 3.2711 1.5770 22.6500 0.0080 0.8956
108 0 Car -1 -1 -0.0057 635.1366 173.9139 661.6764 198.4853 1.5236 3.8219 1.6509 2.4466 1.5956 46.8520 0.0457 0.8598
108 0 Car -1 -1 -0.2278 748.5189 184.4225 874.5079 272.3488 1.3671 3.2292 1.4849 3.5148 1.6065 13.2777 0.0246 0.9063
109 0 Car -1 -1 0.2867 813.6797 171.8672 858.2052 197.8984 1.4097 3.3674 1.5131 13.1218 0.9436 40.1016 0.6023 0.8174
109 0 Car -1 -1 -0.4501 891.9184 174.7013 1087.3771 259.2125 1.4326 4.3520 1.6231 7.3682 1.3359 14.1736 0.0219 0.8813
109 0 Car -1 -1 0.0411 623.8839 169.4891 649.6107 192.6713 1.5218 3.9954 1.5957 2.2140 0.8003 48.4705 0.0881 0.8099
109 0 Car -1 -1 -0.2650 726.9993 179.9758 847.8170 258.6563 1.4080 3.2542 1.5216 3.5101 1.4002 14.2950 -0.0276 0.9093
109 0 Car -1 -1 -0.1290 672.0549 168.4429 738.1205 222.0567 1.6494 4.1246 1.6614 3.2457 1.2800 23.8147 0.0064 0.8766
110 0 Car -1 -1 -0.2155 728.7230 182.3123 838.0999 259.4372 1.4253 3.3372 1.5461 3.5280 1.6497 15.4139 0.0044 0.9096
110 0 Car -1 -1 -0.1383 674.7924 172.5776 740.0781 224.9760 1.6547 4.2440 1.6315 3.2245 1.6463 24.9139 -0.0118 0.8790
110 0 Car -1 -1 -0.0665 632.1461 172.9040 659.7141 196.5134 1.5724 4.0406 1.6364 2.4272 1.5764 50.0966 -0.0188 0.8145
110 0 Car -1 -1 0.2661 823.2240 176.6869 868.3954 203.7892 1.4205 3.5579 1.5231 13.1564 1.6448 40.2590 0.5793 0.8551
110 0 Car -1 -1 -0.4466 889.8713 182.5664 1067.6469 260.2722 1.3490 4.2382 1.5746 7.4444 1.5822 15.1735 0.0012 0.9042
111 0 Car -1 -1 0.2825 819.7538 176.5536 866.2627 204.3695 1.4656 3.5603 1.5588 13.0570 1.6831 40.4348 0.5922 0.8683
111 0 Car -1 -1 -0.1286 671.3500 172.6442 731.9238 221.9472 1.6452 4.0827 1.6369 3.1889 1.6386 26.1238 -0.0092 0.8748
111 0 Car -1 -1 -0.1805 720.6356 180.3718 817.1056 252.3238 1.4406 3.2433 1.5462 3.4577 1.6292 16.4249 0.0225 0.9083
111 0 Car -1 -1 -0.4037 873.0098 180.4999 1028.9628 254.6084 1.4097 4.1831 1.5920 7.4085 1.6047 16.2607 0.0163 0.9097
112 0 Car -1 -1 -0.1750 711.9163 181.7706 803.3413 247.8409 1.4070 3.5840 1.5471 3.4489 1.6478 17.6515 0.0139 0.9081
112 0 Car -1 -1 -0.1211 669.9517 173.3763 726.7769 218.7807 1.5780 3.9870 1.6243 3.1997 1.5994 27.1175 -0.0055 0.8738
112 0 Car -1 -1 0.2971 818.0763 175.6732 863.5456 202.4512 1.4228 3.4299 1.5051 12.9722 1.5889 40.5622 0.6041 0.8594
112 0 Car -1 -1 -0.3710 859.0626 181.7122 1000.6941 249.3878 1.3644 4.2752 1.5888 7.3952 1.6033 17.2674 0.0268 0.9039
112 0 Car -1 -1 0.0508 626.0963 175.0316 650.6797 197.2058 1.5563 3.7477 1.6193 2.0868 1.7224 52.9589 0.0895 0.8394
113 0 Car -1 -1 -0.0537 626.2214 175.2003 649.7223 196.0168 1.5073 3.4945 1.5779 2.0542 1.6903 54.4007 -0.0165 0.6492
113 0 Car -1 -1 0.2962 817.0909 176.3050 862.1343 202.8181 1.4065 3.4424 1.4832 12.9141 1.6098 40.5909 0.6017 0.8172
113 0 Car -1 -1 -0.3456 843.4860 179.0654 974.5817 245.3443 1.4442 4.4221 1.6146 7.3635 1.6219 18.3715 0.0294 0.9102
113 0 Car -1 -1 -0.0697 667.4303 171.4794 718.6521 217.3430 1.6702 3.8993 1.7018 3.1393 1.6205 28.2553 0.0392 0.6795
113 0 Car -1 -1 -0.1815 708.6409 182.2758 790.7400 240.9616 1.3378 3.2388 1.4826 3.4583 1.6021 18.5862 -0.0012 0.8922
114 0 Car -1 -1 0.3071 815.2206 176.1051 862.5891 203.9591 1.4803 3.6309 1.5310 12.9184 1.6729 40.7197 0.6118 0.7195
114 0 Car -1 -1 -0.3348 832.9509 178.6555 951.8815 237.5940 1.3706 4.2761 1.5977 7.3517 1.5440 19.3564 0.0225 0.9032
114 0 Car -1 -1 -0.1129 662.7312 171.0213 715.3057 213.5797 1.6170 3.9309 1.6738 3.1051 1.5477 29.3843 -0.0093 0.8886
114 0 Car -1 -1 -0.1695 702.3192 182.5674 777.2284 238.0540 1.3519 3.1777 1.4709 3.4177 1.6393 19.7239 -0.0012 0.9121
115 0 Car -1 -1 0.3001 810.6796 176.3751 857.0023 203.5422 1.4495 3.6337 1.5113 12.6952 1.6589 40.9205 0.5985 0.6540
115 0 Car -1 -1 -0.1688 696.9370 180.9117 767.5944 234.7630 1.4009 3.1522 1.4754 3.4053 1.6516 20.8249 -0.0097 0.8988
115 0 Car -1 -1 -0.3064 822.4663 179.5309 927.4446 234.6575 1.3653 4.1511 1.5674 7.3196 1.5746 20.4751 0.0317 0.8862
115 0 Car -1 -1 -0.0695 661.4288 172.8141 705.6908 214.2512 1.6447 3.8224 1.5841 3.0162 1.6434 30.5675 0.0273 0.8056
116 0 Car -1 -1 -0.3340 807.9725 176.6924 915.7996 231.9431 1.4635 4.4168 1.6447 7.3427 1.5907 21.6349 -0.0116 0.8944
116 0 Car -1 -1 -0.0596 659.8610 173.4157 702.4650 213.1911 1.6332 3.9307 1.6100 3.0248 1.6598 31.6728 0.0341 0.8799
116 0 Car -1 -1 -0.1050 691.9843 179.1958 755.1007 230.2462 1.4049 3.3996 1.5266 3.3427 1.6140 22.0151 0.0430 0.9058
116 0 Car -1 -1 0.3287 809.2471 176.5294 857.2096 203.6461 1.4513 3.6234 1.5275 12.6995 1.6705 41.0486 0.6262 0.6098
117 0 Car -1 -1 -0.1529 688.5936 179.4285 750.3440 227.1232 1.4000 3.0791 1.4851 3.4013 1.6254 23.1495 -0.0096 0.8932
117 0 Car -1 -1 -0.0931 655.8993 172.3743 700.4546 211.6453 1.6806 4.0716 1.6324 3.0076 1.6604 32.9130 -0.0033 0.8758
117 0 Car -1 -1 -0.2849 803.9873 178.3659 894.5887 227.7118 1.3727 4.0458 1.5751 7.3107 1.5611 22.5668 0.0240 0.8943
117 0 Car -1 -1 0.3062 807.9343 172.9219 855.5264 199.3268 1.4334 3.7525 1.5446 12.6514 1.4378 41.1603 0.6020 0.7116
118 0 Car -1 -1 0.2680 804.8461 175.5874 851.0094 202.9865 1.4763 3.7643 1.5776 12.8746 1.1585 40.7130 0.5674 0.5395
118 0 Car -1 -1 -0.3038 783.0809 175.5641 876.3987 225.4246 1.4953 4.3700 1.6474 7.3775 1.3184 23.7340 -0.0107 0.8850
118 0 Car -1 -1 -0.0412 647.2807 171.1817 687.0298 209.1597 1.6906 4.1016 1.6724 3.0485 1.2323 34.0593 0.0423 0.8875
118 0 Car -1 -1 -0.1125 676.4335 177.4796 733.7494 222.2214 1.4140 3.3513 1.5224 3.4281 1.2880 24.3896 0.0205 0.8946
119 0 Car -1 -1 0.2650 808.8962 177.1740 855.2084 205.6479 1.5188 3.7434 1.6064 12.6535 1.7773 41.1057 0.5612 0.7664
119 0 Car -1 -1 -0.2606 786.8657 178.2198 865.6620 222.1756 1.3505 4.0851 1.5504 7.2549 1.5501 24.7265 0.0210 0.9018
119 0 Car -1 -1 -0.1003 678.8748 178.6716 731.8218 221.3797 1.3887 3.3328 1.5153 3.2776 1.6091 25.6022 0.0250 0.9033
119 0 Car -1 -1 -0.0652 649.4490 171.7004 689.3354 207.1593 1.6327 3.9672 1.6682 2.8054 1.5800 35.2151 0.0131 0.9029
120 0 Car -1 -1 0.3212 808.3794 176.3877 857.1035 204.6845 1.5128 3.6262 1.5904 12.6559 1.7235 40.9957 0.6181 0.7497
120 0 Car -1 -1 -0.0910 676.7295 178.7029 725.6693 218.6895 1.3641 3.3186 1.4872 3.2851 1.5952 26.7831 0.0291 0.9023
120 0 Car -1 -1 -0.0432 648.5544 172.9229 685.0576 208.6295 1.7059 4.0823 1.6514 2.7874 1.7099 36.5431 0.0317 0.8383
120 0 Car -1 -1 -0.2243 780.6179 178.2140 853.6259 222.1008 1.4138 4.0869 1.6090 7.2657 1.6215 25.8283 0.0464 0.8749
121 0 Car -1 -1 -0.1165 671.8432 177.3996 720.9203 218.0540 1.4667 3.1959 1.5112 3.2537 1.6534 27.9857 -0.0026 0.8823
121 0 Car -1 -1 -0.1953 771.9840 176.4503 839.3742 218.8300 1.4426 4.2332 1.6172 7.2026 1.5888 27.0879 0.0613 0.8889
121 0 Car -1 -1 -0.0439 646.4719 172.0156 681.6522 207.6541 1.7595 4.0733 1.6388 2.7363 1.7185 37.6792 0.0275 0.8368
121 0 Car -1 -1 -0.1002 617.9767 174.5354 639.1102 191.2209 1.5035 3.8246 1.5917 1.6859 1.6654 67.3752 -0.0757 0.6834
121 0 Car -1 -1 0.2218 813.6075 176.5471 856.2847 204.3595 1.4861 3.5480 1.5826 12.7812 1.7062 40.9975 0.5215 0.8368
122 0 Car -1 -1 -0.0338 670.6231 179.1828 711.1633 215.3974 1.3517 3.3267 1.5037 3.1885 1.6236 29.2413 0.0731 0.8797
122 0 Car -1 -1 -0.0711 645.3914 173.4629 681.5300 204.9202 1.6008 3.9124 1.6473 2.7859 1.6355 38.7472 -0.0003 0.8462
122 0 Car -1 -1 0.3124 809.8918 176.8849 855.8560 203.5577 1.4250 3.4546 1.5126 12.6471 1.6644 40.9526 0.6094 0.8353
122 0 Car -1 -1 -0.2109 764.0457 176.6465 829.0485 217.3073 1.4495 4.1723 1.5929 7.1603 1.6093 28.2251 0.0345 0.8841
123 0 Car -1 -1 2.1514 1123.0201 178.7805 1238.0000 374.0000 1.5381 4.0652 1.6403 6.6654 1.6050 5.9588 2.9678 0.5346
123 0 Car -1 -1 0.2606 813.7038 175.8666 856.8558 202.6713 1.4350 3.3931 1.5196 12.7606 1.6138 40.8805 0.5607 0.8311
123 0 Car -1 -1 -0.0335 643.3419 172.7473 675.5129 202.5859 1.5714 3.6378 1.6389 2.6527 1.5661 39.8394 0.0320 0.8327
123 0 Car -1 -1 -0.2104 759.6535 177.3044 820.6439 215.2504 1.4038 4.0121 1.5634 7.1616 1.5967 29.1924 0.0273 0.8804
123 0 Car -1 -1 -0.0411 666.3729 178.2323 705.8010 213.6056 1.3823 3.3307 1.5012 3.1202 1.6222 30.4203 0.0595 0.9034
124 0 Car -1 -1 0.2523 802.8992 172.3702 844.5400 197.8926 1.4097 3.3999 1.5021 12.6741 0.9621 40.8897 0.5524 0.8511
124 0 Car -1 -1 -0.0531 654.4171 175.4223 693.1461 207.9470 1.3721 3.3831 1.5340 3.0025 1.1594 31.5451 0.0426 0.8964
124 0 Car -1 -1 -0.1988 743.0067 172.5733 802.3613 208.2321 1.4254 4.2997 1.6482 7.1060 1.1100 30.4307 0.0300 0.8839
124 0 Car -1 -1 -0.0329 634.5813 169.7585 664.8300 199.1989 1.6370 3.8426 1.6312 2.5603 1.0411 41.2542 0.0303 0.8569
125 0 Car -1 -1 -0.0218 659.9444 176.8572 695.9205 210.5997 1.4375 3.3118 1.5441 3.0103 1.6295 32.8447 0.0682 0.9015
125 0 Car -1 -1 -0.0913 638.9603 173.7727 672.8207 201.7142 1.5667 3.8499 1.6353 2.6267 1.6237 42.5306 -0.0305 0.8051
125 0 Car -1 -1 0.2960 813.4655 176.4897 857.1356 202.8621 1.4108 3.2732 1.4780 12.7512 1.6260 40.8545 0.5961 0.8485
125 0 Car -1 -1 -0.1738 747.4036 175.6312 801.7474 209.6122 1.3687 4.1950 1.5886 7.0733 1.4986 31.5379 0.0444 0.8570
126 0 Car -1 -1 -0.1537 742.2072 174.2620 792.9236 208.8651 1.4569 4.0945 1.6097 7.0141 1.5251 32.6360 0.0557 0.8913
126 0 Car -1 -1 0.0034 637.1253 173.5173 665.9752 201.9057 1.6409 3.8340 1.6704 2.4883 1.6833 43.7574 0.0594 0.8100
126 0 Car -1 -1 0.2891 810.8576 176.6353 856.0184 203.1730 1.4157 3.5540 1.5049 12.6724 1.6404 40.9248 0.5869 0.8559
126 0 Car -1 -1 -0.0525 658.6150 176.1254 695.5919 208.6366 1.4431 3.3042 1.5519 3.0840 1.6054 34.0409 0.0365 0.8881
127 0 Car -1 -1 -0.0395 654.9398 175.4210 691.2233 208.4799 1.5218 3.4683 1.6163 2.9997 1.6539 35.2552 0.0442 0.9037
127 0 Car -1 -1 0.2845 813.1656 176.6991 857.0144 202.8562 1.3960 3.4314 1.4768 12.7516 1.6241 40.8851 0.5844 0.8624
127 0 Car -1 -1 -0.1355 736.6750 174.2677 784.0614 208.3820 1.4893 4.1499 1.6040 6.9347 1.5601 33.7958 0.0647 0.8777
127 0 Car -1 -1 -0.0817 635.6636 172.5022 667.6990 199.9823 1.6410 3.7796 1.6806 2.5257 1.6204 44.9963 -0.0264 0.7589
128 0 Car -1 -1 -0.0571 636.2673 172.6803 666.0475 199.2076 1.6310 3.7614 1.6829 2.5675 1.6206 46.2420 -0.0024 0.7013
128 0 Car -1 -1 0.2806 810.8250 176.2602 855.1089 203.1324 1.4406 3.4383 1.5204 12.6686 1.6433 41.0048 0.5778 0.8805
128 0 Car -1 -1 -0.5746 957.1649 138.4531 1238.0000 313.3783 2.0319 4.5234 1.7086 7.0222 1.6327 10.6443 -0.0048 0.5429
128 0 Car -1 -1 -0.0161 653.3466 176.2715 687.1189 207.1777 1.4700 3.5023 1.6219 2.9744 1.6518 36.5122 0.0640 0.8983
128 0 Car -1 -1 -0.1538 732.6831 176.4163 779.9704 207.6443 1.4018 3.9923 1.6272 6.9686 1.5844 34.8773 0.0413 0.8794
129 0 Car -1 -1 -0.0278 652.0981 175.8704 683.2606 204.0049 1.3894 3.4083 1.5184 2.9430 1.5548 37.7424 0.0489 0.8962
129 0 Car -1 -1 -0.1119 633.7933 172.4314 665.2292 197.9053 1.6115 3.7895 1.6468 2.5348 1.5851 47.5821 -0.0595 0.7573
129 0 Car -1 -1 0.2843 811.1206 176.3962 855.8816 201.8957 1.3612 3.6278 1.4784 12.6913 1.5722 40.9705 0.5823 0.8641
129 0 Car -1 -1 -0.1251 727.3722 174.2140 771.1202 205.4330 1.4639 4.1652 1.6240 6.8738 1.5364 36.1455 0.0609 0.8625
130 0 Car -1 -1 -0.1615 624.5136 168.0286 657.9483 192.8281 1.6452 4.2813 1.6496 2.4724 0.8192 49.1189 -0.1098 0.8031
130 0 Car -1 -1 0.2848 799.3095 172.6645 844.1140 198.8036 1.4443 3.6115 1.5332 12.5928 1.0127 40.9917 0.5823 0.8699
130 0 Car -1 -1 -0.0325 641.0969 172.0447 671.5787 199.9830 1.4683 3.4693 1.5569 2.7782 1.0253 38.9180 0.0399 0.8953
130 0 Car -1 -1 -0.1239 714.7178 171.6432 755.6314 200.6320 1.4434 4.1528 1.6111 6.7983 1.0038 37.3181 0.0565 0.8734
131 0 Car -1 -1 -0.0945 719.3092 175.1734 759.2768 204.4185 1.4568 4.4576 1.6699 6.8158 1.5886 38.5899 0.0785 0.8753
131 0 Car -1 -1 -0.1039 629.7138 172.0221 658.1265 194.9395 1.5337 3.6355 1.5954 2.2936 1.4784 50.1471 -0.0588 0.7534
131 0 Car -1 -1 -0.0531 645.7849 175.9436 678.0823 203.3868 1.4467 3.7379 1.5920 2.8263 1.6279 40.3390 0.0158 0.8314
131 0 Car -1 -1 0.2830 810.8051 176.8776 855.6749 203.0886 1.3980 3.5773 1.5041 12.6777 1.6376 40.9767 0.5806 0.8765
132 0 Car -1 -1 -0.0885 626.4066 171.2547 653.5160 193.7919 1.5561 3.6919 1.6122 2.2542 0.5933 51.5101 -0.0454 0.6739
132 0 Car -1 -1 0.3187 808.4358 176.8919 853.9481 202.5740 1.3972 3.3964 1.4931 12.7230 0.9455 40.9226 0.6178 0.8735
132 0 Car -1 -1 -0.0628 640.6788 175.8403 672.3710 202.3502 1.4641 3.8009 1.5824 2.7532 0.9474 41.5999 0.0024 0.8228
132 0 Car -1 -1 -0.0986 713.4094 175.4036 750.8735 202.7477 1.4290 4.2438 1.6127 6.7908 0.9173 39.7356 0.0691 0.8746
133 0 Car -1 -1 -0.0008 641.7233 176.0851 670.0591 202.1666 1.4584 3.8543 1.6023 2.6817 1.6593 42.8059 0.0609 0.8046
133 0 Car -1 -1 0.2875 810.0997 176.1540 856.4167 203.3408 1.4558 3.7014 1.5419 12.7127 1.6530 41.0794 0.5852 0.8441
133 0 Car -1 -1 -0.1387 710.6746 173.9092 751.6483 203.0056 1.5558 4.3681 1.6864 6.7779 1.6192 40.9412 0.0237 0.8767
134 0 Car -1 -1 0.2467 805.9187 171.4289 849.0609 196.9600 1.4015 3.6885 1.5217 12.8616 0.9050 40.7781 0.5516 0.6135
134 0 Car -1 -1 0.0330 630.3942 170.7181 659.0186 196.3336 1.5247 3.9798 1.6504 2.5144 0.9438 44.1365 0.0912 0.8359
134 0 Car -1 -1 -0.0770 619.1475 168.6297 643.9071 189.9895 1.5807 3.7086 1.6158 2.0118 0.7035 54.2026 -0.0383 0.5585
134 0 Car -1 -1 -0.0992 698.4909 169.0705 734.6460 196.5942 1.5540 4.1563 1.7117 6.5743 0.9101 42.0396 0.0565 0.8841
135 0 Car -1 -1 -0.0641 624.8641 171.9973 648.8011 192.9848 1.5657 3.6948 1.6052 2.0152 1.5021 55.6947 -0.0285 0.7415
135 0 Car -1 -1 -0.0215 639.4699 176.2256 665.9291 199.2539 1.3725 3.9710 1.5728 2.6299 1.5953 45.6019 0.0353 0.7568
135 0 Car -1 -1 -0.1049 704.3398 173.8707 740.7387 200.9103 1.5344 4.3980 1.6923 6.6715 1.5990 43.3468 0.0464 0.8651
135 0 Car -1 -1 0.2913 812.7297 176.2001 862.2440 204.5136 1.4992 3.9952 1.6000 12.8720 1.6986 40.8038 0.5944 0.6244
136 0 Car -1 -1 -0.0620 623.3286 171.2273 646.3463 191.4326 1.5436 3.5707 1.5895 1.9065 1.4196 56.9258 -0.0291 0.6739
136 0 Car -1 -1 -0.0433 638.0942 174.5219 665.0292 197.5331 1.4201 3.8691 1.5657 2.6255 1.5330 46.7510 0.0120 0.7961
136 0 Car -1 -1 -0.1683 701.2543 173.5222 740.2906 199.8783 1.5430 4.2362 1.6772 6.7399 1.5865 44.4818 -0.0194 0.8267
137 0 Car -1 -1 -0.0300 635.5004 175.4824 660.3198 197.9408 1.4240 3.4735 1.5333 2.4566 1.6053 47.9094 0.0205 0.8229
137 0 Car -1 -1 -0.1480 697.8808 174.1318 732.6154 198.4462 1.4643 3.9535 1.5952 6.5782 1.5490 45.6395 -0.0062 0.7521
138 0 Car -1 -1 -0.0399 633.0403 175.2633 658.3596 197.5453 1.4542 3.6985 1.5736 2.3792 1.6255 49.3427 0.0075 0.8196
138 0 Car -1 -1 -0.0733 695.2794 173.3040 726.5320 197.2516 1.4799 4.4973 1.6748 6.4881 1.5110 46.9696 0.0628 0.8202
138 0 Car -1 -1 -0.0018 622.8083 171.0806 642.8921 190.1535 1.5297 3.6803 1.6106 1.8617 1.3878 59.7287 0.0289 0.5160
139 0 Car -1 -1 -0.1134 692.5919 173.5687 724.5218 197.4997 1.5210 4.1030 1.6397 6.4871 1.5710 48.0477 0.0196 0.8052
139 0 Car -1 -1 -0.1232 622.4102 172.0460 646.9605 191.1263 1.5662 3.7123 1.6288 2.0394 1.5003 61.1482 -0.0903 0.5468
139 0 Car -1 -1 -0.0552 633.9490 175.2166 659.4599 196.8774 1.4524 3.7574 1.5752 2.5159 1.6249 50.6733 -0.0063 0.7776
140 0 Car -1 -1 -0.0776 690.3338 173.3241 718.6143 196.0449 1.4862 3.8186 1.6103 6.3774 1.5199 49.2227 0.0501 0.7998
140 0 Car -1 -1 0.0282 631.3022 175.6276 654.2317 196.3081 1.4192 3.7602 1.5490 2.3607 1.6268 51.9633 0.0729 0.7935
141 0 Car -1 -1 -0.1269 687.2304 174.7165 717.8773 196.8843 1.4780 3.9672 1.6237 6.3970 1.6136 50.4218 -0.0018 0.7835
141 0 Car -1 -1 -0.0192 632.0869 174.5911 654.1143 194.9661 1.4426 3.7715 1.5450 2.3895 1.5759 53.3124 0.0249 0.6157
142 0 Car -1 -1 0.2642 812.9149 178.0921 856.9485 205.3450 1.4474 3.4876 1.5359 12.7570 1.7586 40.9269 0.5639 0.7293
142 0 Car -1 -1 -0.1119 683.7368 175.0695 713.2473 197.0173 1.4995 4.0469 1.6468 6.2753 1.6649 51.7328 0.0077 0.8003
142 0 Car -1 -1 -0.0432 630.5748 175.9406 653.3486 195.8405 1.4390 3.8593 1.5509 2.3663 1.6816 54.7014 -0.0007 0.5409
143 0 Car -1 -1 -0.0704 683.6703 175.7513 709.7830 196.9976 1.4827 3.8861 1.6195 6.2917 1.7033 52.8694 0.0469 0.6537
143 0 Car -1 -1 0.0033 627.7817 174.4080 648.6078 194.1155 1.4723 3.6201 1.5639 2.1665 1.5973 56.0309 0.0413 0.7594
143 0 Car -1 -1 0.2839 813.9614 176.9418 858.1436 204.2608 1.4576 3.3176 1.5266 12.7899 1.6995 40.8388 0.5849 0.8230
144 0 Car -1 -1 -0.1237 627.8771 174.7165 652.8530 194.3375 1.5067 3.4978 1.5639 2.3686 1.6603 57.5558 -0.0832 0.6220
144 0 Car -1 -1 0.2873 809.7071 176.7372 855.9467 203.2800 1.4157 3.7057 1.5339 12.6717 1.6474 41.0257 0.5844 0.8108
144 0 Car -1 -1 -0.0793 681.0112 176.2872 706.4528 196.7057 1.4574 3.9056 1.5816 6.2218 1.7248 54.1430 0.0341 0.7298
145 0 Car -1 -1 -0.0716 668.8427 169.8994 693.6240 190.1745 1.5333 4.0229 1.6484 5.9611 0.7329 55.5062 0.0365 0.5755
145 0 Car -1 -1 -0.0468 619.4973 168.0199 641.2145 186.8877 1.5181 4.0039 1.6225 2.0976 0.5152 58.8924 -0.0096 0.5505
145 0 Car -1 -1 0.2820 802.4354 172.7309 845.4485 198.0958 1.4010 3.3502 1.5041 12.6765 0.9732 40.8594 0.5823 0.8514
146 0 Car -1 -1 -3.1994 676.3592 171.6342 700.3287 192.0024 1.5404 3.9719 1.6323 6.0857 1.4485 56.5885 -3.0932 0.6266
146 0 Car -1 -1 -0.0075 626.7806 172.0765 646.5995 190.9791 1.5285 3.8844 1.6022 2.1895 1.4660 60.3065 0.0283 0.6791
146 0 Car -1 -1 0.3154 810.8029 176.5136 856.7980 202.3673 1.3819 3.4901 1.4923 12.6978 1.5993 40.9452 0.6137 0.8656
147 0 Car -1 -1 -0.0199 667.8069 173.4538 689.2190 192.8031 1.5084 3.7686 1.6164 6.2130 0.8817 57.9405 0.0815 0.7412
147 0 Car -1 -1 0.2745 803.9913 175.8935 848.2568 202.4500 1.4455 3.4744 1.5471 12.8498 1.1411 40.9761 0.5715 0.8042
147 0 Car -1 -1 -0.0512 619.3511 172.6597 640.5353 190.8332 1.5122 3.8974 1.5967 2.4515 0.7771 61.7291 -0.0166 0.6359
148 0 Car -1 -1 -0.0371 624.3866 174.4460 644.4766 192.6120 1.5328 3.7922 1.6098 2.0895 1.6767 63.1134 -0.0045 0.5940
148 0 Car -1 -1 0.2872 810.7891 176.3296 854.9266 202.4365 1.3982 3.4453 1.4888 12.6550 1.6049 40.9808 0.5843 0.8683
148 0 Car -1 -1 3.0036 669.8412 171.3695 696.2884 190.8180 1.5391 3.9345 1.6204 5.9253 1.4220 59.0961 3.1027 0.6629
149 0 Car -1 -1 -0.0903 669.2379 173.6385 692.4269 192.0653 1.4907 3.7765 1.5903 5.8785 1.5588 60.4227 0.0059 0.6172
149 0 Car -1 -1 -0.0703 622.1899 172.9933 642.6479 190.2642 1.4984 3.6159 1.5706 1.9574 1.5115 64.4630 -0.0404 0.6329
149 0 Car -1 -1 0.2830 811.3546 177.5205 855.6132 203.2331 1.3701 3.5212 1.4874 12.7000 1.6479 41.0074 0.5809 0.8739
150 0 Car -1 -1 -0.1015 722.5585 164.1741 768.8198 208.1646 2.0245 4.5097 1.7659 6.5680 1.6254 35.5210 0.0793 0.6270
150 0 Car -1 -1 -3.1395 667.1238 172.4265 687.7780 192.0571 1.6261 4.2006 1.7057 5.7678 1.5911 61.9378 -3.0475 0.6323
150 0 Car -1 -1 0.3304 808.3776 176.6660 855.1756 202.8235 1.4035 3.4575 1.5161 12.6281 1.6307 41.0940 0.6261 0.8360
151 0 Car -1 -1 0.2549 798.7405 172.6602 841.4045 198.1574 1.4133 3.5782 1.5227 12.5330 0.9801 41.1086 0.5504 0.8609
151 0 Car -1 -1 -0.0400 656.8051 168.8310 677.0465 186.9125 1.5647 3.9159 1.6458 5.5267 0.5561 63.1762 0.0485 0.6048
151 0 Car -1 -1 -0.1493 708.3383 162.3327 755.4791 200.7043 1.8692 4.1921 1.7826 6.4789 0.9857 36.5569 0.0263 0.8357
152 0 Car -1 -1 -0.0917 619.7557 175.2320 639.4736 191.1230 1.4639 3.6415 1.5493 1.8310 1.6975 68.8946 -0.0656 0.6617
152 0 Car -1 -1 -0.0447 664.8674 173.8140 684.8776 191.2033 1.5008 3.8900 1.6006 5.7485 1.5896 64.4670 0.0435 0.5328
152 0 Car -1 -1 0.2913 807.6824 176.7435 852.1771 202.0452 1.3595 3.5601 1.4814 12.5702 1.5924 41.2420 0.5847 0.8708
153 0 Car -1 -1 0.2807 797.9928 172.1879 840.8821 197.8869 1.4289 3.3962 1.5092 12.5035 0.9681 41.1436 0.5752 0.8562
154 0 Car -1 -1 0.2606 806.3814 176.7074 849.7393 202.6336 1.3956 3.6245 1.5046 12.4980 1.6272 41.3520 0.5517 0.8750
155 0 Car -1 -1 0.2618 805.6946 176.2237 848.5540 202.3067 1.4111 3.5262 1.5031 12.4627 1.6138 41.4184 0.5517 0.8549
156 0 Car -1 -1 -0.1076 691.5726 165.3685 728.1863 195.4237 1.7230 3.7678 1.7733 6.2421 0.8569 42.4466 0.0391 0.8340
156 0 Car -1 -1 0.2596 792.3097 172.1124 834.6664 198.2489 1.4645 3.5284 1.5339 12.2710 0.9959 41.5194 0.5465 0.8711
157 0 Car -1 -1 0.2709 800.2216 176.4394 845.1982 203.6025 1.4746 3.7234 1.5620 12.2923 1.6920 41.6873 0.5553 0.8813
158 0 Car -1 -1 0.2477 799.5891 175.7152 842.0462 201.8387 1.4279 3.5622 1.5423 12.2085 1.6016 41.7837 0.5297 0.8691
158 0 Car -1 -1 -0.1002 692.9471 169.1749 728.5712 198.9894 1.7794 4.1263 1.7893 6.2219 1.5602 45.1538 0.0354 0.8897
159 0 Car -1 -1 0.2910 793.8053 175.9386 839.2128 202.6204 1.4634 3.7303 1.5456 12.0292 1.6519 42.0191 0.5675 0.8932
160 0 Car -1 -1 0.2817 793.9844 176.5581 837.3669 202.2319 1.4092 3.5740 1.5067 11.9925 1.6354 42.0704 0.5571 0.8880
161 0 Car -1 -1 0.2909 792.2800 176.3527 835.5425 201.7871 1.4040 3.5512 1.4899 11.9396 1.6185 42.2490 0.5641 0.8684
162 0 Car -1 -1 0.2867 788.6458 176.8213 831.7244 202.5204 1.4212 3.5566 1.5027 11.7626 1.6652 42.3963 0.5551 0.8627
163 0 Car -1 -1 0.2972 786.1299 177.2640 828.7037 202.8194 1.4214 3.4033 1.5016 11.6545 1.6934 42.6048 0.5620 0.8315
164 0 Car -1 -1 0.2861 783.6910 176.0517 825.0724 200.7860 1.3879 3.4394 1.4676 11.5319 1.5862 42.8128 0.5471 0.8470
165 0 Car -1 -1 0.2683 779.8514 175.2885 820.7040 199.7199 1.3829 3.5050 1.4920 11.3672 1.5351 43.1062 0.5240 0.8578
166 0 Car -1 -1 0.2892 776.3669 176.5152 817.5361 200.1129 1.3389 3.4673 1.4762 11.2393 1.5689 43.3821 0.5406 0.8671
167 0 Car -1 -1 0.3068 771.9182 176.4068 813.5263 200.1787 1.3572 3.4597 1.4685 11.0414 1.5814 43.6051 0.5528 0.8625
168 0 Car -1 -1 0.3179 768.2229 176.8488 810.2024 200.3430 1.3482 3.4828 1.4712 10.9039 1.6020 43.9040 0.5594 0.8799
169 0 Car -1 -1 0.2825 765.8184 176.3521 806.2571 200.1562 1.3761 3.5127 1.4915 10.7740 1.5997 44.1596 0.5199 0.8832
170 0 Car -1 -1 0.3075 757.5887 176.6223 799.1253 200.1383 1.3958 3.4979 1.5245 10.5823 0.8869 44.5569 0.5388 0.8530
171 0 Car -1 -1 0.2695 758.2950 175.9637 797.1078 199.9474 1.4126 3.3859 1.5084 10.4164 1.6141 44.8228 0.4960 0.8769
172 0 Car -1 -1 0.2916 752.3620 176.3572 793.3484 200.4449 1.4275 3.6035 1.5448 10.2209 1.6572 45.2739 0.5118 0.8750
173 0 Car -1 -1 0.3000 748.9288 175.7461 788.4623 199.7694 1.4409 3.3340 1.5262 10.0143 1.6311 45.5406 0.5147 0.8509
174 0 Car -1 -1 0.2510 748.0212 176.6319 783.7631 199.7999 1.3981 3.1703 1.4860 9.9043 1.6478 45.8613 0.4620 0.8715
175 0 Car -1 -1 0.2332 743.2933 176.2281 779.1495 200.0571 1.4531 3.3332 1.5322 9.7128 1.6788 46.3512 0.4380 0.8430
176 0 Car -1 -1 0.2426 739.1670 175.7679 775.4042 199.8828 1.4863 3.3523 1.5473 9.5440 1.6829 46.7603 0.4423 0.8813
177 0 Car -1 -1 0.2296 734.1774 176.6172 770.8333 200.8533 1.5041 3.5151 1.6067 9.3456 1.7613 47.3093 0.4230 0.8454
178 0 Car -1 -1 0.2242 732.1436 176.2583 766.3248 199.8535 1.4828 3.2588 1.5370 9.1948 1.7165 47.6602 0.4132 0.8340
179 0 Car -1 -1 0.1886 726.4742 175.5661 760.4962 199.1989 1.5034 3.6542 1.5912 8.9478 1.6930 48.3472 0.3701 0.8081
180 0 Car -1 -1 0.2012 723.2665 177.3199 756.3340 199.8442 1.4402 3.5008 1.5389 8.7804 1.7545 48.8020 0.3778 0.8427
181 0 Car -1 -1 0.1609 721.2724 178.0828 751.8536 200.2886 1.4295 3.5342 1.5167 8.6427 1.8008 49.2672 0.3331 0.8423
182 0 Car -1 -1 0.1904 715.0455 176.0417 748.7538 199.8356 1.5617 3.6899 1.6365 8.4366 1.7915 49.9089 0.3565 0.6896
183 0 Car -1 -1 0.2101 711.7891 176.2383 744.8254 198.5269 1.4775 3.6237 1.5618 8.2673 1.7236 50.3996 0.3713 0.7662
184 0 Car -1 -1 0.1723 708.7507 175.7649 741.1045 198.4996 1.5251 3.7969 1.6372 8.1277 1.7395 50.9892 0.3291 0.7513
185 0 Car -1 -1 -0.0697 711.2634 174.8345 738.3995 197.4673 1.5478 3.9702 1.6374 8.1691 1.6958 51.7471 0.0856 0.7225
186 0 Car -1 -1 0.0146 706.9498 177.8097 730.5349 200.6194 1.5601 3.7456 1.6272 7.8595 1.9325 52.1883 0.1628 0.5245
187 0 Car -1 -1 0.0645 703.5248 178.5383 728.4061 200.4254 1.5081 3.6207 1.5727 7.7328 1.9385 52.6513 0.2091 0.8270
188 0 Car -1 -1 -0.0261 703.0514 179.8307 726.7782 201.6948 1.5196 3.8288 1.6277 7.7073 2.0558 53.4162 0.1159 0.8070
189 0 Car -1 -1 0.0328 689.3787 177.3325 712.1116 197.9544 1.5184 3.5963 1.6013 7.3440 1.2864 53.9621 0.1689 0.7287
190 0 Car -1 -1 0.0253 688.8565 180.4283 710.5938 200.4338 1.4675 3.6407 1.5681 7.5180 1.3895 54.6114 0.1564 0.6923
191 0 Car -1 -1 -0.0336 689.5358 181.1097 712.5164 201.4080 1.5064 3.8270 1.6161 7.1306 1.2028 55.3255 0.0935 0.7507
192 0 Car -1 -1 0.0469 684.6469 179.5722 708.2405 200.5835 1.5747 3.7087 1.6528 6.9009 1.1529 55.8381 0.1688 0.8078
193 0 Car -1 -1 0.0325 676.5749 178.3780 697.9059 197.5844 1.4798 3.5625 1.5725 6.5925 1.3176 56.3498 0.1499 0.7581
194 0 Car -1 -1 -0.0607 682.3167 182.9763 705.2232 202.4136 1.4297 3.6615 1.5653 6.5502 2.2544 56.8880 0.0529 0.6641
195 0 Car -1 -1 0.0486 676.3572 184.0482 698.6133 204.0350 1.4739 3.7402 1.5860 6.1642 2.3951 57.3814 0.1545 0.6966
196 0 Car -1 -1 0.0395 673.3522 185.1678 694.8864 205.0007 1.4727 3.6971 1.5810 5.9519 2.4948 57.9266 0.1408 0.7302
197 0 Car -1 -1 0.0296 669.4609 185.7822 690.1371 205.4385 1.4697 3.6348 1.5632 5.6447 2.5496 58.3465 0.1250 0.6215
198 0 Car -1 -1 0.0532 665.6035 186.3455 688.5521 206.8564 1.5401 3.8681 1.6674 5.4792 2.6796 58.8858 0.1449 0.8007
198 0 Car -1 -1 -2.8649 449.1537 181.8684 481.7490 202.3108 1.6990 4.2931 1.7330 -12.8201 2.5280 64.1208 -3.0618 0.6084
199 0 Car -1 -1 -3.1107 654.0759 181.0642 675.5345 200.5783 1.5772 3.9004 1.6714 5.0599 1.6273 59.2902 -3.0245 0.7443
200 0 Car -1 -1 -0.0222 657.6969 185.8092 679.6516 206.8280 1.6157 3.7191 1.7198 4.8038 2.7225 59.7148 0.0571 0.5677
201 0 Car -1 -1 -0.0377 654.7859 186.2352 676.8342 206.7754 1.5850 3.7177 1.6809 4.5910 2.7336 60.0249 0.0377 0.7128
202 0 Car -1 -1 -3.0851 648.7574 183.2973 670.6799 202.9215 1.5283 3.9265 1.6173 4.1685 2.4328 60.4186 -3.0170 0.5416
205 0 Car -1 -1 0.0090 640.8982 181.9760 660.8007 201.3127 1.5499 3.6973 1.6435 3.4739 2.3521 61.5210 0.0646 0.5374
206 0 Car -1 -1 0.0491 630.6121 177.9980 650.8007 195.6133 1.4892 3.5334 1.5830 3.1551 1.2789 61.6089 0.1016 0.6269
207 0 Car -1 -1 0.0698 636.6796 179.7881 658.3123 198.6641 1.5345 3.8696 1.5995 3.2354 2.1515 62.1522 0.1211 0.6351
208 0 Car -1 -1 0.0519 636.9352 179.6774 657.6010 198.1444 1.5095 3.8120 1.5942 3.2281 2.1188 62.4133 0.1029 0.6275
209 0 Car -1 -1 0.0508 628.7548 177.2858 649.1879 194.3678 1.4662 3.8139 1.6141 3.0581 1.1915 62.6613 0.1009 0.5696
210 0 Car -1 -1 -3.0707 638.9079 178.8026 660.6588 197.0182 1.5021 3.9807 1.6208 3.4767 2.0384 62.9294 -3.0162 0.7093
211 0 Car -1 -1 0.1130 639.6649 180.2426 661.7009 197.6136 1.4361 3.6079 1.5335 3.5662 2.1029 63.1772 0.1687 0.5453
212 0 Car -1 -1 -0.0737 647.5555 179.9802 668.2444 197.1416 1.4297 3.6732 1.5425 4.1673 2.0753 63.4833 -0.0089 0.5617
213 0 Car -1 -1 -0.0285 655.0765 180.4021 673.8712 197.5286 1.4326 3.5467 1.5482 4.7688 2.1188 63.7520 0.0454 0.8204
215 0 Car -1 -1 -0.0265 672.7138 180.1754 691.9702 197.7584 1.4800 3.7942 1.5993 6.4007 2.1526 64.3019 0.0718 0.5550
217 0 Car -1 -1 -0.0598 698.8345 177.5308 718.7283 194.7501 1.4729 3.4890 1.5480 8.7837 1.9029 64.4873 0.0746 0.5384
219 0 Car -1 -1 -0.5822 730.5516 175.3053 769.4708 192.2591 1.4586 3.8416 1.5679 12.5043 1.6860 64.7470 -0.3926 0.5390
220 0 Car -1 -1 -0.3411 755.8760 173.5318 785.8986 190.7816 1.4974 3.3742 1.5760 14.3388 1.5600 64.5420 -0.1238 0.6343
222 0 Car -1 -1 -0.3844 802.9319 168.6857 836.7668 186.1786 1.5128 3.7523 1.5980 18.6524 1.1527 64.3452 -0.1037 0.5396
239 0 Car -1 -1 -1.3891 1144.8236 156.9428 1238.0000 229.3936 1.5382 3.8829 1.5864 15.3883 1.2008 17.3296 -0.6716 0.6295
254 0 Car -1 -1 -0.0686 626.5534 170.7344 653.0683 193.7012 1.5824 4.1089 1.6138 2.0743 1.4367 51.7883 -0.0292 0.7466
256 0 Car -1 -1 -0.1420 639.7689 171.3281 670.5620 194.1006 1.5100 3.9073 1.5765 3.0511 1.4092 49.8518 -0.0816 0.6694
263 0 Car -1 -1 -0.1033 639.0388 163.9930 666.9279 188.3851 1.4325 2.8282 1.4047 2.8836 0.4645 42.9573 -0.0349 0.7866
269 0 Car -1 -1 -0.1033 639.0388 163.9930 666.9279 188.3851 1.4325 2.8282 1.4047 2.8836 0.4645 42.9573 -0.0349 0.7866
