3 0 Car 0 0 0.000000 349.220000 114.118000 379.460000 194.975000 1.999000 4.745600 1.818700 -3.915922 0.565473 -1.418276 0.615900
6 1 Car 0 0 3.206682 349.220000 114.118000 379.460000 194.975000 1.979400 4.745400 1.807200 16.837016 6.273451 -1.841551 0.611600
7 1 Car 0 0 3.507723 349.220000 114.118000 379.460000 194.975000 1.975300 4.788800 1.843900 16.907834 6.239821 -1.994917 0.590000
8 1 Car 0 0 3.822990 349.220000 114.118000 379.460000 194.975000 1.975800 4.739100 1.798200 17.026452 6.260704 -1.990432 0.562700
9 1 Car 0 0 4.081743 349.220000 114.118000 379.460000 194.975000 2.012200 4.810100 1.843800 17.174195 6.264046 -1.916340 0.519600
10 1 Car 0 0 4.156402 349.220000 114.118000 379.460000 194.975000 1.987800 4.688100 1.814800 17.339830 6.231153 -1.785434 0.522900
16 2 Car 0 0 0.000000 349.220000 114.118000 379.460000 194.975000 1.862800 4.235500 1.818900 -7.982811 1.707717 -1.233001 0.427900
20 3 Car 0 0 4.679356 349.220000 114.118000 379.460000 194.975000 1.920600 4.283800 1.755100 18.723318 5.159683 -1.603236 0.178500
21 3 Car 0 0 4.807599 349.220000 114.118000 379.460000 194.975000 1.915900 4.369100 1.750600 18.863036 4.953711 -1.579448 0.148800
26 4 Car 0 0 4.095087 349.220000 114.118000 379.460000 194.975000 2.008600 4.619900 1.799000 19.648680 3.476497 -1.595737 -0.071200
33 5 Car 0 0 0.000000 349.220000 114.118000 379.460000 194.975000 1.902500 4.663400 1.903700 -13.819515 4.804581 -1.647381 -0.239400
36 6 Car 0 0 0.000000 349.220000 114.118000 379.460000 194.975000 1.508600 4.267800 1.652400 -14.801006 5.586890 -1.410144 -2.164700
38 7 Car 0 0 0.000000 349.220000 114.118000 379.460000 194.975000 1.985000 4.630100 1.795000 -15.459283 6.125245 -1.629915 -0.407000
41 8 Car 0 0 0.000000 349.220000 114.118000 379.460000 194.975000 1.578200 4.044700 1.679200 -16.374516 6.820384 -1.904410 -2.491400
43 9 Car 0 0 4.156740 349.220000 114.118000 379.460000 194.975000 1.917100 4.479500 1.869500 18.986972 -5.504203 -1.567304 -0.647900
44 9 Car 0 0 4.364632 349.220000 114.118000 379.460000 194.975000 2.065200 4.810900 1.902000 18.889699 -6.074798 -1.609723 -0.659800
45 9 Car 0 0 4.457951 349.220000 114.118000 379.460000 194.975000 2.013800 4.517700 1.865100 18.733561 -6.657742 -1.209526 -0.695200
50 10 Car 0 0 5.877279 349.220000 114.118000 379.460000 194.975000 1.989100 4.640400 1.793900 18.285338 -9.490490 -1.503358 -0.897200
51 10 Car 0 0 6.023679 349.220000 114.118000 379.460000 194.975000 1.987400 4.640000 1.781800 18.199081 -10.022669 -1.523241 -0.924000
52 10 Car 0 0 6.019700 349.220000 114.118000 379.460000 194.975000 1.917400 4.455700 1.830600 18.020015 -10.535178 -1.287018 -0.917500
53 10 Car 0 0 6.031690 349.220000 114.118000 379.460000 194.975000 1.975900 4.640700 1.819500 18.001896 -10.990018 -1.606941 -0.969900
54 10 Car 0 0 5.970222 349.220000 114.118000 379.460000 194.975000 2.040700 4.566200 1.827600 18.002320 -11.441823 -1.698184 -0.980900
55 10 Car 0 0 5.950982 349.220000 114.118000 379.460000 194.975000 2.037700 4.512800 1.771700 17.983331 -11.866959 -1.715563 -1.018000
56 10 Car 0 0 5.973081 349.220000 114.118000 379.460000 194.975000 1.965100 4.577900 1.803300 17.990092 -12.269771 -1.720487 -0.999800
57 11 Car 0 0 0.824655 349.220000 114.118000 379.460000 194.975000 1.808200 4.415800 1.767300 13.995794 -12.199592 -1.661399 -1.046300
58 11 Car 0 0 0.556353 349.220000 114.118000 379.460000 194.975000 1.808200 4.415800 1.767300 13.698721 -12.033245 -1.661399 -1.046300
58 12 Car 0 0 2.346123 349.220000 114.118000 379.460000 194.975000 1.505400 4.063000 1.627500 42.884218 -3.189441 -1.853893 -2.571400
59 11 Car 0 0 0.582871 349.220000 114.118000 379.460000 194.975000 1.764000 4.210600 1.681900 13.486081 -11.922404 -1.649896 -0.987800
59 12 Car 0 0 2.346123 349.220000 114.118000 379.460000 194.975000 1.505400 4.063000 1.627500 42.546799 -2.640258 -1.853893 -2.571400
60 11 Car 0 0 0.802416 349.220000 114.118000 379.460000 194.975000 1.775700 4.265800 1.724100 13.173262 -11.756014 -1.620101 -1.008400
60 12 Car 0 0 2.051056 349.220000 114.118000 379.460000 194.975000 1.527100 3.894200 1.627400 41.507517 -1.484537 -1.739085 -2.456400
60 13 Car 0 0 5.096145 349.220000 114.118000 379.460000 194.975000 1.959100 4.603100 1.817900 18.188478 -13.696979 -1.606561 -1.054200
61 11 Car 0 0 0.666971 349.220000 114.118000 379.460000 194.975000 1.775700 4.265800 1.724100 12.932875 -11.482617 -1.620101 -1.008400
61 13 Car 0 0 5.260316 349.220000 114.118000 379.460000 194.975000 1.909100 4.394000 1.754900 18.243350 -13.860536 -1.327261 -1.063400
61 12 Car 0 0 2.051056 349.220000 114.118000 379.460000 194.975000 1.527100 3.894200 1.627400 41.113105 -0.785817 -1.739085 -2.456400
62 13 Car 0 0 5.454073 349.220000 114.118000 379.460000 194.975000 1.852700 4.304500 1.786900 18.455430 -14.052995 -1.633063 -1.005700
62 11 Car 0 0 0.666971 349.220000 114.118000 379.460000 194.975000 1.775700 4.265800 1.724100 12.758563 -11.275161 -1.620101 -1.008400
63 11 Car 0 0 0.589077 349.220000 114.118000 379.460000 194.975000 1.775700 4.265800 1.724100 12.551665 -10.933682 -1.620101 -1.008400
64 11 Car 0 0 0.563755 349.220000 114.118000 379.460000 194.975000 1.775700 4.265800 1.724100 12.385782 -10.667419 -1.620101 -1.008400
65 14 Car 0 0 1.191120 349.220000 114.118000 379.460000 194.975000 1.552100 4.016300 1.630500 39.186507 1.087083 -1.899577 -2.242800
65 15 Car 0 0 0.000000 349.220000 114.118000 379.460000 194.975000 1.552000 3.917600 1.624800 -26.141519 3.196369 -1.898529 -2.565700
66 14 Car 0 0 0.520748 349.220000 114.118000 379.460000 194.975000 1.490600 3.977000 1.579900 38.735812 1.893923 -1.859346 -2.235700
66 16 Car 0 0 0.000000 349.220000 114.118000 379.460000 194.975000 1.732700 4.026000 1.725400 -26.576227 2.608935 -1.724817 -1.046600
67 14 Car 0 0 -0.758940 349.220000 114.118000 379.460000 194.975000 1.534600 3.907900 1.608600 38.174351 2.568678 -1.969204 -2.196500
73 17 Car 0 0 0.445520 349.220000 114.118000 379.460000 194.975000 1.593700 4.012100 1.667200 51.532297 17.224611 -1.996652 -2.240900
74 17 Car 0 0 -0.162919 349.220000 114.118000 379.460000 194.975000 1.578900 3.854700 1.661300 50.693934 18.520655 -2.041954 -2.215000
74 18 Car 0 0 1.957029 349.220000 114.118000 379.460000 194.975000 1.535100 3.842100 1.619700 35.828081 -20.676534 -2.370734 2.448100
82 19 Car 0 0 1.469198 349.220000 114.118000 379.460000 194.975000 1.524700 3.910300 1.605300 42.409640 28.036624 -1.644345 -1.997600
83 19 Car 0 0 1.261649 349.220000 114.118000 379.460000 194.975000 1.524700 3.910300 1.605300 41.155488 29.083149 -1.644345 -1.997600
84 19 Car 0 0 1.195862 349.220000 114.118000 379.460000 194.975000 1.528200 3.748000 1.608400 39.940793 30.093744 -1.337101 -1.904900
85 19 Car 0 0 1.123119 349.220000 114.118000 379.460000 194.975000 1.528200 3.748000 1.608400 38.683135 31.154348 -1.337101 -1.904900
85 20 Car 0 0 2.061124 349.220000 114.118000 379.460000 194.975000 1.498200 3.722700 1.561800 34.954315 -10.564123 -1.563151 2.714800
86 20 Car 0 0 1.694697 349.220000 114.118000 379.460000 194.975000 1.513800 3.916600 1.611700 34.797401 -9.634021 -2.125414 2.677400
86 19 Car 0 0 1.123119 349.220000 114.118000 379.460000 194.975000 1.528200 3.748000 1.608400 37.294729 32.195796 -1.337101 -1.904900
87 20 Car 0 0 1.390968 349.220000 114.118000 379.460000 194.975000 1.502600 3.791200 1.589400 34.480538 -8.774604 -2.113517 2.652700
88 20 Car 0 0 1.071107 349.220000 114.118000 379.460000 194.975000 1.556300 4.096100 1.661200 34.264608 -7.767231 -1.995504 2.714200
89 20 Car 0 0 1.306083 349.220000 114.118000 379.460000 194.975000 1.654900 4.372500 1.735400 34.060530 -7.102610 -1.898405 2.668000
90 20 Car 0 0 1.013547 349.220000 114.118000 379.460000 194.975000 1.546800 4.127600 1.654900 33.718465 -6.196269 -1.275915 2.756900
91 20 Car 0 0 0.889999 349.220000 114.118000 379.460000 194.975000 1.590600 4.202600 1.693300 33.289425 -5.314239 -1.841959 2.834800
91 21 Car 0 0 1.849188 349.220000 114.118000 379.460000 194.975000 1.688700 3.812800 1.602200 35.047369 -13.890622 -2.147052 -0.189900
91 22 Car 0 0 2.740731 349.220000 114.118000 379.460000 194.975000 1.447400 3.765500 1.575300 27.890925 -12.411104 -2.011375 -0.203400
92 20 Car 0 0 0.764951 349.220000 114.118000 379.460000 194.975000 1.598000 4.067700 1.707400 32.836239 -4.525816 -1.979208 2.919800
92 21 Car 0 0 1.679984 349.220000 114.118000 379.460000 194.975000 1.554300 3.745300 1.640400 34.831974 -13.013910 -2.030142 -0.213100
92 22 Car 0 0 2.363308 349.220000 114.118000 379.460000 194.975000 1.469400 3.795800 1.592600 27.722831 -11.718439 -2.030942 -0.177800
93 20 Car 0 0 0.691716 349.220000 114.118000 379.460000 194.975000 1.580100 3.943600 1.612900 32.412687 -3.690194 -1.880463 2.813000
93 21 Car 0 0 1.392658 349.220000 114.118000 379.460000 194.975000 1.536300 3.842600 1.655300 34.621527 -12.203776 -2.097141 -0.189600
93 22 Car 0 0 2.016187 349.220000 114.118000 379.460000 194.975000 1.513400 3.801800 1.623600 27.500832 -11.021721 -2.104261 -0.155300
93 23 Car 0 0 1.077154 349.220000 114.118000 379.460000 194.975000 1.460900 3.526300 1.581400 22.951099 -10.934774 -1.974342 -0.816600
94 20 Car 0 0 0.528386 349.220000 114.118000 379.460000 194.975000 1.580100 3.943600 1.612900 31.818063 -2.945010 -1.880463 2.813000
94 21 Car 0 0 1.158709 349.220000 114.118000 379.460000 194.975000 1.500700 3.773300 1.636700 34.343767 -11.427716 -1.968748 -0.195500
94 22 Car 0 0 1.684305 349.220000 114.118000 379.460000 194.975000 1.476900 3.862300 1.624700 27.145670 -10.355375 -2.094928 -0.159900
94 23 Car 0 0 0.315316 349.220000 114.118000 379.460000 194.975000 1.574900 3.671400 1.673600 22.625858 -10.407182 -2.030759 -0.739900
95 20 Car 0 0 0.497068 349.220000 114.118000 379.460000 194.975000 1.619100 4.002500 1.704000 31.387296 -2.180474 -1.924482 2.920200
95 21 Car 0 0 0.955462 349.220000 114.118000 379.460000 194.975000 1.565600 3.886600 1.613400 34.003471 -10.615319 -2.006943 -0.133400
95 22 Car 0 0 1.563028 349.220000 114.118000 379.460000 194.975000 1.457800 3.569900 1.585500 26.732517 -9.748869 -2.063509 -0.110800
95 23 Car 0 0 0.198743 349.220000 114.118000 379.460000 194.975000 1.572000 3.447400 1.632500 22.217105 -9.933302 -2.049127 -0.801700
96 20 Car 0 0 0.397175 349.220000 114.118000 379.460000 194.975000 1.687000 4.140600 1.731100 30.837007 -1.437865 -1.395818 2.994400
96 21 Car 0 0 0.938242 349.220000 114.118000 379.460000 194.975000 1.582900 3.884600 1.693100 33.741109 -9.792156 -1.443341 -0.117200
96 22 Car 0 0 1.393533 349.220000 114.118000 379.460000 194.975000 1.384000 3.767100 1.566600 26.351852 -9.176116 -1.595065 -0.110200
96 23 Car 0 0 0.247712 349.220000 114.118000 379.460000 194.975000 1.546200 3.829600 1.640100 21.956803 -9.420642 -1.676201 -0.739200
97 20 Car 0 0 0.286984 349.220000 114.118000 379.460000 194.975000 1.602000 3.911900 1.599800 30.248025 -0.796570 -1.833581 2.929700
97 21 Car 0 0 0.740969 349.220000 114.118000 379.460000 194.975000 1.538100 3.928400 1.615300 33.333437 -9.086396 -1.960961 -0.116300
97 22 Car 0 0 1.242393 349.220000 114.118000 379.460000 194.975000 1.341200 3.731700 1.525900 25.986717 -8.601228 -1.946394 -0.077200
97 23 Car 0 0 0.090808 349.220000 114.118000 379.460000 194.975000 1.568500 3.671800 1.603800 21.570178 -8.992560 -1.995720 -0.722000
98 20 Car 0 0 0.322922 349.220000 114.118000 379.460000 194.975000 1.594500 4.101600 1.696200 29.759145 -0.092328 -1.702899 3.020900
98 21 Car 0 0 0.524951 349.220000 114.118000 379.460000 194.975000 1.525600 3.814900 1.577800 32.919779 -8.360536 -1.866575 -0.135700
98 22 Car 0 0 1.115667 349.220000 114.118000 379.460000 194.975000 1.354800 3.555800 1.510200 25.552594 -8.023625 -1.884624 -0.068600
98 23 Car 0 0 0.085459 349.220000 114.118000 379.460000 194.975000 1.436200 3.676900 1.550400 21.166378 -8.489714 -1.908183 -0.704700
99 20 Car 0 0 0.320200 349.220000 114.118000 379.460000 194.975000 1.514900 4.368200 1.681600 29.226311 0.496377 -1.653337 2.996700
99 21 Car 0 0 0.535690 349.220000 114.118000 379.460000 194.975000 1.620100 3.848100 1.623200 32.492527 -7.627081 -1.896357 -0.052900
99 22 Car 0 0 0.957639 349.220000 114.118000 379.460000 194.975000 1.435200 3.683700 1.529400 25.204188 -7.437914 -1.872228 -0.022800
99 23 Car 0 0 0.021544 349.220000 114.118000 379.460000 194.975000 1.393500 3.743800 1.536600 20.759345 -8.073814 -1.854622 -0.683200
99 24 Car 0 0 4.546004 349.220000 114.118000 379.460000 194.975000 1.433800 4.229500 1.615000 12.650419 8.532969 -1.492761 -1.614700
100 20 Car 0 0 0.271691 349.220000 114.118000 379.460000 194.975000 1.612700 4.114900 1.651700 28.573647 1.139765 -1.657808 3.042600
100 21 Car 0 0 0.410372 349.220000 114.118000 379.460000 194.975000 1.547200 3.696200 1.591500 32.013604 -6.935251 -1.761271 -0.034900
100 22 Car 0 0 0.822484 349.220000 114.118000 379.460000 194.975000 1.422200 3.745300 1.520600 24.762527 -6.898317 -1.865076 0.003200
100 23 Car 0 0 0.050625 349.220000 114.118000 379.460000 194.975000 1.515300 3.714100 1.638700 20.343353 -7.605880 -1.902571 -0.644200
100 24 Car 0 0 4.673458 349.220000 114.118000 379.460000 194.975000 1.466000 4.221900 1.644500 11.923696 8.440532 -1.436768 -1.581000
101 20 Car 0 0 0.089953 349.220000 114.118000 379.460000 194.975000 1.576500 4.035000 1.598400 27.903629 1.679421 -1.593476 3.090200
101 21 Car 0 0 0.443208 349.220000 114.118000 379.460000 194.975000 1.542600 3.809500 1.652700 31.573929 -6.315281 -1.773442 -0.046600
101 22 Car 0 0 0.695233 349.220000 114.118000 379.460000 194.975000 1.415300 3.672800 1.513800 24.350112 -6.455034 -1.825435 0.036600
101 23 Car 0 0 0.118953 349.220000 114.118000 379.460000 194.975000 1.500100 3.765000 1.588100 19.912415 -7.213148 -1.865088 -0.619400
101 24 Car 0 0 4.594143 349.220000 114.118000 379.460000 194.975000 1.442600 4.384800 1.640300 11.236126 8.323617 -1.418214 -1.634800
102 20 Car 0 0 -0.013853 349.220000 114.118000 379.460000 194.975000 1.592500 4.127100 1.679300 27.249318 2.174219 -1.678586 3.077000
102 21 Car 0 0 0.497151 349.220000 114.118000 379.460000 194.975000 1.560400 3.814400 1.642200 31.122578 -5.734739 -1.791511 0.009500
102 22 Car 0 0 0.651388 349.220000 114.118000 379.460000 194.975000 1.385000 3.643000 1.498900 23.877917 -6.026971 -1.767121 0.005700
102 23 Car 0 0 0.170364 349.220000 114.118000 379.460000 194.975000 1.436500 3.760800 1.572100 19.424484 -6.863720 -1.846656 -0.616800
102 24 Car 0 0 4.565518 349.220000 114.118000 379.460000 194.975000 1.446300 4.163600 1.607200 10.444810 8.087739 -1.462526 -1.577400
103 20 Car 0 0 -0.200136 349.220000 114.118000 379.460000 194.975000 1.590400 4.006300 1.672800 26.610686 2.681508 -1.681005 3.102200
103 21 Car 0 0 0.537577 349.220000 114.118000 379.460000 194.975000 1.522600 3.710500 1.632200 30.594192 -5.173769 -1.743296 0.015900
103 22 Car 0 0 0.638709 349.220000 114.118000 379.460000 194.975000 1.445200 3.715900 1.550100 23.397860 -5.580538 -1.819649 0.074300
103 23 Car 0 0 0.142198 349.220000 114.118000 379.460000 194.975000 1.485100 3.779200 1.606100 18.999697 -6.525550 -1.856315 -0.586900
103 24 Car 0 0 4.800293 349.220000 114.118000 379.460000 194.975000 1.463800 3.729500 1.549600 9.797824 7.790762 -1.497209 -1.640500
104 20 Car 0 0 -0.058282 349.220000 114.118000 379.460000 194.975000 1.590400 4.006300 1.672800 25.965300 3.201414 -1.681005 3.102200
104 21 Car 0 0 0.487881 349.220000 114.118000 379.460000 194.975000 1.508000 3.923300 1.659700 30.079337 -4.563306 -1.863735 0.046200
104 22 Car 0 0 0.618831 349.220000 114.118000 379.460000 194.975000 1.392800 3.624300 1.523100 22.858328 -5.126645 -1.858594 0.041800
104 23 Car 0 0 0.183265 349.220000 114.118000 379.460000 194.975000 1.528000 3.718900 1.621000 18.508041 -6.141924 -1.898971 -0.553900
104 24 Car 0 0 4.602391 349.220000 114.118000 379.460000 194.975000 1.423700 4.322500 1.616800 9.070313 7.581204 -1.518398 -1.539300
105 20 Car 0 0 0.029816 349.220000 114.118000 379.460000 194.975000 1.580100 3.932700 1.657600 25.343919 3.644390 -1.367372 3.107500
105 21 Car 0 0 0.330493 349.220000 114.118000 379.460000 194.975000 1.498000 3.838600 1.615300 29.628040 -4.047497 -1.410684 0.050400
105 22 Car 0 0 0.520296 349.220000 114.118000 379.460000 194.975000 1.404400 3.580000 1.527200 22.346388 -4.768404 -1.537434 0.037200
105 23 Car 0 0 0.113822 349.220000 114.118000 379.460000 194.975000 1.432500 3.752200 1.571500 18.000958 -5.858148 -1.674735 -0.569800
105 24 Car 0 0 3.979848 349.220000 114.118000 379.460000 194.975000 1.436400 4.217300 1.618900 8.425171 7.541900 -1.424094 -1.607100
106 20 Car 0 0 -0.012207 349.220000 114.118000 379.460000 194.975000 1.580100 3.932700 1.657600 24.670887 4.085677 -1.367372 3.107500
106 21 Car 0 0 0.458143 349.220000 114.118000 379.460000 194.975000 1.511500 3.664300 1.592500 29.034052 -3.505566 -1.786579 0.071800
106 22 Car 0 0 0.508692 349.220000 114.118000 379.460000 194.975000 1.461100 3.613200 1.551400 21.882253 -4.349909 -1.881846 0.071500
106 23 Car 0 0 0.204061 349.220000 114.118000 379.460000 194.975000 1.504800 3.718100 1.615500 17.549071 -5.505610 -1.896785 -0.553700
106 24 Car 0 0 3.545721 349.220000 114.118000 379.460000 194.975000 1.502400 4.035900 1.620900 7.548667 7.474742 -1.555739 -1.527700
107 20 Car 0 0 -0.012939 349.220000 114.118000 379.460000 194.975000 1.580100 3.932700 1.657600 24.026001 4.601186 -1.367372 3.107500
107 21 Car 0 0 0.434781 349.220000 114.118000 379.460000 194.975000 1.514500 3.697000 1.595300 28.500240 -2.926141 -1.837741 0.109100
107 22 Car 0 0 0.539446 349.220000 114.118000 379.460000 194.975000 1.376800 3.674400 1.508200 21.349681 -3.886819 -1.789636 0.092700
107 23 Car 0 0 0.246281 349.220000 114.118000 379.460000 194.975000 1.462600 3.645800 1.584300 17.005101 -5.159884 -1.874087 -0.566900
107 24 Car 0 0 3.232954 349.220000 114.118000 379.460000 194.975000 1.513700 4.166400 1.645600 6.731046 7.442670 -1.555786 -1.496200
107 25 Car 0 0 2.537378 349.220000 114.118000 379.460000 194.975000 1.548800 3.976600 1.623100 38.976839 -1.416170 -1.859657 0.100700
107 26 Car 0 0 0.000000 349.220000 114.118000 379.460000 194.975000 1.506100 3.975500 1.599800 -34.936050 -28.437514 -1.864068 0.079500
108 20 Car 0 0 -0.067189 349.220000 114.118000 379.460000 194.975000 1.580100 3.932700 1.657600 23.320918 5.015724 -1.367372 3.107500
108 21 Car 0 0 0.414477 349.220000 114.118000 379.460000 194.975000 1.507700 3.671600 1.596400 27.951031 -2.431916 -1.804126 0.123100
108 22 Car 0 0 0.577130 349.220000 114.118000 379.460000 194.975000 1.408200 3.668200 1.543400 20.846578 -3.492676 -1.828069 0.144900
108 23 Car 0 0 0.286696 349.220000 114.118000 379.460000 194.975000 1.484900 3.738100 1.623300 16.523538 -4.853210 -1.887442 -0.515000
108 25 Car 0 0 2.362024 349.220000 114.118000 379.460000 194.975000 1.536000 3.868200 1.610600 38.391064 -0.641774 -1.862628 0.101900
108 24 Car 0 0 3.232954 349.220000 114.118000 379.460000 194.975000 1.513700 4.166400 1.645600 6.056120 7.550473 -1.555786 -1.496200
109 20 Car 0 0 -0.090917 349.220000 114.118000 379.460000 194.975000 1.580100 3.932700 1.657600 22.667916 5.454490 -1.367372 3.107500
109 21 Car 0 0 0.486582 349.220000 114.118000 379.460000 194.975000 1.511800 3.663000 1.587200 27.402127 -1.913135 -1.777526 0.160700
109 22 Car 0 0 0.683036 349.220000 114.118000 379.460000 194.975000 1.419200 3.663900 1.530900 20.286482 -3.106852 -1.835315 0.160000
109 23 Car 0 0 0.359237 349.220000 114.118000 379.460000 194.975000 1.480600 3.576900 1.571600 16.014345 -4.537489 -1.827479 -0.501500
109 25 Car 0 0 2.016365 349.220000 114.118000 379.460000 194.975000 1.550300 3.819100 1.614400 37.808805 0.091532 -1.847632 0.135000
109 27 Car 0 0 2.785352 349.220000 114.118000 379.460000 194.975000 1.933700 4.352900 1.679600 27.777865 6.159994 -1.620826 -3.024300
110 20 Car 0 0 -0.080168 349.220000 114.118000 379.460000 194.975000 1.580100 3.932700 1.657600 21.999046 5.933599 -1.367372 3.107500
110 21 Car 0 0 0.425563 349.220000 114.118000 379.460000 194.975000 1.429500 3.558500 1.532800 26.779330 -1.397124 -1.722980 0.163400
110 22 Car 0 0 0.570038 349.220000 114.118000 379.460000 194.975000 1.392300 3.788000 1.530500 19.806866 -2.676575 -1.821455 0.186500
110 23 Car 0 0 0.328869 349.220000 114.118000 379.460000 194.975000 1.490000 3.672500 1.589100 15.506962 -4.232956 -1.825880 -0.488000
110 25 Car 0 0 1.490490 349.220000 114.118000 379.460000 194.975000 1.508200 3.779500 1.580100 37.189556 0.819214 -1.709460 0.134500
110 27 Car 0 0 2.785352 349.220000 114.118000 379.460000 194.975000 1.933700 4.352900 1.679600 27.045524 6.696313 -1.620826 -3.024300
111 20 Car 0 0 -0.139519 349.220000 114.118000 379.460000 194.975000 1.580100 3.932700 1.657600 21.264499 6.337557 -1.367372 3.107500
111 21 Car 0 0 0.525713 349.220000 114.118000 379.460000 194.975000 1.500000 3.746700 1.588800 26.282163 -0.855987 -1.338660 0.173700
111 22 Car 0 0 0.653371 349.220000 114.118000 379.460000 194.975000 1.324500 3.651200 1.503500 19.210277 -2.323454 -1.447514 0.202500
111 23 Car 0 0 0.384378 349.220000 114.118000 379.460000 194.975000 1.513300 3.778900 1.619800 15.015871 -3.920373 -1.593818 -0.476600
111 25 Car 0 0 1.251103 349.220000 114.118000 379.460000 194.975000 1.561900 4.007500 1.626500 36.655484 1.538182 -1.221772 0.156300
111 27 Car 0 0 2.325129 349.220000 114.118000 379.460000 194.975000 1.735200 4.238800 1.650600 26.373201 7.218145 -1.173490 -2.982100
111 28 Car 0 0 0.000000 349.220000 114.118000 379.460000 194.975000 1.537900 4.073600 1.608100 -35.006156 -31.014096 -1.796665 0.156200
112 20 Car 0 0 -0.151279 349.220000 114.118000 379.460000 194.975000 1.580100 3.932700 1.657600 20.530559 6.719512 -1.367372 3.107500
112 21 Car 0 0 0.443731 349.220000 114.118000 379.460000 194.975000 1.535700 3.678100 1.577100 25.711634 -0.412163 -1.722678 0.170900
112 22 Car 0 0 0.612713 349.220000 114.118000 379.460000 194.975000 1.394200 3.830500 1.532000 18.676706 -1.981563 -1.753841 0.197000
112 23 Car 0 0 0.369155 349.220000 114.118000 379.460000 194.975000 1.444100 3.631100 1.545200 14.506399 -3.668150 -1.760770 -0.452400
112 25 Car 0 0 1.051021 349.220000 114.118000 379.460000 194.975000 1.571400 3.776700 1.601600 36.047066 2.201511 -1.781704 0.348300
112 27 Car 0 0 2.170709 349.220000 114.118000 379.460000 194.975000 1.771000 4.185900 1.627500 25.778565 7.725672 -1.502167 -2.925400
113 20 Car 0 0 -0.121686 349.220000 114.118000 379.460000 194.975000 1.580100 3.932700 1.657600 19.810123 7.052653 -1.367372 3.107500
113 21 Car 0 0 0.345205 349.220000 114.118000 379.460000 194.975000 1.616300 3.892000 1.659100 25.172578 0.058404 -1.748051 0.212600
113 22 Car 0 0 0.479974 349.220000 114.118000 379.460000 194.975000 1.455800 3.804600 1.568300 18.116674 -1.654168 -1.771723 0.193400
113 23 Car 0 0 0.343251 349.220000 114.118000 379.460000 194.975000 1.498000 3.768800 1.635800 13.989952 -3.392905 -1.774566 -0.446700
113 25 Car 0 0 0.740257 349.220000 114.118000 379.460000 194.975000 1.502400 3.617200 1.561300 35.392653 2.826793 -1.707686 0.183600
113 27 Car 0 0 1.950496 349.220000 114.118000 379.460000 194.975000 1.801000 4.248900 1.671500 25.053249 8.154443 -1.590412 -2.964400
114 20 Car 0 0 -0.124233 349.220000 114.118000 379.460000 194.975000 1.580100 3.932700 1.657600 19.137578 7.355549 -1.367372 3.107500
114 21 Car 0 0 0.329114 349.220000 114.118000 379.460000 194.975000 1.588200 3.663200 1.621800 24.551528 0.421773 -1.703088 0.222100
114 22 Car 0 0 0.486840 349.220000 114.118000 379.460000 194.975000 1.381300 3.614100 1.493700 17.516379 -1.399629 -1.700096 0.237300
114 23 Car 0 0 0.358209 349.220000 114.118000 379.460000 194.975000 1.509700 3.616100 1.597400 13.442257 -3.182651 -1.760700 -0.418000
114 25 Car 0 0 0.459747 349.220000 114.118000 379.460000 194.975000 1.555700 3.780100 1.592000 34.787034 3.302339 -1.691381 0.191400
114 27 Car 0 0 1.619244 349.220000 114.118000 379.460000 194.975000 1.783500 4.056400 1.649400 24.299976 8.450638 -1.651789 -2.964100
114 29 Car 0 0 0.381715 349.220000 114.118000 379.460000 194.975000 1.482500 4.065100 1.586400 29.667977 1.850863 -1.677339 0.193700
115 20 Car 0 0 -0.089838 349.220000 114.118000 379.460000 194.975000 1.580100 3.932700 1.657600 18.503819 7.606984 -1.367372 3.107500
115 21 Car 0 0 0.228159 349.220000 114.118000 379.460000 194.975000 1.563800 3.799500 1.625300 24.011514 0.677706 -1.683094 0.284600
115 22 Car 0 0 0.534736 349.220000 114.118000 379.460000 194.975000 1.433000 3.713400 1.541600 16.913227 -1.198921 -1.702434 0.235900
115 23 Car 0 0 0.359411 349.220000 114.118000 379.460000 194.975000 1.450300 3.700200 1.571800 12.904623 -3.023599 -1.677474 -0.410600
115 25 Car 0 0 0.379077 349.220000 114.118000 379.460000 194.975000 1.538600 4.121200 1.628700 34.226112 3.718226 -1.717530 0.200400
115 27 Car 0 0 1.410316 349.220000 114.118000 379.460000 194.975000 1.788700 4.087400 1.678300 23.650354 8.741955 -1.644758 -2.917000
115 29 Car 0 0 0.400537 349.220000 114.118000 379.460000 194.975000 1.487200 4.097100 1.605200 29.129753 2.225286 -1.666865 0.203100
116 20 Car 0 0 -0.115989 349.220000 114.118000 379.460000 194.975000 1.580100 3.932700 1.657600 17.776125 7.737502 -1.367372 3.107500
116 21 Car 0 0 0.261561 349.220000 114.118000 379.460000 194.975000 1.576000 3.740000 1.590400 23.354622 0.892291 -1.695851 0.303900
116 22 Car 0 0 0.457448 349.220000 114.118000 379.460000 194.975000 1.402300 3.665100 1.558500 16.325310 -1.040916 -1.740358 0.268400
116 23 Car 0 0 0.283254 349.220000 114.118000 379.460000 194.975000 1.453500 3.908400 1.622000 12.329502 -2.915547 -1.654579 -0.406600
116 25 Car 0 0 0.205214 349.220000 114.118000 379.460000 194.975000 1.498800 3.885300 1.590600 33.570065 3.977362 -1.719024 0.325000
116 27 Car 0 0 1.275216 349.220000 114.118000 379.460000 194.975000 1.776800 4.144800 1.640100 22.960321 8.922416 -1.703771 -2.927300
116 29 Car 0 0 0.315337 349.220000 114.118000 379.460000 194.975000 1.517500 4.223400 1.629600 28.430750 2.427065 -1.736110 0.315400
117 20 Car 0 0 -0.077005 349.220000 114.118000 379.460000 194.975000 1.580100 3.932700 1.657600 17.152178 7.843770 -1.367372 3.107500
117 21 Car 0 0 0.364264 349.220000 114.118000 379.460000 194.975000 1.469400 3.674700 1.559800 22.755698 1.040813 -1.318081 0.304600
117 22 Car 0 0 0.488270 349.220000 114.118000 379.460000 194.975000 1.407600 3.726500 1.549200 15.748087 -0.938851 -1.501963 0.278600
117 23 Car 0 0 0.286524 349.220000 114.118000 379.460000 194.975000 1.473600 3.760900 1.622400 11.753822 -2.858488 -1.518175 -0.418700
117 25 Car 0 0 0.391076 349.220000 114.118000 379.460000 194.975000 1.537900 3.628000 1.590400 32.884773 4.196653 -1.311166 0.203600
117 27 Car 0 0 1.099104 349.220000 114.118000 379.460000 194.975000 1.842900 4.284700 1.732500 22.367769 9.098100 -1.613293 -2.932200
117 29 Car 0 0 0.550872 349.220000 114.118000 379.460000 194.975000 1.430100 3.875500 1.551500 27.749879 2.562501 -1.269385 0.337800
118 20 Car 0 0 -0.046242 349.220000 114.118000 379.460000 194.975000 1.580100 3.932700 1.657600 16.576223 7.911377 -1.367372 3.107500
118 21 Car 0 0 0.210890 349.220000 114.118000 379.460000 194.975000 1.454400 3.828800 1.592700 22.183805 1.056107 -1.671680 0.218300
118 22 Car 0 0 0.393821 349.220000 114.118000 379.460000 194.975000 1.324500 3.645100 1.504100 15.195387 -0.906869 -1.679620 0.243200
118 23 Car 0 0 0.332703 349.220000 114.118000 379.460000 194.975000 1.455400 3.701500 1.566600 11.126864 -2.829126 -1.677030 -0.402900
118 25 Car 0 0 0.187896 349.220000 114.118000 379.460000 194.975000 1.489600 3.974600 1.586600 32.376906 4.272387 -1.784133 0.197800
118 27 Car 0 0 0.896132 349.220000 114.118000 379.460000 194.975000 1.738400 4.221100 1.666100 21.697266 9.157751 -1.923233 -2.916200
118 29 Car 0 0 0.437821 349.220000 114.118000 379.460000 194.975000 1.480800 3.944700 1.564300 27.177002 2.587982 -1.826112 0.150300
119 20 Car 0 0 -0.065313 349.220000 114.118000 379.460000 194.975000 1.580100 3.932700 1.657600 15.953426 7.877520 -1.367372 3.107500
119 21 Car 0 0 0.306389 349.220000 114.118000 379.460000 194.975000 1.475800 3.675500 1.567700 21.535896 1.069083 -1.324811 0.285300
119 22 Car 0 0 0.434020 349.220000 114.118000 379.460000 194.975000 1.413500 3.706700 1.554800 14.586317 -0.895337 -1.495575 0.279600
119 23 Car 0 0 0.352479 349.220000 114.118000 379.460000 194.975000 1.495400 3.773200 1.618900 10.572317 -2.792765 -1.547945 -0.387300
119 25 Car 0 0 0.015272 349.220000 114.118000 379.460000 194.975000 1.550300 3.756000 1.593800 31.764171 4.181781 -1.402954 0.196500
119 27 Car 0 0 0.866056 349.220000 114.118000 379.460000 194.975000 1.776000 4.228400 1.658200 21.210564 9.190716 -1.623302 -2.918300
119 29 Car 0 0 0.439489 349.220000 114.118000 379.460000 194.975000 1.557800 3.970200 1.630600 26.623861 2.644831 -1.427001 0.298300
120 20 Car 0 0 -0.051181 349.220000 114.118000 379.460000 194.975000 1.580100 3.932700 1.657600 15.349166 7.847611 -1.367372 3.107500
120 21 Car 0 0 0.268241 349.220000 114.118000 379.460000 194.975000 1.563400 3.706100 1.648400 20.874247 0.993531 -1.780280 0.285600
120 22 Car 0 0 0.376358 349.220000 114.118000 379.460000 194.975000 1.410300 3.804500 1.571700 13.954983 -0.938210 -1.788563 0.260300
120 23 Car 0 0 0.278608 349.220000 114.118000 379.460000 194.975000 1.479400 3.845300 1.611200 9.929171 -2.841430 -1.672456 -0.422400
120 25 Car 0 0 0.045807 349.220000 114.118000 379.460000 194.975000 1.573500 3.788500 1.604500 31.073643 4.080647 -1.996016 0.190700
120 27 Car 0 0 0.720320 349.220000 114.118000 379.460000 194.975000 1.832900 4.160000 1.693300 20.550548 9.117765 -2.064991 -2.833600
120 29 Car 0 0 0.439489 349.220000 114.118000 379.460000 194.975000 1.557800 3.970200 1.630600 26.001346 2.577375 -1.427001 0.298300
120 30 Car 0 0 0.231573 349.220000 114.118000 379.460000 194.975000 1.566000 4.089300 1.659000 25.537927 10.527501 -2.084252 -2.789400
121 20 Car 0 0 -0.020310 349.220000 114.118000 379.460000 194.975000 1.580100 3.932700 1.657600 14.802457 7.780435 -1.367372 3.107500
121 21 Car 0 0 0.323362 349.220000 114.118000 379.460000 194.975000 1.520600 3.820000 1.636700 20.312717 0.921055 -1.397114 0.285000
121 22 Car 0 0 0.405367 349.220000 114.118000 379.460000 194.975000 1.371100 3.699200 1.527100 13.332807 -1.008060 -1.499786 0.268000
121 23 Car 0 0 0.255266 349.220000 114.118000 379.460000 194.975000 1.494500 3.860400 1.642000 9.291377 -2.912628 -1.517276 -0.434200
121 25 Car 0 0 0.192270 349.220000 114.118000 379.460000 194.975000 1.448300 3.753700 1.549500 30.489358 3.967176 -1.379486 0.211000
121 27 Car 0 0 0.656194 349.220000 114.118000 379.460000 194.975000 1.718300 4.152200 1.667900 19.983791 9.027001 -1.729315 -2.904900
121 30 Car 0 0 -0.101717 349.220000 114.118000 379.460000 194.975000 1.501700 3.825600 1.609400 24.949594 10.380417 -1.723775 -2.802700
121 29 Car 0 0 0.619184 349.220000 114.118000 379.460000 194.975000 1.470100 4.003600 1.575700 25.277938 2.444930 -1.392081 0.408500
122 20 Car 0 0 -0.030253 349.220000 114.118000 379.460000 194.975000 1.580100 3.932700 1.657600 14.251685 7.634032 -1.367372 3.107500
122 21 Car 0 0 0.298327 349.220000 114.118000 379.460000 194.975000 1.490500 3.806800 1.607400 19.739298 0.760472 -1.630690 0.284500
122 22 Car 0 0 0.358172 349.220000 114.118000 379.460000 194.975000 1.439300 3.855800 1.575800 12.748309 -1.122139 -1.680315 0.274700
122 23 Car 0 0 0.274615 349.220000 114.118000 379.460000 194.975000 1.498000 3.745300 1.609000 8.661295 -2.980426 -1.626943 -0.432900
122 25 Car 0 0 0.175538 349.220000 114.118000 379.460000 194.975000 1.584200 3.816200 1.645600 29.849167 3.675207 -1.775732 0.192900
122 27 Car 0 0 0.543881 349.220000 114.118000 379.460000 194.975000 1.789000 4.160700 1.695200 19.457703 8.864349 -1.974946 -2.923600
122 30 Car 0 0 -0.100280 349.220000 114.118000 379.460000 194.975000 1.512100 3.796300 1.610500 24.395864 10.152932 -1.924696 -2.791200
122 29 Car 0 0 0.619184 349.220000 114.118000 379.460000 194.975000 1.470100 4.003600 1.575700 24.733665 2.249230 -1.392081 0.408500
123 20 Car 0 0 -0.021953 349.220000 114.118000 379.460000 194.975000 1.580100 3.932700 1.657600 13.733827 7.499245 -1.367372 3.107500
123 21 Car 0 0 0.262770 349.220000 114.118000 379.460000 194.975000 1.564600 3.775900 1.621100 19.120916 0.556916 -1.630272 0.236800
123 22 Car 0 0 0.282590 349.220000 114.118000 379.460000 194.975000 1.432500 3.868700 1.579700 12.130084 -1.251383 -1.621082 0.216000
123 23 Car 0 0 0.328392 349.220000 114.118000 379.460000 194.975000 1.525100 3.746900 1.643700 7.996284 -3.021609 -1.579498 -0.385200
123 27 Car 0 0 0.552283 349.220000 114.118000 379.460000 194.975000 1.741500 4.271300 1.696300 18.911888 8.680502 -1.835203 -2.939300
123 30 Car 0 0 0.149918 349.220000 114.118000 379.460000 194.975000 1.530500 3.739100 1.610200 23.830048 9.842551 -1.919556 -2.791900
123 25 Car 0 0 0.175538 349.220000 114.118000 379.460000 194.975000 1.584200 3.816200 1.645600 29.251487 3.355392 -1.775732 0.192900
124 20 Car 0 0 -0.045228 349.220000 114.118000 379.460000 194.975000 1.580100 3.932700 1.657600 13.160620 7.300517 -1.367372 3.107500
124 21 Car 0 0 0.272004 349.220000 114.118000 379.460000 194.975000 1.585400 3.641600 1.586700 18.475251 0.315317 -1.526742 0.222400
124 22 Car 0 0 0.309407 349.220000 114.118000 379.460000 194.975000 1.377700 3.825100 1.526600 11.498020 -1.391624 -1.560681 0.207500
124 23 Car 0 0 0.324442 349.220000 114.118000 379.460000 194.975000 1.521100 3.803400 1.662400 7.327834 -3.119280 -1.563878 -0.404300
124 27 Car 0 0 0.504921 349.220000 114.118000 379.460000 194.975000 1.798200 4.262700 1.711700 18.347470 8.434938 -1.885164 -2.916400
124 30 Car 0 0 0.127703 349.220000 114.118000 379.460000 194.975000 1.483100 3.699900 1.583100 23.333788 9.545583 -1.922986 -2.840100
124 29 Car 0 0 0.483461 349.220000 114.118000 379.460000 194.975000 1.361500 3.534900 1.477400 23.339110 1.557470 -1.511712 0.371700
125 20 Car 0 0 -0.021989 349.220000 114.118000 379.460000 194.975000 1.580100 3.932700 1.657600 12.654103 7.134453 -1.367372 3.107500
125 21 Car 0 0 0.250021 349.220000 114.118000 379.460000 194.975000 1.598900 3.666900 1.639600 17.823796 0.044968 -1.517825 0.198300
125 22 Car 0 0 0.250379 349.220000 114.118000 379.460000 194.975000 1.451200 3.754000 1.573700 10.839369 -1.587430 -1.574604 0.196800
125 23 Car 0 0 0.256800 349.220000 114.118000 379.460000 194.975000 1.531900 3.921700 1.651000 6.691600 -3.231634 -1.597275 -0.428900
125 27 Car 0 0 0.340472 349.220000 114.118000 379.460000 194.975000 1.745900 4.235100 1.700500 17.900301 8.185966 -1.821854 -2.970300
125 30 Car 0 0 0.146233 349.220000 114.118000 379.460000 194.975000 1.445700 3.661300 1.561800 22.889362 9.225838 -1.821358 -2.845600
125 29 Car 0 0 0.454043 349.220000 114.118000 379.460000 194.975000 1.462900 3.869300 1.545900 22.834802 1.319143 -1.539311 0.346900
126 20 Car 0 0 -0.030569 349.220000 114.118000 379.460000 194.975000 1.580100 3.932700 1.657600 12.093658 6.933052 -1.367372 3.107500
126 21 Car 0 0 0.179096 349.220000 114.118000 379.460000 194.975000 1.565300 3.686100 1.625800 17.204491 -0.217920 -1.504666 0.188100
126 22 Car 0 0 0.183909 349.220000 114.118000 379.460000 194.975000 1.443500 3.833000 1.565600 10.237351 -1.727313 -1.574949 0.186400
126 23 Car 0 0 0.310420 349.220000 114.118000 379.460000 194.975000 1.457800 3.742500 1.601000 5.954237 -3.306836 -1.533539 -0.457500
126 27 Car 0 0 0.153926 349.220000 114.118000 379.460000 194.975000 1.745100 4.231700 1.699700 17.386727 7.897226 -1.785710 -2.946200
126 30 Car 0 0 0.143997 349.220000 114.118000 379.460000 194.975000 1.482400 3.714000 1.565500 22.363234 8.882020 -1.799628 -2.904700
126 29 Car 0 0 0.369585 349.220000 114.118000 379.460000 194.975000 1.442300 3.930200 1.546200 22.281419 1.016445 -1.522849 0.207400
126 31 Car 0 0 0.745624 349.220000 114.118000 379.460000 194.975000 1.501500 3.599900 1.564200 27.805049 10.410110 -1.671090 -2.812600
127 20 Car 0 0 -0.027627 349.220000 114.118000 379.460000 194.975000 1.580100 3.932700 1.657600 11.616978 6.763500 -1.367372 3.107500
127 21 Car 0 0 0.104794 349.220000 114.118000 379.460000 194.975000 1.538000 3.710800 1.616300 16.601084 -0.481433 -1.504304 0.167400
127 22 Car 0 0 0.144234 349.220000 114.118000 379.460000 194.975000 1.373500 3.854100 1.520600 9.550304 -1.922798 -1.545538 0.173000
127 23 Car 0 0 0.350518 349.220000 114.118000 379.460000 194.975000 1.469100 3.777700 1.544800 5.308756 -3.353603 -1.563679 -0.507200
127 27 Car 0 0 0.142246 349.220000 114.118000 379.460000 194.975000 1.762600 4.278400 1.725500 16.796696 7.605654 -1.801160 -2.958900
127 30 Car 0 0 0.174732 349.220000 114.118000 379.460000 194.975000 1.453300 3.728100 1.565900 21.883469 8.554446 -1.772288 -2.910700
127 29 Car 0 0 0.198553 349.220000 114.118000 379.460000 194.975000 1.457500 4.050200 1.554600 21.715573 0.659499 -1.527325 0.185800
127 31 Car 0 0 0.923012 349.220000 114.118000 379.460000 194.975000 1.516500 3.775700 1.578900 27.258499 9.942400 -1.694529 -2.934000
127 25 Car 0 0 0.116455 349.220000 114.118000 379.460000 194.975000 1.472400 3.659900 1.558600 26.893116 1.784813 -1.487820 0.141700
128 20 Car 0 0 -0.036182 349.220000 114.118000 379.460000 194.975000 1.580100 3.932700 1.657600 11.046120 6.577329 -1.367372 3.107500
128 21 Car 0 0 0.083492 349.220000 114.118000 379.460000 194.975000 1.592200 3.731800 1.660800 15.977392 -0.727702 -1.542877 0.174500
128 22 Car 0 0 0.248062 349.220000 114.118000 379.460000 194.975000 1.397600 3.737300 1.517700 8.855046 -2.057445 -1.566870 0.146300
128 23 Car 0 0 0.373578 349.220000 114.118000 379.460000 194.975000 1.404900 3.573600 1.489700 4.660962 -3.393046 -1.547783 -0.468700
128 27 Car 0 0 0.229958 349.220000 114.118000 379.460000 194.975000 1.753300 4.304000 1.715900 16.308898 7.379581 -1.827176 -2.991700
128 30 Car 0 0 0.249518 349.220000 114.118000 379.460000 194.975000 1.481400 3.772700 1.573300 21.380770 8.218122 -1.867470 -2.905200
128 29 Car 0 0 0.127905 349.220000 114.118000 379.460000 194.975000 1.521200 4.283100 1.625300 21.145864 0.332557 -1.586264 0.198600
128 31 Car 0 0 0.771414 349.220000 114.118000 379.460000 194.975000 1.532600 3.718800 1.569100 26.862902 9.554430 -1.748606 -2.936900
128 25 Car 0 0 0.126547 349.220000 114.118000 379.460000 194.975000 1.401600 3.665700 1.514400 26.235577 1.371630 -1.539880 0.114900
129 20 Car 0 0 -0.022339 349.220000 114.118000 379.460000 194.975000 1.580100 3.932700 1.657600 10.543876 6.422087 -1.367372 3.107500
129 21 Car 0 0 0.099275 349.220000 114.118000 379.460000 194.975000 1.552800 3.709500 1.631700 15.250249 -0.985916 -1.568033 0.154600
129 22 Car 0 0 0.227970 349.220000 114.118000 379.460000 194.975000 1.345200 3.787900 1.494200 8.171036 -2.192574 -1.590563 0.126400
129 23 Car 0 0 0.443894 349.220000 114.118000 379.460000 194.975000 1.533600 4.208700 1.651500 3.810848 -3.462613 -1.608241 -0.441800
129 27 Car 0 0 0.362669 349.220000 114.118000 379.460000 194.975000 1.743800 4.330700 1.733300 15.755436 7.154022 -1.852612 -3.027400
129 30 Car 0 0 0.092833 349.220000 114.118000 379.460000 194.975000 1.460000 4.041900 1.611300 20.909515 7.947805 -1.847672 -2.917200
129 29 Car 0 0 0.151214 349.220000 114.118000 379.460000 194.975000 1.495000 4.134100 1.593000 20.441071 -0.010165 -1.550585 0.191100
129 31 Car 0 0 0.785926 349.220000 114.118000 379.460000 194.975000 1.468600 3.386100 1.514800 26.255550 9.109260 -1.819484 -2.932300
129 25 Car 0 0 0.075936 349.220000 114.118000 379.460000 194.975000 1.457700 3.574100 1.528500 25.562269 0.948489 -1.580858 0.100700
130 20 Car 0 0 -0.056793 349.220000 114.118000 379.460000 194.975000 1.580100 3.932700 1.657600 9.931425 6.235623 -1.367372 3.107500
130 21 Car 0 0 0.076726 349.220000 114.118000 379.460000 194.975000 1.535500 3.712000 1.600000 14.557043 -1.222884 -1.538586 0.121300
130 22 Car 0 0 0.246445 349.220000 114.118000 379.460000 194.975000 1.432900 3.721700 1.536300 7.474758 -2.323631 -1.611089 0.117400
130 27 Car 0 0 0.304643 349.220000 114.118000 379.460000 194.975000 1.877200 4.134800 1.686800 15.233476 6.928612 -1.885981 -3.013000
130 30 Car 0 0 0.250401 349.220000 114.118000 379.460000 194.975000 1.484800 3.648500 1.552300 20.348431 7.611940 -1.865417 -2.943400
130 29 Car 0 0 0.238690 349.220000 114.118000 379.460000 194.975000 1.455900 4.136600 1.564700 19.719577 -0.320591 -1.621783 0.179700
130 31 Car 0 0 0.625760 349.220000 114.118000 379.460000 194.975000 1.571700 3.686600 1.600600 25.823928 8.774036 -1.864634 -2.956400
130 25 Car 0 0 0.062394 349.220000 114.118000 379.460000 194.975000 1.478300 3.667300 1.537900 25.000605 0.613931 -1.614669 0.121600
130 23 Car 0 0 0.443894 349.220000 114.118000 379.460000 194.975000 1.533600 4.208700 1.651500 3.154549 -3.511001 -1.608241 -0.441800
131 20 Car 0 0 -0.074652 349.220000 114.118000 379.460000 194.975000 1.580100 3.932700 1.657600 9.379976 6.074464 -1.367372 3.107500
131 21 Car 0 0 0.111543 349.220000 114.118000 379.460000 194.975000 1.520400 3.641300 1.607800 13.847322 -1.448856 -1.563791 0.131900
131 22 Car 0 0 0.261089 349.220000 114.118000 379.460000 194.975000 1.421300 3.764200 1.553500 6.780048 -2.448051 -1.615914 0.101000
131 27 Car 0 0 0.211028 349.220000 114.118000 379.460000 194.975000 1.791900 4.351500 1.732700 14.688413 6.682111 -1.857187 -3.001000
131 30 Car 0 0 0.341219 349.220000 114.118000 379.460000 194.975000 1.450900 3.754300 1.544000 19.820243 7.292915 -1.839044 -2.943800
131 29 Car 0 0 0.164736 349.220000 114.118000 379.460000 194.975000 1.558400 4.192600 1.631000 19.148913 -0.605244 -1.668518 0.120100
131 31 Car 0 0 0.628924 349.220000 114.118000 379.460000 194.975000 1.526100 3.537900 1.524700 25.330004 8.376217 -1.810613 -2.978900
131 25 Car 0 0 -0.006084 349.220000 114.118000 379.460000 194.975000 1.524600 3.980600 1.601000 24.452946 0.261025 -1.658295 0.102600
132 20 Car 0 0 -0.048103 349.220000 114.118000 379.460000 194.975000 1.580100 3.932700 1.657600 8.805074 5.945940 -1.367372 3.107500
132 21 Car 0 0 0.131191 349.220000 114.118000 379.460000 194.975000 1.538400 3.634700 1.592400 13.155878 -1.638774 -1.390666 0.118600
132 22 Car 0 0 0.298614 349.220000 114.118000 379.460000 194.975000 1.441600 3.788000 1.538200 6.088410 -2.530416 -1.527773 0.080800
132 27 Car 0 0 0.191627 349.220000 114.118000 379.460000 194.975000 1.803700 4.289400 1.676300 14.078598 6.465778 -1.611480 -3.032500
132 30 Car 0 0 0.231478 349.220000 114.118000 379.460000 194.975000 1.481800 3.787700 1.563300 19.208658 7.058240 -1.551010 -2.945700
132 29 Car 0 0 0.315527 349.220000 114.118000 379.460000 194.975000 1.473200 4.171200 1.585400 18.425708 -0.853411 -1.325014 0.133900
132 31 Car 0 0 0.552147 349.220000 114.118000 379.460000 194.975000 1.502800 3.617800 1.573500 24.673453 8.030746 -1.469894 -2.982900
132 25 Car 0 0 0.027323 349.220000 114.118000 379.460000 194.975000 1.529000 3.981100 1.590000 23.796837 -0.063036 -1.238179 0.107200
133 20 Car 0 0 -0.049138 349.220000 114.118000 379.460000 194.975000 1.580100 3.932700 1.657600 8.264752 5.838020 -1.367372 3.107500
133 21 Car 0 0 0.032308 349.220000 114.118000 379.460000 194.975000 1.559900 3.620300 1.597100 12.482778 -1.823591 -1.568384 0.104000
133 22 Car 0 0 0.315216 349.220000 114.118000 379.460000 194.975000 1.427000 3.712500 1.501000 5.356468 -2.599964 -1.595404 0.064800
133 27 Car 0 0 0.121343 349.220000 114.118000 379.460000 194.975000 1.699600 4.273900 1.679500 13.543120 6.269655 -1.709699 -3.045700
133 30 Car 0 0 0.263706 349.220000 114.118000 379.460000 194.975000 1.445000 3.705800 1.538200 18.614877 6.783443 -1.769723 -3.012300
133 29 Car 0 0 0.322116 349.220000 114.118000 379.460000 194.975000 1.496900 4.187300 1.598500 17.767843 -1.082908 -1.598346 0.126600
133 31 Car 0 0 0.560143 349.220000 114.118000 379.460000 194.975000 1.501200 3.587900 1.516600 24.114798 7.667486 -1.772458 -2.991800
133 25 Car 0 0 -0.076726 349.220000 114.118000 379.460000 194.975000 1.516300 3.798200 1.569900 23.107885 -0.424772 -1.597478 0.005900
134 20 Car 0 0 -0.101003 349.220000 114.118000 379.460000 194.975000 1.580100 3.932700 1.657600 7.764703 5.728047 -1.367372 3.107500
134 21 Car 0 0 -0.119092 349.220000 114.118000 379.460000 194.975000 1.546000 3.709200 1.627300 11.846662 -2.006381 -1.373847 0.075700
134 22 Car 0 0 0.267943 349.220000 114.118000 379.460000 194.975000 1.471800 3.837500 1.530100 4.676874 -2.690990 -1.571704 0.059900
134 27 Car 0 0 -0.022756 349.220000 114.118000 379.460000 194.975000 1.780300 4.409200 1.667900 12.979021 6.059467 -1.591939 -3.088200
134 30 Car 0 0 0.336963 349.220000 114.118000 379.460000 194.975000 1.465300 3.648600 1.527800 18.058441 6.503981 -1.508473 -3.008900
134 29 Car 0 0 0.250801 349.220000 114.118000 379.460000 194.975000 1.449000 4.240700 1.589200 17.079993 -1.365806 -1.369306 0.135700
134 31 Car 0 0 0.640570 349.220000 114.118000 379.460000 194.975000 1.476600 3.608800 1.513200 23.603355 7.306651 -1.320837 -3.023300
134 25 Car 0 0 -0.220888 349.220000 114.118000 379.460000 194.975000 1.462000 3.818200 1.549200 22.431117 -0.788668 -1.216149 0.077000
134 32 Car 0 0 0.000000 349.220000 114.118000 379.460000 194.975000 1.581300 3.968600 1.583400 -51.740331 -25.350349 -1.589013 0.038300
135 20 Car 0 0 -0.239510 349.220000 114.118000 379.460000 194.975000 1.580100 3.932700 1.657600 7.196636 5.604375 -1.367372 3.107500
135 21 Car 0 0 -0.153289 349.220000 114.118000 379.460000 194.975000 1.504700 3.638300 1.580500 11.129203 -2.158483 -1.480138 0.055700
135 22 Car 0 0 0.199178 349.220000 114.118000 379.460000 194.975000 1.450500 3.893400 1.532700 3.987141 -2.768356 -1.592613 0.048000
135 27 Car 0 0 -0.036895 349.220000 114.118000 379.460000 194.975000 1.760400 4.313800 1.691800 12.368043 5.887000 -1.692352 -3.081700
135 30 Car 0 0 0.281912 349.220000 114.118000 379.460000 194.975000 1.419900 3.713700 1.529300 17.446184 6.307443 -1.663274 -3.021400
135 29 Car 0 0 0.224152 349.220000 114.118000 379.460000 194.975000 1.543700 4.246800 1.624900 16.400747 -1.586528 -1.519911 0.072400
135 31 Car 0 0 0.553225 349.220000 114.118000 379.460000 194.975000 1.507200 3.231900 1.515200 22.931361 7.015065 -1.604060 -2.997500
135 25 Car 0 0 -0.171809 349.220000 114.118000 379.460000 194.975000 1.526200 4.036600 1.600000 21.742738 -1.047903 -1.464587 0.038100
135 33 Car 0 0 1.013024 349.220000 114.118000 379.460000 194.975000 1.416500 3.511300 1.530100 39.791193 10.495099 -1.177779 1.653200
136 20 Car 0 0 -0.388337 349.220000 114.118000 379.460000 194.975000 1.580100 3.932700 1.657600 6.671970 5.506984 -1.367372 3.107500
136 21 Car 0 0 -0.188206 349.220000 114.118000 379.460000 194.975000 1.486500 3.736400 1.578100 10.436566 -2.285121 -1.481093 0.055900
136 22 Car 0 0 0.169058 349.220000 114.118000 379.460000 194.975000 1.431500 3.811000 1.521200 3.378420 -2.792546 -1.614375 0.034800
136 27 Car 0 0 0.038119 349.220000 114.118000 379.460000 194.975000 1.794300 4.309200 1.701200 11.736725 5.756944 -1.730872 -3.082600
136 30 Car 0 0 0.314777 349.220000 114.118000 379.460000 194.975000 1.435200 4.002800 1.586200 16.904735 6.117536 -1.666181 -3.016600
136 29 Car 0 0 0.220999 349.220000 114.118000 379.460000 194.975000 1.478200 4.186000 1.589900 15.698281 -1.781877 -1.496027 0.070800
136 31 Car 0 0 0.435203 349.220000 114.118000 379.460000 194.975000 1.612100 3.558700 1.544900 22.388201 6.809173 -1.673994 -3.035600
136 25 Car 0 0 -0.145646 349.220000 114.118000 379.460000 194.975000 1.517400 3.915000 1.612000 20.984453 -1.296991 -1.469134 0.046600
136 33 Car 0 0 0.986753 349.220000 114.118000 379.460000 194.975000 1.410400 3.667000 1.543500 39.191664 10.110516 -1.115617 1.680600
137 20 Car 0 0 -0.379517 349.220000 114.118000 379.460000 194.975000 1.580100 3.932700 1.657600 6.046694 5.433048 -1.367372 3.107500
137 21 Car 0 0 -0.202306 349.220000 114.118000 379.460000 194.975000 1.547500 3.674300 1.597400 9.687382 -2.411615 -1.547013 0.043900
137 22 Car 0 0 0.228176 349.220000 114.118000 379.460000 194.975000 1.437200 3.765100 1.515700 2.667396 -2.800891 -1.621333 -0.065100
137 27 Car 0 0 0.002337 349.220000 114.118000 379.460000 194.975000 1.819500 4.458900 1.725500 11.174705 5.639879 -1.736650 -3.093000
137 30 Car 0 0 0.365336 349.220000 114.118000 379.460000 194.975000 1.409000 3.975000 1.558400 16.304618 5.929985 -1.663492 -3.052300
137 29 Car 0 0 0.228920 349.220000 114.118000 379.460000 194.975000 1.531400 4.363100 1.631400 14.999584 -1.933143 -1.562697 0.073600
137 31 Car 0 0 0.543986 349.220000 114.118000 379.460000 194.975000 1.474800 3.404500 1.468500 21.773960 6.533938 -1.659264 -3.046600
137 25 Car 0 0 -0.175292 349.220000 114.118000 379.460000 194.975000 1.506400 3.912600 1.591600 20.332924 -1.517444 -1.530978 0.039900
137 33 Car 0 0 0.723698 349.220000 114.118000 379.460000 194.975000 1.400900 3.685200 1.548700 38.627508 9.709171 -1.229540 1.628700
137 34 Car 0 0 2.085428 349.220000 114.118000 379.460000 194.975000 1.481400 3.870400 1.546200 25.361198 -1.272204 -1.476626 0.045100
138 20 Car 0 0 -0.461766 349.220000 114.118000 379.460000 194.975000 1.580100 3.932700 1.657600 5.396340 5.339273 -1.367372 3.107500
138 21 Car 0 0 -0.134440 349.220000 114.118000 379.460000 194.975000 1.575400 3.590100 1.578800 8.986176 -2.468659 -1.450756 0.052100
138 27 Car 0 0 0.045725 349.220000 114.118000 379.460000 194.975000 1.755200 4.461000 1.712400 10.498992 5.531566 -1.629793 -3.124700
138 30 Car 0 0 0.391285 349.220000 114.118000 379.460000 194.975000 1.427900 3.693700 1.539700 15.594856 5.760870 -1.552811 -3.049600
138 29 Car 0 0 0.249447 349.220000 114.118000 379.460000 194.975000 1.539600 4.213800 1.620400 14.245495 -2.085946 -1.404570 0.057100
138 31 Car 0 0 0.443848 349.220000 114.118000 379.460000 194.975000 1.463300 3.431100 1.507100 21.130711 6.363972 -1.412059 -3.068900
138 25 Car 0 0 -0.085673 349.220000 114.118000 379.460000 194.975000 1.492100 3.846100 1.558800 19.628027 -1.675401 -1.329165 0.057200
138 33 Car 0 0 0.443900 349.220000 114.118000 379.460000 194.975000 1.388700 3.495100 1.520000 38.056367 9.323738 -0.724523 1.603100
138 34 Car 0 0 2.026703 349.220000 114.118000 379.460000 194.975000 1.469800 4.122700 1.572900 24.627407 -1.455427 -1.198519 -0.002900
138 22 Car 0 0 0.228176 349.220000 114.118000 379.460000 194.975000 1.437200 3.765100 1.515700 1.995761 -2.814756 -1.621333 -0.065100
138 35 Car 0 0 1.941770 349.220000 114.118000 379.460000 194.975000 1.540900 3.735900 1.548300 33.261287 -1.210804 -0.945358 0.108300
139 20 Car 0 0 -0.565206 349.220000 114.118000 379.460000 194.975000 1.531200 3.780000 1.603800 4.739923 5.248772 -1.836983 3.123700
139 21 Car 0 0 -0.186549 349.220000 114.118000 379.460000 194.975000 1.575700 3.667500 1.603200 8.292920 -2.552010 -1.642858 0.032300
139 27 Car 0 0 -0.035603 349.220000 114.118000 379.460000 194.975000 1.861300 4.462500 1.712200 9.874333 5.438634 -1.805948 -3.113900
139 30 Car 0 0 0.437585 349.220000 114.118000 379.460000 194.975000 1.444100 3.763900 1.552100 14.976276 5.604539 -1.796929 -3.045600
139 29 Car 0 0 0.232863 349.220000 114.118000 379.460000 194.975000 1.471800 4.165600 1.577100 13.529474 -2.209623 -1.648752 0.041600
139 31 Car 0 0 0.525034 349.220000 114.118000 379.460000 194.975000 1.440700 3.388000 1.476900 20.467811 6.141506 -1.774851 -3.068200
139 25 Car 0 0 -0.207989 349.220000 114.118000 379.460000 194.975000 1.496900 3.758800 1.569300 18.973362 -1.871234 -1.674643 0.013200
139 33 Car 0 0 0.173070 349.220000 114.118000 379.460000 194.975000 1.447600 3.622300 1.568300 37.483676 8.940116 -1.479553 1.591200
139 34 Car 0 0 1.993216 349.220000 114.118000 379.460000 194.975000 1.403000 3.856500 1.536300 23.712624 -1.707894 -1.619828 0.000500
139 35 Car 0 0 1.565554 349.220000 114.118000 379.460000 194.975000 1.542500 3.634500 1.584700 32.436328 -1.490429 -1.576263 0.118400
