6 0 Car 0 0 0.000000 349.220000 114.118000 379.460000 194.975000 1.489400 4.039900 1.620500 -47.325379 -1.568842 -1.018039 -0.380600
9 1 Car 0 0 7.628553 349.220000 114.118000 379.460000 194.975000 1.511200 4.324700 1.654600 58.697214 4.668367 -1.274543 2.972500
10 1 Car 0 0 7.691857 349.220000 114.118000 379.460000 194.975000 1.543300 4.400000 1.690900 56.849033 5.121079 -1.517124 3.037500
11 1 Car 0 0 7.870039 349.220000 114.118000 379.460000 194.975000 1.520800 4.209000 1.660600 54.869571 5.404559 -0.505609 2.826800
12 1 Car 0 0 8.101328 349.220000 114.118000 379.460000 194.975000 1.500000 3.856900 1.571200 52.779734 5.567776 -0.714202 2.911800
13 1 Car 0 0 8.167405 349.220000 114.118000 379.460000 194.975000 1.532200 4.129200 1.645500 50.756788 6.085992 -1.481118 2.906200
14 1 Car 0 0 8.304768 349.220000 114.118000 379.460000 194.975000 1.487300 4.109600 1.624400 48.744663 6.442730 -1.378453 2.922000
14 2 Car 0 0 3.398145 349.220000 114.118000 379.460000 194.975000 1.476600 3.801600 1.588200 50.825966 -8.090228 -1.360080 -0.105700
15 1 Car 0 0 8.425545 349.220000 114.118000 379.460000 194.975000 1.445900 4.037200 1.595500 46.720091 6.837509 -1.370116 2.929100
15 2 Car 0 0 2.986067 349.220000 114.118000 379.460000 194.975000 1.460800 3.912400 1.586200 49.742865 -7.838453 -1.244261 -0.162100
16 1 Car 0 0 8.569189 349.220000 114.118000 379.460000 194.975000 1.461600 3.875700 1.564300 44.546615 7.282356 -1.370890 2.921400
16 2 Car 0 0 2.532851 349.220000 114.118000 379.460000 194.975000 1.445200 3.877100 1.585100 48.601065 -7.536399 -1.320871 -0.135400
17 1 Car 0 0 8.490261 349.220000 114.118000 379.460000 194.975000 1.443000 4.115100 1.610300 42.640183 7.653758 -1.354054 2.927400
17 2 Car 0 0 1.953731 349.220000 114.118000 379.460000 194.975000 1.541200 4.036100 1.646200 47.593526 -7.292387 -1.418958 -0.094200
18 1 Car 0 0 8.582228 349.220000 114.118000 379.460000 194.975000 1.368500 4.129500 1.574900 40.590330 8.106075 -0.761394 2.993700
18 2 Car 0 0 1.408565 349.220000 114.118000 379.460000 194.975000 1.526200 4.091200 1.649600 46.513587 -7.094248 -0.584814 -0.131500
19 1 Car 0 0 8.492026 349.220000 114.118000 379.460000 194.975000 1.435000 4.119600 1.617100 38.573722 8.444235 -1.436270 2.965300
19 2 Car 0 0 0.944686 349.220000 114.118000 379.460000 194.975000 1.518200 3.938200 1.632700 45.324670 -6.903136 -1.312212 -0.152700
20 1 Car 0 0 8.552026 349.220000 114.118000 379.460000 194.975000 1.361000 4.060400 1.557200 36.521455 8.726268 -1.403761 3.009500
20 2 Car 0 0 0.718575 349.220000 114.118000 379.460000 194.975000 1.474200 4.023800 1.618100 44.284022 -6.677469 -1.277752 -0.109800
21 1 Car 0 0 8.661962 349.220000 114.118000 379.460000 194.975000 1.344200 3.888500 1.532400 34.386846 9.037544 -1.385416 3.003900
21 2 Car 0 0 0.410877 349.220000 114.118000 379.460000 194.975000 1.499900 3.801100 1.600200 43.114047 -6.511452 -1.377463 -0.099600
22 1 Car 0 0 8.531501 349.220000 114.118000 379.460000 194.975000 1.408700 4.213000 1.618000 32.446381 9.372362 -1.002822 3.005000
22 2 Car 0 0 0.338960 349.220000 114.118000 379.460000 194.975000 1.539400 3.891800 1.630500 42.016436 -6.203733 -0.839312 -0.146900
23 1 Car 0 0 8.500029 349.220000 114.118000 379.460000 194.975000 1.408300 4.094400 1.597300 30.510855 9.638352 -1.494755 3.029100
23 2 Car 0 0 0.172635 349.220000 114.118000 379.460000 194.975000 1.383400 3.809100 1.537100 40.953344 -5.996197 -1.426382 -0.139800
24 1 Car 0 0 8.440478 349.220000 114.118000 379.460000 194.975000 1.405200 4.073600 1.592100 28.518029 9.865101 -1.437048 3.022200
24 2 Car 0 0 -0.002107 349.220000 114.118000 379.460000 194.975000 1.437600 4.103800 1.604300 39.935597 -5.751958 -1.430674 -0.122300
25 1 Car 0 0 8.442923 349.220000 114.118000 379.460000 194.975000 1.451600 4.251100 1.598200 26.561397 10.058520 -1.405752 3.057600
25 2 Car 0 0 -0.166684 349.220000 114.118000 379.460000 194.975000 1.450900 4.129800 1.589600 38.932412 -5.574798 -1.361364 -0.119700
26 1 Car 0 0 8.408190 349.220000 114.118000 379.460000 194.975000 1.440700 4.239600 1.628800 24.662825 10.287949 -1.380674 3.039900
26 2 Car 0 0 -0.186483 349.220000 114.118000 379.460000 194.975000 1.453300 4.183900 1.623900 37.868043 -5.363355 -1.312372 -0.067700
27 1 Car 0 0 8.403889 349.220000 114.118000 379.460000 194.975000 1.428000 4.254500 1.618400 22.631879 10.498855 -1.393775 3.048900
27 2 Car 0 0 -0.108201 349.220000 114.118000 379.460000 194.975000 1.367500 3.791000 1.538000 36.727646 -5.136429 -1.249582 -0.042400
28 1 Car 0 0 8.407418 349.220000 114.118000 379.460000 194.975000 1.447600 4.181600 1.629800 20.720333 10.654271 -1.413504 3.060200
28 2 Car 0 0 -0.232495 349.220000 114.118000 379.460000 194.975000 1.387100 3.965900 1.551600 35.719652 -5.022032 -1.350262 -0.126800
29 1 Car 0 0 8.341534 349.220000 114.118000 379.460000 194.975000 1.391700 4.198600 1.596700 18.830601 10.743430 -1.217007 3.072900
29 2 Car 0 0 -0.356035 349.220000 114.118000 379.460000 194.975000 1.520800 4.119700 1.662600 34.657057 -4.915226 -0.948675 -0.089400
30 1 Car 0 0 8.368322 349.220000 114.118000 379.460000 194.975000 1.423000 4.155300 1.610200 16.923795 10.849541 -1.565444 3.083400
30 2 Car 0 0 -0.474610 349.220000 114.118000 379.460000 194.975000 1.429600 4.114900 1.577400 33.729009 -4.843877 -1.411469 -0.126300
31 1 Car 0 0 8.372740 349.220000 114.118000 379.460000 194.975000 1.452000 4.235900 1.647800 15.066990 10.991688 -1.605070 3.077400
31 2 Car 0 0 -0.462314 349.220000 114.118000 379.460000 194.975000 1.399000 4.063300 1.544900 32.740242 -4.741835 -1.435058 -0.058200
32 1 Car 0 0 8.348153 349.220000 114.118000 379.460000 194.975000 1.492300 3.965400 1.602300 13.289274 11.093102 -1.605196 3.072600
32 2 Car 0 0 -0.388805 349.220000 114.118000 379.460000 194.975000 1.410000 4.161600 1.595800 31.806017 -4.615752 -1.296967 -0.026400
33 1 Car 0 0 8.299269 349.220000 114.118000 379.460000 194.975000 1.467500 3.650200 1.544500 11.477241 11.089139 -1.566927 3.119400
33 2 Car 0 0 -0.284293 349.220000 114.118000 379.460000 194.975000 1.466300 4.011700 1.609000 30.733092 -4.502297 -1.312763 -0.022500
34 2 Car 0 0 -0.323749 349.220000 114.118000 379.460000 194.975000 1.483700 4.382600 1.651900 29.976575 -4.429308 -0.852895 -0.095100
34 1 Car 0 0 8.299269 349.220000 114.118000 379.460000 194.975000 1.467500 3.650200 1.544500 10.528024 11.121674 -1.566927 3.119400
35 2 Car 0 0 -0.281867 349.220000 114.118000 379.460000 194.975000 1.430300 3.884200 1.558600 28.907857 -4.398635 -1.410371 -0.086400
36 2 Car 0 0 -0.342358 349.220000 114.118000 379.460000 194.975000 1.423200 4.131100 1.628200 27.915623 -4.384803 -1.399645 -0.050900
37 2 Car 0 0 -0.248123 349.220000 114.118000 379.460000 194.975000 1.432400 4.003200 1.629100 27.022052 -4.313146 -1.525645 -0.064600
38 2 Car 0 0 -0.143395 349.220000 114.118000 379.460000 194.975000 1.376100 3.968500 1.538900 26.061799 -4.220684 -1.077605 -0.047100
39 2 Car 0 0 -0.183305 349.220000 114.118000 379.460000 194.975000 1.433900 3.927400 1.631800 25.147233 -4.212805 -1.534501 -0.064900
40 2 Car 0 0 -0.278434 349.220000 114.118000 379.460000 194.975000 1.432000 3.972900 1.601600 24.236700 -4.203028 -1.170612 -0.075500
40 3 Car 0 0 4.745777 349.220000 114.118000 379.460000 194.975000 1.385700 3.953800 1.561500 56.651508 -12.480725 -0.380087 1.464000
41 2 Car 0 0 -0.254175 349.220000 114.118000 379.460000 194.975000 1.443100 4.105100 1.609700 23.441970 -4.142287 -1.447994 -0.021300
41 3 Car 0 0 5.009775 349.220000 114.118000 379.460000 194.975000 1.469300 3.991500 1.585800 55.813785 -11.886282 -0.977714 1.522900
42 2 Car 0 0 -0.257037 349.220000 114.118000 379.460000 194.975000 1.460300 4.037700 1.632800 22.614377 -4.122146 -1.435706 -0.056200
42 3 Car 0 0 5.505843 349.220000 114.118000 379.460000 194.975000 1.507400 4.205700 1.643300 54.981081 -11.204680 -1.018979 1.471800
43 2 Car 0 0 -0.237871 349.220000 114.118000 379.460000 194.975000 1.476800 4.042400 1.644200 21.737084 -4.093992 -1.481969 -0.054700
43 3 Car 0 0 5.505843 349.220000 114.118000 379.460000 194.975000 1.507400 4.205700 1.643300 54.174803 -11.099898 -1.018979 1.471800
43 4 Car 0 0 0.000000 349.220000 114.118000 379.460000 194.975000 1.555600 3.743500 1.553200 -85.677093 -9.884265 -0.333891 1.393900
44 2 Car 0 0 -0.252045 349.220000 114.118000 379.460000 194.975000 1.471700 4.108500 1.652700 20.882642 -4.047394 -1.557474 -0.048100
44 3 Car 0 0 7.175925 349.220000 114.118000 379.460000 194.975000 1.490300 3.834100 1.573500 53.235252 -9.177782 -1.187842 1.688400
45 2 Car 0 0 -0.273099 349.220000 114.118000 379.460000 194.975000 1.387800 4.141900 1.607100 20.144129 -4.018098 -1.522549 -0.060200
45 3 Car 0 0 6.953190 349.220000 114.118000 379.460000 194.975000 1.490300 3.834100 1.573500 52.369101 -8.450060 -1.187842 1.688400
45 5 Car 0 0 4.504318 349.220000 114.118000 379.460000 194.975000 1.463400 4.013100 1.595700 51.292971 -19.646633 -1.081754 1.225100
46 2 Car 0 0 -0.260341 349.220000 114.118000 379.460000 194.975000 1.422100 4.125600 1.638000 19.324556 -3.993213 -1.544033 -0.040900
46 3 Car 0 0 6.175795 349.220000 114.118000 379.460000 194.975000 1.497300 4.127200 1.620100 51.459696 -7.924629 -1.203897 1.739800
46 5 Car 0 0 4.490509 349.220000 114.118000 379.460000 194.975000 1.536800 4.177400 1.642600 50.597172 -19.297354 -1.104658 1.186800
46 6 Car 0 0 0.000000 349.220000 114.118000 379.460000 194.975000 1.425400 3.523900 1.509400 -88.107592 -10.339763 -1.500727 -2.018400
47 2 Car 0 0 -0.299310 349.220000 114.118000 379.460000 194.975000 1.380900 4.232300 1.588600 18.524203 -3.969319 -1.301132 -0.032300
47 3 Car 0 0 6.207560 349.220000 114.118000 379.460000 194.975000 1.410700 3.976900 1.558200 50.360374 -7.255302 -0.674737 1.768700
47 5 Car 0 0 3.997999 349.220000 114.118000 379.460000 194.975000 1.561700 4.190500 1.678600 49.909450 -19.027711 -0.466058 1.267900
48 2 Car 0 0 -0.278338 349.220000 114.118000 379.460000 194.975000 1.378500 4.120400 1.585300 17.756748 -3.938169 -1.515320 -0.053400
48 3 Car 0 0 6.375515 349.220000 114.118000 379.460000 194.975000 1.534300 4.334300 1.688900 49.510822 -6.498534 -1.265249 1.765400
48 5 Car 0 0 4.816713 349.220000 114.118000 379.460000 194.975000 1.577400 3.867500 1.625800 49.390123 -18.310181 -1.080162 1.263800
49 2 Car 0 0 -0.269188 349.220000 114.118000 379.460000 194.975000 1.412200 4.187200 1.617500 16.992825 -3.897499 -1.548931 -0.051000
49 3 Car 0 0 6.612492 349.220000 114.118000 379.460000 194.975000 1.591800 4.093500 1.679200 48.557396 -5.692408 -1.261819 1.909500
49 5 Car 0 0 5.895134 349.220000 114.118000 379.460000 194.975000 1.490400 3.833500 1.588300 48.882245 -17.338601 -1.129554 1.226900
50 2 Car 0 0 -0.240345 349.220000 114.118000 379.460000 194.975000 1.435500 4.226100 1.647600 16.253776 -3.867804 -1.583542 -0.036100
50 3 Car 0 0 6.717454 349.220000 114.118000 379.460000 194.975000 1.563700 4.426200 1.703200 47.543005 -4.951058 -1.227609 1.930200
50 5 Car 0 0 6.467552 349.220000 114.118000 379.460000 194.975000 1.495600 3.738400 1.582900 48.383702 -16.446917 -1.061155 1.238400
50 7 Car 0 0 0.000000 349.220000 114.118000 379.460000 194.975000 1.537700 3.853200 1.589200 -91.142539 -10.860472 -0.791626 1.368300
51 2 Car 0 0 -0.222121 349.220000 114.118000 379.460000 194.975000 1.429200 3.986100 1.601700 15.533021 -3.844057 -1.556228 -0.021100
51 3 Car 0 0 6.900196 349.220000 114.118000 379.460000 194.975000 1.537200 4.095900 1.652000 46.559458 -4.154240 -1.267191 1.967300
51 5 Car 0 0 6.144937 349.220000 114.118000 379.460000 194.975000 1.610600 4.115900 1.663200 47.834307 -15.955865 -1.154617 1.351600
52 2 Car 0 0 -0.263095 349.220000 114.118000 379.460000 194.975000 1.412900 4.168800 1.593500 14.891893 -3.814798 -1.565859 -0.033200
52 3 Car 0 0 7.063260 349.220000 114.118000 379.460000 194.975000 1.511300 4.291700 1.658100 45.579295 -3.339644 -1.288667 2.139900
52 5 Car 0 0 5.957675 349.220000 114.118000 379.460000 194.975000 1.537700 3.983700 1.625400 47.222296 -15.413147 -1.135836 1.371900
53 2 Car 0 0 -0.229709 349.220000 114.118000 379.460000 194.975000 1.433300 4.309200 1.620000 14.268777 -3.770519 -1.582713 -0.022200
53 3 Car 0 0 7.206016 349.220000 114.118000 379.460000 194.975000 1.616800 4.336300 1.732300 44.613826 -2.526331 -1.323372 2.129300
53 5 Car 0 0 5.944537 349.220000 114.118000 379.460000 194.975000 1.529800 4.089200 1.631000 46.662546 -14.753152 -1.150373 1.372200
53 8 Car 0 0 5.696704 349.220000 114.118000 379.460000 194.975000 1.496500 3.719100 1.551700 44.181012 12.512344 -1.448725 -1.739600
54 2 Car 0 0 -0.267681 349.220000 114.118000 379.460000 194.975000 1.418500 4.033300 1.602100 13.569137 -3.781294 -1.563660 -0.041800
54 3 Car 0 0 7.299614 349.220000 114.118000 379.460000 194.975000 1.508600 4.143800 1.658400 43.380746 -1.820434 -1.381781 2.122400
54 5 Car 0 0 6.117477 349.220000 114.118000 379.460000 194.975000 1.500100 3.743300 1.588600 46.129708 -14.006876 -1.103354 1.395700
54 8 Car 0 0 5.924283 349.220000 114.118000 379.460000 194.975000 1.409600 3.599900 1.525200 43.506658 12.004305 -1.422482 -1.697200
55 2 Car 0 0 -0.296685 349.220000 114.118000 379.460000 194.975000 1.451100 4.161400 1.638100 12.907595 -3.767566 -1.614902 -0.053100
55 3 Car 0 0 7.328698 349.220000 114.118000 379.460000 194.975000 1.528300 3.965300 1.623400 42.247248 -1.118593 -1.376821 2.129200
55 5 Car 0 0 6.041750 349.220000 114.118000 379.460000 194.975000 1.638100 4.184500 1.689200 45.572238 -13.368416 -1.169485 1.424700
55 8 Car 0 0 6.160639 349.220000 114.118000 379.460000 194.975000 1.409600 3.599900 1.525200 43.130252 11.498134 -1.422482 -1.697200
55 9 Car 0 0 0.000000 349.220000 114.118000 379.460000 194.975000 1.588000 4.282800 1.646200 -94.407383 -11.560219 -1.541529 2.794600
55 10 Car 0 0 1.876543 349.220000 114.118000 379.460000 194.975000 1.475100 4.310300 1.640600 43.699314 -23.482680 -1.117815 1.282300
56 2 Car 0 0 -0.307552 349.220000 114.118000 379.460000 194.975000 1.445100 4.219900 1.611100 12.323247 -3.750692 -1.609452 -0.049600
56 3 Car 0 0 7.426266 349.220000 114.118000 379.460000 194.975000 1.360900 3.864100 1.523900 41.173403 -0.373033 -1.326231 2.202700
56 5 Car 0 0 5.970177 349.220000 114.118000 379.460000 194.975000 1.599200 3.991900 1.667000 45.007625 -12.721103 -1.118946 1.453500
56 8 Car 0 0 6.056812 349.220000 114.118000 379.460000 194.975000 1.467600 3.674300 1.565500 42.371231 11.061613 -1.461971 -1.553500
56 10 Car 0 0 1.984148 349.220000 114.118000 379.460000 194.975000 1.456400 4.237300 1.619200 43.109335 -23.268624 -1.230157 1.309700
57 2 Car 0 0 -0.240530 349.220000 114.118000 379.460000 194.975000 1.476400 4.111200 1.618400 11.703777 -3.713912 -1.616803 -0.021000
57 3 Car 0 0 7.454576 349.220000 114.118000 379.460000 194.975000 1.423600 4.090000 1.605600 40.067434 0.295580 -1.356830 2.218600
57 5 Car 0 0 5.949777 349.220000 114.118000 379.460000 194.975000 1.562400 4.189200 1.679000 44.468294 -12.063635 -1.171212 1.514900
57 8 Car 0 0 6.363223 349.220000 114.118000 379.460000 194.975000 1.449900 3.852500 1.576000 41.942181 10.493785 -1.505334 -1.556300
57 10 Car 0 0 1.412759 349.220000 114.118000 379.460000 194.975000 1.456400 4.237300 1.619200 42.547398 -23.198320 -1.230157 1.309700
57 11 Car 0 0 3.065738 349.220000 114.118000 379.460000 194.975000 1.540900 3.902300 1.609400 43.427097 35.508807 -2.149905 3.111600
58 2 Car 0 0 -0.245788 349.220000 114.118000 379.460000 194.975000 1.380700 4.050300 1.567700 11.060204 -3.711940 -1.559040 -0.057100
58 3 Car 0 0 7.522388 349.220000 114.118000 379.460000 194.975000 1.340600 3.961800 1.531100 38.966656 1.008370 -1.299453 2.305000
58 5 Car 0 0 6.016056 349.220000 114.118000 379.460000 194.975000 1.540700 3.932600 1.621300 43.910256 -11.368862 -1.123293 1.529500
58 8 Car 0 0 6.136288 349.220000 114.118000 379.460000 194.975000 1.412900 3.840100 1.565200 41.302268 10.022531 -1.564529 -1.519500
58 10 Car 0 0 1.963155 349.220000 114.118000 379.460000 194.975000 1.498500 4.255600 1.657600 42.063619 -22.845901 -1.051902 1.244200
58 11 Car 0 0 3.065738 349.220000 114.118000 379.460000 194.975000 1.540900 3.902300 1.609400 42.749899 35.589195 -2.149905 3.111600
59 2 Car 0 0 -0.204960 349.220000 114.118000 379.460000 194.975000 1.390900 4.033100 1.570100 10.528362 -3.677607 -1.609828 -0.033100
59 3 Car 0 0 7.573282 349.220000 114.118000 379.460000 194.975000 1.396100 4.108000 1.578400 37.865129 1.680531 -1.319585 2.306600
59 5 Car 0 0 5.954175 349.220000 114.118000 379.460000 194.975000 1.570300 4.084600 1.674700 43.331383 -10.722402 -1.121535 1.583200
59 8 Car 0 0 6.093091 349.220000 114.118000 379.460000 194.975000 1.334000 3.467300 1.457300 40.774753 9.525590 -1.493761 -1.392500
59 10 Car 0 0 1.963155 349.220000 114.118000 379.460000 194.975000 1.498500 4.255600 1.657600 41.566971 -22.762617 -1.051902 1.244200
59 12 Car 0 0 3.837662 349.220000 114.118000 379.460000 194.975000 1.527800 3.945600 1.602600 42.474089 20.191902 -1.537345 -2.103200
60 2 Car 0 0 -0.243044 349.220000 114.118000 379.460000 194.975000 1.466300 4.126600 1.623500 10.024391 -3.673990 -1.625085 -0.030700
60 3 Car 0 0 7.645691 349.220000 114.118000 379.460000 194.975000 1.413900 4.029100 1.607800 36.767031 2.355704 -1.357269 2.373300
60 5 Car 0 0 5.967085 349.220000 114.118000 379.460000 194.975000 1.560500 4.141700 1.655600 42.751600 -10.059408 -1.161526 1.613900
60 8 Car 0 0 6.316102 349.220000 114.118000 379.460000 194.975000 1.378800 3.425900 1.481600 40.388617 8.956281 -1.508535 -1.380900
60 12 Car 0 0 4.079815 349.220000 114.118000 379.460000 194.975000 1.452100 3.858100 1.579100 41.601988 19.928489 -1.499992 -1.982500
61 2 Car 0 0 -0.281140 349.220000 114.118000 379.460000 194.975000 1.505600 4.008200 1.659400 9.502315 -3.664729 -1.668568 -0.037000
61 3 Car 0 0 7.677199 349.220000 114.118000 379.460000 194.975000 1.420100 4.062600 1.595800 35.612493 2.993610 -1.320058 2.394100
61 5 Car 0 0 6.063425 349.220000 114.118000 379.460000 194.975000 1.548800 4.232900 1.683800 42.182919 -9.355158 -1.134419 1.633700
61 12 Car 0 0 4.282823 349.220000 114.118000 379.460000 194.975000 1.486700 3.930800 1.602100 40.868120 19.626581 -1.481269 -2.154200
61 8 Car 0 0 6.316102 349.220000 114.118000 379.460000 194.975000 1.378800 3.425900 1.481600 39.816942 9.034660 -1.508535 -1.380900
62 2 Car 0 0 -0.276296 349.220000 114.118000 379.460000 194.975000 1.481000 4.065400 1.628100 9.001381 -3.656880 -1.530996 -0.055300
62 3 Car 0 0 7.743124 349.220000 114.118000 379.460000 194.975000 1.414500 4.093000 1.595700 34.419646 3.588189 -0.787907 2.452300
62 5 Car 0 0 6.189856 349.220000 114.118000 379.460000 194.975000 1.490900 4.021600 1.617600 41.601394 -8.646841 -0.454620 1.701700
62 12 Car 0 0 4.293604 349.220000 114.118000 379.460000 194.975000 1.580100 3.846700 1.560900 40.121878 19.383858 -0.802774 -2.094300
62 8 Car 0 0 6.536634 349.220000 114.118000 379.460000 194.975000 1.378800 3.425900 1.481600 40.070591 7.921019 -1.508535 -1.380900
63 2 Car 0 0 -0.243560 349.220000 114.118000 379.460000 194.975000 1.393900 4.198600 1.598900 8.538267 -3.634191 -1.636189 -0.045600
63 3 Car 0 0 7.759472 349.220000 114.118000 379.460000 194.975000 1.343400 4.024900 1.544500 33.244998 4.118367 -1.368903 2.492500
63 5 Car 0 0 6.361428 349.220000 114.118000 379.460000 194.975000 1.574300 4.086800 1.638900 40.989859 -7.910378 -1.187808 1.729900
63 12 Car 0 0 4.630887 349.220000 114.118000 379.460000 194.975000 1.580100 3.846700 1.560900 39.345302 18.965021 -0.802774 -2.094300
63 8 Car 0 0 6.536634 349.220000 114.118000 379.460000 194.975000 1.378800 3.425900 1.481600 39.581363 7.989982 -1.508535 -1.380900
64 2 Car 0 0 -0.271011 349.220000 114.118000 379.460000 194.975000 1.419600 4.330100 1.621100 8.149811 -3.616299 -1.687995 -0.053000
64 3 Car 0 0 7.818745 349.220000 114.118000 379.460000 194.975000 1.395500 3.993700 1.574400 32.020919 4.689661 -1.445185 2.542600
64 5 Car 0 0 6.454800 349.220000 114.118000 379.460000 194.975000 1.630500 4.098600 1.651400 40.341416 -7.202676 -1.245986 1.759400
64 12 Car 0 0 4.377354 349.220000 114.118000 379.460000 194.975000 1.446400 3.752500 1.547500 38.645603 18.742354 -1.593245 -2.079600
64 13 Car 0 0 0.000000 349.220000 114.118000 379.460000 194.975000 1.490600 3.959100 1.610500 -99.075105 -13.042667 -1.304423 2.757300
64 14 Car 0 0 8.345853 349.220000 114.118000 379.460000 194.975000 1.473700 4.307800 1.631500 40.284560 -18.062852 -1.235838 1.361100
65 2 Car 0 0 -0.250686 349.220000 114.118000 379.460000 194.975000 1.386300 4.059900 1.585100 7.640921 -3.631493 -1.647340 -0.051800
65 3 Car 0 0 7.819119 349.220000 114.118000 379.460000 194.975000 1.487900 4.070400 1.628300 30.947797 5.209885 -1.489725 2.515500
65 5 Car 0 0 6.552752 349.220000 114.118000 379.460000 194.975000 1.656800 4.128500 1.630600 39.735836 -6.493133 -1.299760 1.796400
65 12 Car 0 0 4.227723 349.220000 114.118000 379.460000 194.975000 1.532900 4.095400 1.622200 38.097565 18.466557 -1.508052 -2.079200
65 14 Car 0 0 8.266660 349.220000 114.118000 379.460000 194.975000 1.511900 4.570800 1.684800 39.937605 -17.580452 -1.331502 1.323400
66 2 Car 0 0 -0.172718 349.220000 114.118000 379.460000 194.975000 1.403500 4.054900 1.592600 7.171173 -3.614803 -1.664717 -0.049700
66 3 Car 0 0 7.891324 349.220000 114.118000 379.460000 194.975000 1.437000 4.111300 1.600000 29.719241 5.724118 -1.429997 2.587600
66 5 Car 0 0 6.681723 349.220000 114.118000 379.460000 194.975000 1.687700 4.027300 1.648900 39.096444 -5.776039 -1.303951 1.802000
66 12 Car 0 0 4.398933 349.220000 114.118000 379.460000 194.975000 1.444700 3.719700 1.554600 37.364787 18.068155 -1.565398 -2.002000
66 14 Car 0 0 8.224950 349.220000 114.118000 379.460000 194.975000 1.502700 4.158600 1.622300 39.688337 -16.836491 -1.429323 1.334700
67 2 Car 0 0 -0.093483 349.220000 114.118000 379.460000 194.975000 1.405500 4.141400 1.571600 6.777191 -3.566873 -1.565943 -0.067300
67 3 Car 0 0 7.981214 349.220000 114.118000 379.460000 194.975000 1.352200 4.128400 1.568800 28.451505 6.297975 -1.064825 2.616300
67 5 Car 0 0 6.859337 349.220000 114.118000 379.460000 194.975000 1.670700 4.171100 1.680000 38.429318 -5.019377 -0.693374 1.885800
67 12 Car 0 0 4.285246 349.220000 114.118000 379.460000 194.975000 1.445700 3.807500 1.557000 36.694028 17.803623 -1.024688 -1.978400
67 14 Car 0 0 7.678850 349.220000 114.118000 379.460000 194.975000 1.471500 4.337200 1.627200 39.376318 -16.161569 -0.688866 1.346500
67 8 Car 0 0 6.409799 349.220000 114.118000 379.460000 194.975000 1.378800 3.425900 1.481600 39.161009 5.519933 -1.508535 -1.380900
68 2 Car 0 0 -0.072777 349.220000 114.118000 379.460000 194.975000 1.449800 3.930500 1.569900 6.313503 -3.577070 -1.686394 -0.053300
68 3 Car 0 0 8.076054 349.220000 114.118000 379.460000 194.975000 1.433400 3.699200 1.532500 27.114118 6.752820 -1.452932 2.698700
68 5 Car 0 0 6.868975 349.220000 114.118000 379.460000 194.975000 1.679800 4.155200 1.682200 37.740437 -4.350259 -1.342230 1.924900
68 12 Car 0 0 4.271881 349.220000 114.118000 379.460000 194.975000 1.544900 3.800200 1.576200 36.203935 17.433565 -1.579805 -1.950000
68 14 Car 0 0 6.873636 349.220000 114.118000 379.460000 194.975000 1.586700 4.421200 1.673900 39.087415 -15.679334 -1.331657 1.374400
68 8 Car 0 0 6.405131 349.220000 114.118000 379.460000 194.975000 1.378800 3.425900 1.481600 39.096567 5.033421 -1.508535 -1.380900
69 2 Car 0 0 -0.103712 349.220000 114.118000 379.460000 194.975000 1.457000 4.215700 1.582300 6.010128 -3.559042 -1.701595 -0.051900
69 3 Car 0 0 8.125694 349.220000 114.118000 379.460000 194.975000 1.419600 3.972500 1.573500 25.778774 7.114218 -1.478467 2.734600
69 5 Car 0 0 6.887182 349.220000 114.118000 379.460000 194.975000 1.776900 4.039200 1.630600 37.048464 -3.682670 -1.414330 1.959400
69 12 Car 0 0 4.305699 349.220000 114.118000 379.460000 194.975000 1.531900 3.923800 1.607600 35.664085 17.037626 -1.546882 -1.979900
69 14 Car 0 0 6.381647 349.220000 114.118000 379.460000 194.975000 1.457300 4.550700 1.668200 38.771552 -15.209258 -1.275075 1.380100
69 8 Car 0 0 6.423668 349.220000 114.118000 379.460000 194.975000 1.378800 3.425900 1.481600 38.994391 4.512033 -1.508535 -1.380900
70 2 Car 0 0 -0.082096 349.220000 114.118000 379.460000 194.975000 1.461300 4.268100 1.606300 5.603526 -3.564583 -1.659890 -0.054700
70 3 Car 0 0 8.221579 349.220000 114.118000 379.460000 194.975000 1.390900 3.511400 1.492300 24.472212 7.548191 -1.481745 2.773600
70 5 Car 0 0 6.846033 349.220000 114.118000 379.460000 194.975000 1.688400 4.002500 1.608100 36.388892 -3.067399 -1.368454 1.983200
70 12 Car 0 0 4.424132 349.220000 114.118000 379.460000 194.975000 1.422500 3.714000 1.533500 35.134201 16.586675 -1.521159 -1.952500
70 14 Car 0 0 6.033706 349.220000 114.118000 379.460000 194.975000 1.471700 4.458600 1.650400 38.463551 -14.756469 -1.301967 1.383800
70 8 Car 0 0 6.563187 349.220000 114.118000 379.460000 194.975000 1.378800 3.425900 1.481600 38.908229 3.856612 -1.508535 -1.380900
71 2 Car 0 0 -0.160821 349.220000 114.118000 379.460000 194.975000 1.461600 3.853300 1.555600 5.349297 -3.567230 -1.648892 -0.067000
71 3 Car 0 0 8.288683 349.220000 114.118000 379.460000 194.975000 1.422700 3.956000 1.573100 23.124433 7.827782 -1.502309 2.797500
71 5 Car 0 0 6.873777 349.220000 114.118000 379.460000 194.975000 1.640600 3.997300 1.604000 35.678388 -2.462145 -1.314539 2.050700
71 12 Car 0 0 4.341544 349.220000 114.118000 379.460000 194.975000 1.471900 3.826500 1.547300 34.693211 16.216528 -1.495386 -1.909500
71 14 Car 0 0 5.929204 349.220000 114.118000 379.460000 194.975000 1.515600 4.434600 1.675500 38.140565 -14.214718 -1.303793 1.419400
71 8 Car 0 0 6.890367 349.220000 114.118000 379.460000 194.975000 1.378800 3.425900 1.481600 38.869855 3.046450 -1.508535 -1.380900
72 2 Car 0 0 -0.259479 349.220000 114.118000 379.460000 194.975000 1.483700 4.038700 1.579000 5.045586 -3.590470 -1.662267 -0.057300
72 3 Car 0 0 8.355457 349.220000 114.118000 379.460000 194.975000 1.416600 3.945000 1.595900 21.758710 8.076538 -1.475955 2.841800
72 5 Car 0 0 6.967862 349.220000 114.118000 379.460000 194.975000 1.625000 3.969500 1.571200 34.966000 -1.825565 -1.319182 2.087700
72 12 Car 0 0 4.231354 349.220000 114.118000 379.460000 194.975000 1.510100 4.146700 1.620300 34.351865 15.861483 -1.446479 -1.896400
72 14 Car 0 0 5.884381 349.220000 114.118000 379.460000 194.975000 1.404600 4.376400 1.615500 37.784651 -13.650469 -1.243505 1.433900
72 8 Car 0 0 7.056437 349.220000 114.118000 379.460000 194.975000 1.378800 3.425900 1.481600 38.827519 2.348012 -1.508535 -1.380900
73 2 Car 0 0 -0.200342 349.220000 114.118000 379.460000 194.975000 1.435800 4.037200 1.563600 4.621131 -3.601329 -1.578210 -0.053000
73 3 Car 0 0 8.434752 349.220000 114.118000 379.460000 194.975000 1.364200 4.031400 1.576800 20.439991 8.384780 -1.228377 2.897000
73 5 Car 0 0 7.111285 349.220000 114.118000 379.460000 194.975000 1.621300 3.948600 1.570200 34.218877 -1.186106 -0.792592 2.128100
73 12 Car 0 0 4.171215 349.220000 114.118000 379.460000 194.975000 1.510100 4.146700 1.620300 33.931750 15.486629 -1.446479 -1.896400
73 14 Car 0 0 5.982611 349.220000 114.118000 379.460000 194.975000 1.499400 4.404200 1.668900 37.522694 -13.033249 -0.660102 1.485700
73 8 Car 0 0 7.017592 349.220000 114.118000 379.460000 194.975000 1.378800 3.425900 1.481600 38.889324 1.791816 -1.508535 -1.380900
74 2 Car 0 0 -0.232621 349.220000 114.118000 379.460000 194.975000 1.434500 3.603700 1.493400 4.489904 -3.568810 -1.656319 -0.046100
74 3 Car 0 0 8.514961 349.220000 114.118000 379.460000 194.975000 1.425300 3.916900 1.573500 19.086685 8.607061 -1.496383 2.931300
74 5 Car 0 0 7.100720 349.220000 114.118000 379.460000 194.975000 1.548600 4.011400 1.619000 33.470246 -0.608967 -1.368767 2.187900
74 14 Car 0 0 6.009432 349.220000 114.118000 379.460000 194.975000 1.418200 4.264800 1.615700 37.217261 -12.433960 -1.270346 1.497800
74 8 Car 0 0 6.910001 349.220000 114.118000 379.460000 194.975000 1.378800 3.425900 1.481600 39.021101 1.302924 -1.508535 -1.380900
74 12 Car 0 0 4.171215 349.220000 114.118000 379.460000 194.975000 1.510100 4.146700 1.620300 33.628390 15.489912 -1.446479 -1.896400
75 2 Car 0 0 -0.305071 349.220000 114.118000 379.460000 194.975000 1.440300 4.172700 1.620900 4.122784 -3.617268 -1.706011 -0.004400
75 3 Car 0 0 8.590985 349.220000 114.118000 379.460000 194.975000 1.439200 3.935600 1.588800 17.710795 8.766794 -1.512673 2.961500
75 5 Car 0 0 7.060846 349.220000 114.118000 379.460000 194.975000 1.635400 4.078800 1.637600 32.727939 -0.051578 -1.447114 2.203300
75 14 Car 0 0 5.836195 349.220000 114.118000 379.460000 194.975000 1.459900 4.351400 1.645200 36.902829 -11.914533 -1.269952 1.563800
75 8 Car 0 0 6.910001 349.220000 114.118000 379.460000 194.975000 1.378800 3.425900 1.481600 38.700030 1.303095 -1.508535 -1.380900
75 12 Car 0 0 4.347405 349.220000 114.118000 379.460000 194.975000 1.449000 3.910100 1.556500 33.296275 14.568707 -1.455941 -1.712300
76 2 Car 0 0 -0.242912 349.220000 114.118000 379.460000 194.975000 1.337100 4.003600 1.562000 3.819858 -3.594600 -1.702052 -0.063800
76 3 Car 0 0 8.672074 349.220000 114.118000 379.460000 194.975000 1.375100 4.054000 1.595200 16.360323 8.888369 -1.538637 2.994300
76 5 Car 0 0 7.138869 349.220000 114.118000 379.460000 194.975000 1.619200 4.062200 1.636500 31.976055 0.555644 -1.423544 2.244500
76 14 Car 0 0 5.639190 349.220000 114.118000 379.460000 194.975000 1.390800 4.429700 1.633300 36.588494 -11.437689 -1.248084 1.569700
76 12 Car 0 0 4.222646 349.220000 114.118000 379.460000 194.975000 1.534200 3.981000 1.601800 32.995455 14.189311 -1.506670 -1.679200
77 2 Car 0 0 -0.115309 349.220000 114.118000 379.460000 194.975000 1.395800 3.933300 1.570200 3.473698 -3.542148 -1.663618 -0.096300
77 3 Car 0 0 8.755936 349.220000 114.118000 379.460000 194.975000 1.369700 3.908600 1.546100 15.004166 8.995867 -1.548555 3.016500
77 5 Car 0 0 7.227535 349.220000 114.118000 379.460000 194.975000 1.574200 4.051200 1.602300 31.162056 1.150946 -1.383114 2.292400
77 14 Car 0 0 5.445314 349.220000 114.118000 379.460000 194.975000 1.441700 4.549900 1.655100 36.268140 -10.987338 -1.225285 1.601100
77 12 Car 0 0 4.157849 349.220000 114.118000 379.460000 194.975000 1.484500 3.736100 1.572100 32.734205 13.818607 -1.464097 -1.615600
78 2 Car 0 0 0.023697 349.220000 114.118000 379.460000 194.975000 1.390500 3.794000 1.550500 3.177378 -3.462326 -1.668913 -0.147100
78 3 Car 0 0 8.837678 349.220000 114.118000 379.460000 194.975000 1.432200 3.970000 1.590200 13.632784 9.064221 -1.571809 3.054500
78 5 Car 0 0 7.315958 349.220000 114.118000 379.460000 194.975000 1.546900 4.058600 1.610000 30.320252 1.745085 -1.385340 2.322400
78 14 Car 0 0 5.529173 349.220000 114.118000 379.460000 194.975000 1.406100 4.490000 1.641400 35.928302 -10.397625 -1.224330 1.678700
78 12 Car 0 0 4.193720 349.220000 114.118000 379.460000 194.975000 1.554400 3.870600 1.641100 32.534588 13.413513 -1.560171 -1.585800
78 8 Car 0 0 6.947800 349.220000 114.118000 379.460000 194.975000 1.378800 3.425900 1.481600 39.954307 -0.712265 -1.508535 -1.380900
79 3 Car 0 0 8.914850 349.220000 114.118000 379.460000 194.975000 1.484700 3.881500 1.581000 12.303442 9.152624 -1.621076 3.061200
79 5 Car 0 0 7.299566 349.220000 114.118000 379.460000 194.975000 1.623600 4.041700 1.593200 29.541496 2.265823 -1.426067 2.362900
79 14 Car 0 0 5.653975 349.220000 114.118000 379.460000 194.975000 1.474000 4.257800 1.641400 35.648426 -9.777437 -1.330870 1.694900
79 12 Car 0 0 4.228635 349.220000 114.118000 379.460000 194.975000 1.503000 3.895500 1.615300 32.376589 13.000941 -1.437368 -1.492700
79 8 Car 0 0 6.972489 349.220000 114.118000 379.460000 194.975000 1.378800 3.425900 1.481600 40.169492 -1.274140 -1.508535 -1.380900
79 2 Car 0 0 0.023697 349.220000 114.118000 379.460000 194.975000 1.390500 3.794000 1.550500 2.937486 -3.461209 -1.668913 -0.147100
80 3 Car 0 0 8.988870 349.220000 114.118000 379.460000 194.975000 1.453600 3.591700 1.527100 10.973825 9.187407 -1.592522 3.114900
80 5 Car 0 0 7.312664 349.220000 114.118000 379.460000 194.975000 1.622900 3.970600 1.599400 28.668896 2.751331 -1.409087 2.400800
80 14 Car 0 0 5.793386 349.220000 114.118000 379.460000 194.975000 1.481400 4.557900 1.668700 35.206615 -9.133363 -1.327983 1.709900
80 12 Car 0 0 4.246812 349.220000 114.118000 379.460000 194.975000 1.522800 3.925900 1.641500 32.260444 12.605231 -1.456963 -1.442000
80 8 Car 0 0 6.999975 349.220000 114.118000 379.460000 194.975000 1.378800 3.425900 1.481600 40.482805 -1.775464 -1.508535 -1.380900
81 3 Car 0 0 9.072780 349.220000 114.118000 379.460000 194.975000 1.464100 3.652000 1.547100 9.649585 9.224879 -1.645299 3.131600
81 5 Car 0 0 7.333266 349.220000 114.118000 379.460000 194.975000 1.606600 3.951100 1.576600 27.818218 3.216014 -1.400698 2.447300
81 14 Car 0 0 5.963753 349.220000 114.118000 379.460000 194.975000 1.477200 4.384100 1.637800 34.801685 -8.466841 -1.263144 1.738800
81 12 Car 0 0 4.332437 349.220000 114.118000 379.460000 194.975000 1.587700 3.932100 1.622900 32.183725 12.184091 -1.459832 -1.356600
81 8 Car 0 0 6.973026 349.220000 114.118000 379.460000 194.975000 1.378800 3.425900 1.481600 40.823990 -2.216955 -1.508535 -1.380900
82 5 Car 0 0 7.332905 349.220000 114.118000 379.460000 194.975000 1.663200 3.977600 1.639300 27.002628 3.627840 -1.102576 2.489700
82 14 Car 0 0 5.896757 349.220000 114.118000 379.460000 194.975000 1.479700 4.523900 1.682500 34.386896 -7.949818 -0.838123 1.791000
82 12 Car 0 0 4.431612 349.220000 114.118000 379.460000 194.975000 1.628200 3.583800 1.627800 32.095249 11.744211 -1.143625 -1.281300
82 8 Car 0 0 7.029231 349.220000 114.118000 379.460000 194.975000 1.378800 3.425900 1.481600 41.174704 -2.745673 -1.508535 -1.380900
82 3 Car 0 0 9.072780 349.220000 114.118000 379.460000 194.975000 1.464100 3.652000 1.547100 9.446399 9.219566 -1.645299 3.131600
82 15 Car 0 0 7.125594 349.220000 114.118000 379.460000 194.975000 1.641000 3.623400 1.595300 33.856743 -20.370560 -0.760142 1.275100
83 5 Car 0 0 7.370858 349.220000 114.118000 379.460000 194.975000 1.654000 3.997200 1.610900 26.112725 4.082100 -1.416261 2.530700
83 14 Car 0 0 6.037849 349.220000 114.118000 379.460000 194.975000 1.533700 4.492400 1.713900 34.030892 -7.316399 -1.312117 1.868800
83 12 Car 0 0 4.358827 349.220000 114.118000 379.460000 194.975000 1.553000 3.366300 1.604700 32.147571 11.385330 -1.449144 -1.185200
83 8 Car 0 0 7.116213 349.220000 114.118000 379.460000 194.975000 1.378800 3.425900 1.481600 41.773738 -3.158680 -1.508535 -1.380900
83 15 Car 0 0 7.272917 349.220000 114.118000 379.460000 194.975000 1.739000 3.864400 1.640700 33.859203 -19.722302 -1.197854 1.282400
84 5 Car 0 0 7.409884 349.220000 114.118000 379.460000 194.975000 1.661300 4.011500 1.604200 25.228856 4.507183 -1.402281 2.575700
84 14 Car 0 0 6.239977 349.220000 114.118000 379.460000 194.975000 1.371000 4.377400 1.625000 33.657351 -6.638644 -1.319814 1.869500
84 12 Car 0 0 4.494852 349.220000 114.118000 379.460000 194.975000 1.550900 3.692200 1.620200 32.213608 10.940632 -1.488329 -1.102400
84 8 Car 0 0 7.225253 349.220000 114.118000 379.460000 194.975000 1.378800 3.425900 1.481600 42.313140 -3.702268 -1.508535 -1.380900
84 15 Car 0 0 7.276991 349.220000 114.118000 379.460000 194.975000 1.755300 3.992300 1.617700 33.833578 -19.136912 -1.173176 1.277200
85 5 Car 0 0 7.462449 349.220000 114.118000 379.460000 194.975000 1.646900 3.982200 1.613400 24.334427 4.966696 -1.423572 2.589000
85 14 Car 0 0 6.423257 349.220000 114.118000 379.460000 194.975000 1.626300 4.627600 1.731400 33.243501 -5.948916 -1.364317 1.898000
85 12 Car 0 0 4.562059 349.220000 114.118000 379.460000 194.975000 1.542900 3.569700 1.605400 32.422090 10.551787 -1.466828 -1.069200
85 8 Car 0 0 7.244159 349.220000 114.118000 379.460000 194.975000 1.378800 3.425900 1.481600 42.943234 -4.003857 -1.508535 -1.380900
85 15 Car 0 0 7.278004 349.220000 114.118000 379.460000 194.975000 1.787300 4.013500 1.613800 33.830650 -18.465854 -1.278411 1.278800
86 5 Car 0 0 7.512348 349.220000 114.118000 379.460000 194.975000 1.688500 4.043800 1.648400 23.395181 5.363011 -1.459546 2.651400
86 14 Car 0 0 6.576869 349.220000 114.118000 379.460000 194.975000 1.584900 4.374000 1.668600 32.804572 -5.270962 -1.378195 1.976400
86 12 Car 0 0 4.460834 349.220000 114.118000 379.460000 194.975000 1.541300 3.562900 1.615100 32.551869 10.229822 -1.444658 -0.963800
86 15 Car 0 0 7.104981 349.220000 114.118000 379.460000 194.975000 1.671400 3.946500 1.615500 33.791457 -17.833688 -1.211309 1.323800
86 8 Car 0 0 7.244159 349.220000 114.118000 379.460000 194.975000 1.378800 3.425900 1.481600 42.767831 -4.013042 -1.508535 -1.380900
87 5 Car 0 0 7.552469 349.220000 114.118000 379.460000 194.975000 1.667000 3.975700 1.631800 22.486310 5.740640 -1.484040 2.685200
87 14 Car 0 0 6.713641 349.220000 114.118000 379.460000 194.975000 1.497900 4.465200 1.694900 32.365775 -4.590763 -1.357279 1.973900
87 12 Car 0 0 4.361331 349.220000 114.118000 379.460000 194.975000 1.523900 3.658400 1.627800 32.752341 9.957859 -1.494058 -0.854400
87 15 Car 0 0 6.950838 349.220000 114.118000 379.460000 194.975000 1.850100 3.961100 1.628500 33.763392 -17.208889 -1.292673 1.349000
88 5 Car 0 0 7.618915 349.220000 114.118000 379.460000 194.975000 1.657000 3.988400 1.631100 21.565880 6.162165 -1.218695 2.690300
88 14 Car 0 0 6.839617 349.220000 114.118000 379.460000 194.975000 1.486400 4.553800 1.694300 31.891932 -3.924785 -0.854106 2.025100
88 15 Car 0 0 6.886350 349.220000 114.118000 379.460000 194.975000 1.790900 4.019400 1.592300 33.697868 -16.564409 -0.669538 1.349900
88 12 Car 0 0 4.361331 349.220000 114.118000 379.460000 194.975000 1.523900 3.658400 1.627800 32.615119 9.953608 -1.494058 -0.854400
89 5 Car 0 0 7.650656 349.220000 114.118000 379.460000 194.975000 1.630400 4.039800 1.618200 20.622593 6.466624 -1.516957 2.742600
89 14 Car 0 0 6.877389 349.220000 114.118000 379.460000 194.975000 1.432700 4.532100 1.684900 31.426816 -3.301559 -1.362970 2.021700
89 15 Car 0 0 6.701981 349.220000 114.118000 379.460000 194.975000 1.770100 4.044100 1.602900 33.651464 -15.978366 -1.209495 1.362600
90 5 Car 0 0 7.699055 349.220000 114.118000 379.460000 194.975000 1.650600 4.077200 1.670400 19.638075 6.707230 -1.541185 2.774600
90 14 Car 0 0 6.831642 349.220000 114.118000 379.460000 194.975000 1.502200 4.512900 1.694500 30.958388 -2.732129 -1.366050 2.062300
90 15 Car 0 0 6.607618 349.220000 114.118000 379.460000 194.975000 1.808400 4.040200 1.626200 33.611126 -15.378164 -1.234279 1.391500
90 12 Car 0 0 4.266950 349.220000 114.118000 379.460000 194.975000 1.523900 3.658400 1.627800 33.286538 9.322225 -1.494058 -0.854400
91 5 Car 0 0 7.776099 349.220000 114.118000 379.460000 194.975000 1.628300 3.861200 1.621600 18.613033 6.982625 -1.551648 2.819800
91 14 Car 0 0 6.870477 349.220000 114.118000 379.460000 194.975000 1.545100 4.463800 1.714700 30.478888 -2.143485 -1.425578 2.073500
91 15 Car 0 0 6.502689 349.220000 114.118000 379.460000 194.975000 1.762600 4.068900 1.614100 33.568717 -14.800652 -1.222232 1.411900
91 12 Car 0 0 4.248258 349.220000 114.118000 379.460000 194.975000 1.486200 3.729500 1.580900 33.634066 9.146890 -1.418532 -0.642900
92 5 Car 0 0 7.847777 349.220000 114.118000 379.460000 194.975000 1.580500 3.731500 1.557900 17.564389 7.230177 -1.509037 2.842800
92 14 Car 0 0 6.968243 349.220000 114.118000 379.460000 194.975000 1.535700 4.420600 1.694500 29.996168 -1.522343 -1.409539 2.136400
92 15 Car 0 0 6.475933 349.220000 114.118000 379.460000 194.975000 1.803600 4.037000 1.580000 33.512167 -14.186238 -1.257145 1.423000
92 12 Car 0 0 4.200069 349.220000 114.118000 379.460000 194.975000 1.494600 3.422200 1.573100 33.878162 8.915089 -1.467214 -0.541000
93 5 Car 0 0 7.890068 349.220000 114.118000 379.460000 194.975000 1.607600 3.901900 1.615800 16.595374 7.426739 -1.565292 2.877200
93 14 Car 0 0 7.085807 349.220000 114.118000 379.460000 194.975000 1.433600 4.602100 1.700100 29.490163 -0.885521 -1.413279 2.144600
93 15 Car 0 0 6.515115 349.220000 114.118000 379.460000 194.975000 1.758000 3.758700 1.603100 33.460820 -13.528501 -1.222555 1.474700
93 12 Car 0 0 4.214958 349.220000 114.118000 379.460000 194.975000 1.500000 3.411600 1.566200 34.217794 8.724500 -1.475126 -0.474900
94 5 Car 0 0 7.964152 349.220000 114.118000 379.460000 194.975000 1.608300 3.846000 1.585100 15.547278 7.659262 -1.352469 2.904700
94 14 Car 0 0 7.212648 349.220000 114.118000 379.460000 194.975000 1.417700 4.533000 1.660300 28.901930 -0.266027 -0.974080 2.184700
94 15 Car 0 0 6.631758 349.220000 114.118000 379.460000 194.975000 1.757600 3.801600 1.616000 33.393132 -12.837573 -0.707123 1.511400
94 12 Car 0 0 4.228769 349.220000 114.118000 379.460000 194.975000 1.513800 3.568000 1.570500 34.575187 8.632731 -0.975460 -0.375400
95 5 Car 0 0 8.025263 349.220000 114.118000 379.460000 194.975000 1.573900 3.957500 1.576900 14.521288 7.801744 -1.566671 2.944000
95 14 Car 0 0 7.191644 349.220000 114.118000 379.460000 194.975000 1.473000 4.523000 1.701200 28.364025 0.297563 -1.446525 2.204400
95 15 Car 0 0 6.693125 349.220000 114.118000 379.460000 194.975000 1.686700 3.770000 1.618700 33.224911 -12.156680 -1.303023 1.531800
95 12 Car 0 0 4.231493 349.220000 114.118000 379.460000 194.975000 1.496600 3.444800 1.554500 34.890863 8.506604 -1.473686 -0.299600
95 16 Car 0 0 10.135932 349.220000 114.118000 379.460000 194.975000 1.478900 3.859000 1.595600 50.211823 -7.024656 -1.167642 2.783500
96 5 Car 0 0 8.095361 349.220000 114.118000 379.460000 194.975000 1.637400 3.946900 1.615300 13.464684 7.924778 -1.382350 2.963900
96 14 Car 0 0 7.222359 349.220000 114.118000 379.460000 194.975000 1.424700 4.444000 1.645300 27.754453 0.858912 -0.970445 2.240300
96 15 Car 0 0 6.732758 349.220000 114.118000 379.460000 194.975000 1.823900 3.888500 1.615500 33.107763 -11.478379 -0.738039 1.593000
96 12 Car 0 0 4.257480 349.220000 114.118000 379.460000 194.975000 1.412400 3.405900 1.513300 35.268339 8.470500 -0.784297 -0.216400
96 16 Car 0 0 10.226615 349.220000 114.118000 379.460000 194.975000 1.478500 3.828000 1.579400 51.021979 -7.193018 -0.369437 2.994900
97 5 Car 0 0 8.170330 349.220000 114.118000 379.460000 194.975000 1.557300 3.911800 1.613900 12.381412 8.036107 -1.579987 3.005100
97 14 Car 0 0 7.183649 349.220000 114.118000 379.460000 194.975000 1.447800 4.630100 1.701500 27.226493 1.401841 -1.422749 2.276000
97 15 Car 0 0 6.727334 349.220000 114.118000 379.460000 194.975000 1.723100 3.752100 1.587600 32.962050 -10.823794 -1.315951 1.584300
97 12 Car 0 0 4.289110 349.220000 114.118000 379.460000 194.975000 1.471000 3.481900 1.566700 35.649490 8.455790 -1.444385 -0.172700
97 16 Car 0 0 10.378813 349.220000 114.118000 379.460000 194.975000 1.602700 4.193600 1.694500 52.003262 -7.290975 -1.305038 3.041500
98 5 Car 0 0 8.243913 349.220000 114.118000 379.460000 194.975000 1.562600 3.786200 1.586000 11.296483 8.116285 -1.511265 2.994200
98 14 Car 0 0 7.246189 349.220000 114.118000 379.460000 194.975000 1.424300 4.508800 1.653900 26.623642 1.994421 -0.998640 2.312400
98 15 Car 0 0 6.843807 349.220000 114.118000 379.460000 194.975000 1.727700 3.791400 1.597200 32.816098 -10.121329 -0.717662 1.646300
98 12 Car 0 0 4.314351 349.220000 114.118000 379.460000 194.975000 1.516700 3.383500 1.585300 35.974186 8.521624 -0.952832 -0.058500
98 16 Car 0 0 10.208828 349.220000 114.118000 379.460000 194.975000 1.595700 3.921300 1.655400 52.795324 -7.491013 -0.309241 3.051100
99 5 Car 0 0 8.301474 349.220000 114.118000 379.460000 194.975000 1.550600 3.568800 1.547600 10.247022 8.209454 -1.602580 3.041500
99 14 Car 0 0 7.253750 349.220000 114.118000 379.460000 194.975000 1.499400 4.480100 1.688900 25.970052 2.503786 -1.466643 2.345200
99 15 Car 0 0 6.861719 349.220000 114.118000 379.460000 194.975000 1.774600 3.852900 1.551400 32.574627 -9.452524 -1.279262 1.660300
99 12 Car 0 0 4.418948 349.220000 114.118000 379.460000 194.975000 1.580900 4.062000 1.613000 36.541292 8.657894 -1.463892 0.054600
99 16 Car 0 0 10.208828 349.220000 114.118000 379.460000 194.975000 1.595700 3.921300 1.655400 52.709267 -7.482691 -0.309241 3.051100
100 5 Car 0 0 8.371622 349.220000 114.118000 379.460000 194.975000 1.555400 3.497800 1.554300 9.170640 8.288411 -1.635015 3.048400
100 14 Car 0 0 7.209052 349.220000 114.118000 379.460000 194.975000 1.457200 4.605100 1.687400 25.407454 2.982876 -1.449848 2.356700
100 15 Car 0 0 6.817548 349.220000 114.118000 379.460000 194.975000 1.778800 4.023200 1.648200 32.407822 -8.802243 -1.370270 1.709400
100 12 Car 0 0 4.435627 349.220000 114.118000 379.460000 194.975000 1.543300 3.610900 1.596700 36.871810 8.794681 -1.518732 0.141300
101 14 Car 0 0 7.236178 349.220000 114.118000 379.460000 194.975000 1.506200 4.565800 1.696900 24.706085 3.448890 -1.510845 2.373800
101 15 Car 0 0 6.793318 349.220000 114.118000 379.460000 194.975000 1.737900 4.004400 1.597900 32.212665 -8.146822 -1.447955 1.745700
101 12 Car 0 0 4.509585 349.220000 114.118000 379.460000 194.975000 1.531400 3.918300 1.565600 37.268240 9.059494 -1.564972 0.201800
101 5 Car 0 0 8.371622 349.220000 114.118000 379.460000 194.975000 1.555400 3.497800 1.554300 9.091305 8.291483 -1.635015 3.048400
101 16 Car 0 0 10.171317 349.220000 114.118000 379.460000 194.975000 1.595700 3.921300 1.655400 55.395782 -8.206058 -0.309241 3.051100
102 14 Car 0 0 7.252055 349.220000 114.118000 379.460000 194.975000 1.460900 4.571000 1.692600 24.047532 3.957171 -1.473233 2.426100
102 15 Car 0 0 6.885973 349.220000 114.118000 379.460000 194.975000 1.712800 3.856600 1.622800 31.991829 -7.435980 -1.433411 1.804700
102 12 Car 0 0 4.549367 349.220000 114.118000 379.460000 194.975000 1.483400 3.726100 1.561800 37.578637 9.359575 -1.576232 0.363500
102 16 Car 0 0 10.300375 349.220000 114.118000 379.460000 194.975000 1.595700 3.921300 1.655400 56.379513 -8.429039 -0.309241 3.051100
103 14 Car 0 0 7.243243 349.220000 114.118000 379.460000 194.975000 1.450800 4.663900 1.711900 23.412217 4.407596 -1.470373 2.461300
103 15 Car 0 0 7.002975 349.220000 114.118000 379.460000 194.975000 1.792600 4.017900 1.626600 31.683451 -6.729753 -1.454061 1.805700
103 12 Car 0 0 4.490937 349.220000 114.118000 379.460000 194.975000 1.485700 3.908400 1.594400 37.935335 9.495729 -1.359181 0.333400
103 16 Car 0 0 10.300375 349.220000 114.118000 379.460000 194.975000 1.595700 3.921300 1.655400 56.300733 -8.403872 -0.309241 3.051100
103 17 Car 0 0 1.008386 349.220000 114.118000 379.460000 194.975000 1.509100 4.120900 1.651800 58.005077 2.603952 -1.371552 3.101000
104 14 Car 0 0 7.253878 349.220000 114.118000 379.460000 194.975000 1.463000 4.443800 1.664700 22.721131 4.836189 -1.534256 2.495300
104 15 Car 0 0 7.154236 349.220000 114.118000 379.460000 194.975000 1.793800 3.886900 1.577300 31.386071 -5.999142 -1.417476 1.860800
104 12 Car 0 0 4.495326 349.220000 114.118000 379.460000 194.975000 1.442500 3.532700 1.493900 38.168444 9.770592 -1.309168 0.421700
104 17 Car 0 0 0.599610 349.220000 114.118000 379.460000 194.975000 1.501000 3.948700 1.627400 57.836428 2.587128 -1.389463 3.019200
105 14 Car 0 0 7.258074 349.220000 114.118000 379.460000 194.975000 1.422200 4.526600 1.666400 22.023567 5.236593 -1.520783 2.514400
105 15 Car 0 0 7.285875 349.220000 114.118000 379.460000 194.975000 1.809500 3.927900 1.619900 30.984258 -5.271882 -1.470609 1.913200
105 17 Car 0 0 0.125478 349.220000 114.118000 379.460000 194.975000 1.578000 4.234000 1.684900 57.846328 2.576564 -1.455317 2.986900
105 12 Car 0 0 4.495326 349.220000 114.118000 379.460000 194.975000 1.442500 3.532700 1.493900 38.080014 9.786559 -1.309168 0.421700
106 14 Car 0 0 7.269381 349.220000 114.118000 379.460000 194.975000 1.547600 4.470200 1.688800 21.320576 5.684805 -1.595488 2.520600
106 15 Car 0 0 7.360337 349.220000 114.118000 379.460000 194.975000 1.792700 3.922800 1.579600 30.566840 -4.563272 -1.482029 1.958800
106 17 Car 0 0 0.554877 349.220000 114.118000 379.460000 194.975000 1.566100 4.093400 1.690300 57.643361 2.675626 -1.461973 3.046600
107 14 Car 0 0 7.269721 349.220000 114.118000 379.460000 194.975000 1.488000 4.516600 1.701400 20.603010 6.049792 -1.571707 2.583500
107 15 Car 0 0 7.396582 349.220000 114.118000 379.460000 194.975000 1.751300 4.009500 1.626500 30.199862 -3.859808 -1.448018 1.989100
107 17 Car 0 0 0.532099 349.220000 114.118000 379.460000 194.975000 1.526000 4.028200 1.635400 57.531757 2.701439 -1.505876 3.060400
108 14 Car 0 0 7.274955 349.220000 114.118000 379.460000 194.975000 1.531600 4.655000 1.729400 19.905511 6.462119 -1.577184 2.597900
108 15 Car 0 0 7.426207 349.220000 114.118000 379.460000 194.975000 1.773900 3.990300 1.592300 29.768337 -3.177638 -1.462696 2.025900
108 17 Car 0 0 0.521115 349.220000 114.118000 379.460000 194.975000 1.526000 4.028200 1.635400 57.485420 2.758185 -1.505876 3.060400
108 18 Car 0 0 1.611201 349.220000 114.118000 379.460000 194.975000 1.490200 4.206200 1.649300 58.402920 6.358719 -1.523762 3.086200
109 14 Car 0 0 7.313208 349.220000 114.118000 379.460000 194.975000 1.540000 4.592000 1.763700 19.104552 6.831358 -1.389669 2.650900
109 15 Car 0 0 7.508553 349.220000 114.118000 379.460000 194.975000 1.737900 3.882900 1.584700 29.358882 -2.474709 -1.029595 2.054400
109 17 Car 0 0 0.451394 349.220000 114.118000 379.460000 194.975000 1.542700 4.124900 1.678100 57.395780 2.753969 -0.518032 3.035000
109 18 Car 0 0 1.839289 349.220000 114.118000 379.460000 194.975000 1.490200 4.206200 1.649300 58.206881 6.487999 -1.523762 3.086200
110 14 Car 0 0 7.307409 349.220000 114.118000 379.460000 194.975000 1.471700 4.590000 1.717100 18.373010 7.148341 -1.576021 2.656600
110 15 Car 0 0 7.594896 349.220000 114.118000 379.460000 194.975000 1.845700 3.957400 1.590900 28.874745 -1.785057 -1.495492 2.091000
110 17 Car 0 0 0.370521 349.220000 114.118000 379.460000 194.975000 1.549900 4.306400 1.703300 57.338538 2.748777 -1.430979 2.988300
110 18 Car 0 0 1.598160 349.220000 114.118000 379.460000 194.975000 1.447600 4.057400 1.605300 58.117853 6.556826 -1.514721 2.751300
111 14 Car 0 0 7.322655 349.220000 114.118000 379.460000 194.975000 1.422900 4.504800 1.651400 17.576419 7.427985 -1.366181 2.688500
111 15 Car 0 0 7.519964 349.220000 114.118000 379.460000 194.975000 1.816500 3.845000 1.554700 28.388331 -1.156405 -1.166179 2.118500
111 17 Car 0 0 0.305078 349.220000 114.118000 379.460000 194.975000 1.625800 4.355400 1.759500 57.259848 2.741008 -0.758503 2.988900
111 18 Car 0 0 1.598160 349.220000 114.118000 379.460000 194.975000 1.447600 4.057400 1.605300 58.040364 6.589513 -1.514721 2.751300
112 14 Car 0 0 7.358653 349.220000 114.118000 379.460000 194.975000 1.422600 4.459000 1.646700 16.760522 7.768802 -1.601377 2.730800
112 15 Car 0 0 7.591517 349.220000 114.118000 379.460000 194.975000 1.837800 3.955500 1.611200 27.860878 -0.494709 -1.515514 2.162100
112 17 Car 0 0 0.365701 349.220000 114.118000 379.460000 194.975000 1.647400 4.323900 1.777900 57.281679 2.863855 -1.430511 3.104700
112 19 Car 0 0 5.755407 349.220000 114.118000 379.460000 194.975000 1.509500 3.763900 1.571500 40.449647 12.959600 -1.503676 0.985300
113 14 Car 0 0 7.419949 349.220000 114.118000 379.460000 194.975000 1.445300 4.297800 1.633400 15.869739 8.086809 -1.610242 2.761600
113 15 Car 0 0 7.678686 349.220000 114.118000 379.460000 194.975000 1.807700 3.794500 1.552600 27.329140 0.183688 -1.529984 2.206900
113 17 Car 0 0 0.535171 349.220000 114.118000 379.460000 194.975000 1.647400 4.323900 1.777900 57.128650 2.979371 -1.430511 3.104700
113 19 Car 0 0 5.755407 349.220000 114.118000 379.460000 194.975000 1.509500 3.763900 1.571500 40.390159 12.975820 -1.503676 0.985300
113 18 Car 0 0 -0.550751 349.220000 114.118000 379.460000 194.975000 1.455600 3.990700 1.582000 57.915642 5.988771 -1.522412 2.733700
114 14 Car 0 0 7.423894 349.220000 114.118000 379.460000 194.975000 1.412800 4.474800 1.652200 15.097968 8.347421 -1.593660 2.780600
114 15 Car 0 0 7.735268 349.220000 114.118000 379.460000 194.975000 1.789200 3.900700 1.578900 26.746846 0.823526 -1.558708 2.237100
114 18 Car 0 0 -0.391668 349.220000 114.118000 379.460000 194.975000 1.488600 4.148800 1.624400 57.847507 5.984048 -1.503302 2.758100
114 17 Car 0 0 0.535171 349.220000 114.118000 379.460000 194.975000 1.647400 4.323900 1.777900 57.072493 2.987994 -1.430511 3.104700
114 19 Car 0 0 6.087382 349.220000 114.118000 379.460000 194.975000 1.486200 3.676400 1.540900 40.784898 14.083012 -1.492305 1.001900
115 14 Car 0 0 7.466147 349.220000 114.118000 379.460000 194.975000 1.412000 4.568700 1.659000 14.245349 8.612463 -1.398450 2.825500
115 15 Car 0 0 7.824148 349.220000 114.118000 379.460000 194.975000 1.871000 4.008200 1.611300 26.189745 1.504742 -1.114906 2.266900
115 18 Car 0 0 -0.203512 349.220000 114.118000 379.460000 194.975000 1.506100 4.180700 1.631500 57.805421 6.020711 -0.634806 2.744400
115 19 Car 0 0 5.809909 349.220000 114.118000 379.460000 194.975000 1.486200 3.676400 1.540900 40.860323 14.686434 -1.492305 1.001900
116 14 Car 0 0 7.462875 349.220000 114.118000 379.460000 194.975000 1.480800 4.537100 1.704500 13.485312 8.827368 -1.685109 2.858100
116 15 Car 0 0 7.926757 349.220000 114.118000 379.460000 194.975000 1.778700 3.882700 1.602600 25.556918 2.173068 -1.507349 2.321800
116 19 Car 0 0 5.574764 349.220000 114.118000 379.460000 194.975000 1.541300 3.745400 1.608100 41.191233 15.262076 -1.778687 1.125200
116 18 Car 0 0 -0.203512 349.220000 114.118000 379.460000 194.975000 1.506100 4.180700 1.631500 57.754400 6.038557 -0.634806 2.744400
116 20 Car 0 0 0.000000 349.220000 114.118000 379.460000 194.975000 1.491300 3.667000 1.556400 -108.142015 -14.436897 -0.206142 3.044200
117 14 Car 0 0 7.491885 349.220000 114.118000 379.460000 194.975000 1.488600 4.340900 1.676200 12.647477 9.063261 -1.498447 2.898600
117 15 Car 0 0 8.024451 349.220000 114.118000 379.460000 194.975000 1.801700 3.869600 1.567900 24.853408 2.818530 -1.169478 2.384800
117 19 Car 0 0 5.574764 349.220000 114.118000 379.460000 194.975000 1.541300 3.745400 1.608100 41.131146 15.274171 -1.778687 1.125200
118 14 Car 0 0 7.510138 349.220000 114.118000 379.460000 194.975000 1.523800 4.264100 1.672900 11.830400 9.248312 -1.686443 2.928700
118 15 Car 0 0 8.039101 349.220000 114.118000 379.460000 194.975000 1.823300 3.910100 1.593600 24.149298 3.392388 -1.546786 2.381300
118 17 Car 0 0 -0.469026 349.220000 114.118000 379.460000 194.975000 1.557000 4.210200 1.664200 57.048360 2.612116 -1.484501 3.010700
119 14 Car 0 0 7.489909 349.220000 114.118000 379.460000 194.975000 1.455700 3.569800 1.527700 11.113163 9.377903 -1.682554 2.931800
119 15 Car 0 0 8.061658 349.220000 114.118000 379.460000 194.975000 1.826600 3.931400 1.603300 23.407063 3.938093 -1.521533 2.439800
119 17 Car 0 0 -0.469827 349.220000 114.118000 379.460000 194.975000 1.560800 4.060200 1.662000 56.994074 2.606807 -1.509669 3.090600
120 14 Car 0 0 7.545546 349.220000 114.118000 379.460000 194.975000 1.481200 3.838800 1.578000 10.185948 9.494581 -1.577345 2.974300
120 15 Car 0 0 8.109902 349.220000 114.118000 379.460000 194.975000 1.784200 3.710400 1.588500 22.618616 4.474617 -1.201722 2.479800
120 17 Car 0 0 -0.045990 349.220000 114.118000 379.460000 194.975000 1.548000 4.347800 1.680100 56.830385 2.657491 -0.606115 2.780900
120 19 Car 0 0 6.666992 349.220000 114.118000 379.460000 194.975000 1.501100 3.895700 1.600000 42.442585 17.976047 -1.187516 0.993400
121 15 Car 0 0 8.156862 349.220000 114.118000 379.460000 194.975000 1.904100 3.984700 1.625800 21.825744 5.000251 -1.617759 2.514000
121 17 Car 0 0 0.234906 349.220000 114.118000 379.460000 194.975000 1.548000 4.347800 1.680100 56.789846 2.715444 -0.606115 2.780900
121 14 Car 0 0 7.545546 349.220000 114.118000 379.460000 194.975000 1.481200 3.838800 1.578000 10.142794 9.499991 -1.577345 2.974300
121 19 Car 0 0 6.666992 349.220000 114.118000 379.460000 194.975000 1.501100 3.895700 1.600000 42.398049 17.986714 -1.187516 0.993400
122 17 Car 0 0 0.810128 349.220000 114.118000 379.460000 194.975000 1.538100 4.182100 1.659600 56.715026 2.827463 -1.574277 3.122900
122 15 Car 0 0 8.156862 349.220000 114.118000 379.460000 194.975000 1.904100 3.984700 1.625800 21.785356 5.007089 -1.617759 2.514000
122 19 Car 0 0 6.573314 349.220000 114.118000 379.460000 194.975000 1.457000 3.626000 1.545900 42.840457 19.333943 -1.834908 1.095800
123 17 Car 0 0 1.111227 349.220000 114.118000 379.460000 194.975000 1.538100 4.182100 1.659600 56.673179 2.929368 -1.574277 3.122900
123 19 Car 0 0 6.573314 349.220000 114.118000 379.460000 194.975000 1.457000 3.626000 1.545900 42.799066 19.344870 -1.834908 1.095800
123 15 Car 0 0 8.280100 349.220000 114.118000 379.460000 194.975000 1.842000 3.917600 1.605700 20.120866 5.956161 -1.588254 2.616300
124 17 Car 0 0 0.997335 349.220000 114.118000 379.460000 194.975000 1.522200 4.247900 1.669600 56.561672 2.885131 -1.537481 3.004300
124 15 Car 0 0 8.280100 349.220000 114.118000 379.460000 194.975000 1.842000 3.917600 1.605700 20.087037 5.965809 -1.588254 2.616300
125 17 Car 0 0 0.885703 349.220000 114.118000 379.460000 194.975000 1.530800 4.145400 1.655600 56.586850 2.965808 -1.588440 3.084200
125 15 Car 0 0 8.447431 349.220000 114.118000 379.460000 194.975000 1.881100 3.860000 1.535000 18.343574 6.827241 -1.634357 2.702500
126 17 Car 0 0 0.952197 349.220000 114.118000 379.460000 194.975000 1.541800 4.198600 1.661300 56.568270 2.910424 -1.526113 3.021000
126 15 Car 0 0 8.478847 349.220000 114.118000 379.460000 194.975000 1.890500 3.881400 1.605200 17.516976 7.209511 -1.630329 2.773900
127 17 Car 0 0 0.699462 349.220000 114.118000 379.460000 194.975000 1.539000 4.286000 1.668100 56.646892 3.000703 -1.511304 3.028400
127 15 Car 0 0 8.547031 349.220000 114.118000 379.460000 194.975000 1.762800 3.780900 1.601700 16.553460 7.509117 -1.665775 2.815900
128 17 Car 0 0 1.021443 349.220000 114.118000 379.460000 194.975000 1.515200 4.300300 1.654000 56.615711 2.852276 -1.574323 2.801600
128 15 Car 0 0 8.605784 349.220000 114.118000 379.460000 194.975000 1.825200 3.840800 1.604800 15.583255 7.772905 -1.605206 2.845200
129 17 Car 0 0 0.831898 349.220000 114.118000 379.460000 194.975000 1.543100 4.386000 1.687100 56.544290 2.895820 -1.553793 3.020900
129 15 Car 0 0 8.646510 349.220000 114.118000 379.460000 194.975000 1.886900 3.950300 1.615800 14.641550 7.983893 -1.700475 2.889000
130 17 Car 0 0 1.037329 349.220000 114.118000 379.460000 194.975000 1.490800 3.953900 1.617500 56.468933 2.750035 -1.504076 3.010200
130 15 Car 0 0 8.706962 349.220000 114.118000 379.460000 194.975000 1.828700 3.948500 1.621000 13.649480 8.180237 -1.650951 2.931300
131 15 Car 0 0 8.772286 349.220000 114.118000 379.460000 194.975000 1.862200 3.960400 1.595900 12.633625 8.328374 -1.684974 2.965400
131 17 Car 0 0 1.037329 349.220000 114.118000 379.460000 194.975000 1.490800 3.953900 1.617500 56.458343 2.752183 -1.504076 3.010200
132 15 Car 0 0 8.831638 349.220000 114.118000 379.460000 194.975000 1.905500 3.957200 1.690000 11.623123 8.503344 -1.768535 3.005300
133 15 Car 0 0 8.916857 349.220000 114.118000 379.460000 194.975000 1.893900 4.184700 1.684400 10.553212 8.703001 -1.738408 2.979700
143 21 Car 0 0 0.000000 349.220000 114.118000 379.460000 194.975000 1.443300 3.788700 1.537000 -108.580790 -14.678320 -0.665139 2.752900
155 22 Car 0 0 0.000000 349.220000 114.118000 379.460000 194.975000 1.399100 3.854900 1.556500 -108.591709 -14.723505 -0.812980 1.380500
159 23 Car 0 0 3.265748 349.220000 114.118000 379.460000 194.975000 1.407800 3.743400 1.528900 31.992714 -22.580694 -1.334134 1.424300
160 23 Car 0 0 3.539196 349.220000 114.118000 379.460000 194.975000 1.409800 3.891300 1.555300 32.035257 -22.253803 -1.344934 1.367200
161 23 Car 0 0 3.626797 349.220000 114.118000 379.460000 194.975000 1.483800 4.086300 1.617700 32.139947 -21.956605 -1.353436 1.394300
162 23 Car 0 0 3.716177 349.220000 114.118000 379.460000 194.975000 1.439500 4.109500 1.598000 32.249212 -21.631617 -1.271406 1.355200
163 23 Car 0 0 3.535893 349.220000 114.118000 379.460000 194.975000 1.485500 4.189700 1.631400 32.305423 -21.363257 -0.768132 1.375100
164 23 Car 0 0 3.360792 349.220000 114.118000 379.460000 194.975000 1.398200 4.168300 1.579600 32.348354 -21.110431 -1.329867 1.365100
165 23 Car 0 0 3.345266 349.220000 114.118000 379.460000 194.975000 1.393900 4.208100 1.592900 32.445077 -20.811088 -1.303908 1.365900
166 23 Car 0 0 3.206836 349.220000 114.118000 379.460000 194.975000 1.432200 4.248400 1.617000 32.527548 -20.576705 -1.291507 1.356100
167 23 Car 0 0 3.022990 349.220000 114.118000 379.460000 194.975000 1.454000 4.266100 1.626200 32.552831 -20.404346 -1.346774 1.362200
168 23 Car 0 0 2.884779 349.220000 114.118000 379.460000 194.975000 1.468800 4.301900 1.629500 32.624321 -20.249797 -1.335574 1.368600
169 23 Car 0 0 2.724883 349.220000 114.118000 379.460000 194.975000 1.462300 4.426100 1.654600 32.634692 -20.132788 -1.302952 1.316500
170 23 Car 0 0 2.720666 349.220000 114.118000 379.460000 194.975000 1.424200 4.128200 1.591300 32.717240 -19.821747 -0.841559 1.335700
171 23 Car 0 0 2.561818 349.220000 114.118000 379.460000 194.975000 1.474300 4.427300 1.658000 32.733168 -19.756138 -1.317516 1.346100
172 23 Car 0 0 2.395042 349.220000 114.118000 379.460000 194.975000 1.487600 4.398400 1.676500 32.710996 -19.704236 -1.364115 1.357900
173 23 Car 0 0 2.328687 349.220000 114.118000 379.460000 194.975000 1.553100 4.319800 1.684000 32.752992 -19.545076 -0.841411 1.353700
174 23 Car 0 0 2.210513 349.220000 114.118000 379.460000 194.975000 1.476100 4.267700 1.631400 32.776075 -19.464581 -1.321578 1.324900
175 23 Car 0 0 2.076141 349.220000 114.118000 379.460000 194.975000 1.459900 4.204200 1.630700 32.782820 -19.406475 -1.347824 1.364500
176 23 Car 0 0 2.006769 349.220000 114.118000 379.460000 194.975000 1.506600 4.005900 1.618000 32.816419 -19.287596 -1.371153 1.351000
177 23 Car 0 0 1.884174 349.220000 114.118000 379.460000 194.975000 1.436900 4.156600 1.596400 32.864548 -19.230723 -1.266206 1.371200
178 23 Car 0 0 1.714050 349.220000 114.118000 379.460000 194.975000 1.462000 4.000300 1.580700 32.831592 -19.226900 -1.276311 1.341800
179 23 Car 0 0 1.533811 349.220000 114.118000 379.460000 194.975000 1.504100 4.400100 1.657800 32.808896 -19.259358 -1.361419 1.344800
180 23 Car 0 0 1.423044 349.220000 114.118000 379.460000 194.975000 1.481800 4.213900 1.625300 32.843324 -19.230178 -1.350332 1.353600
181 23 Car 0 0 1.288082 349.220000 114.118000 379.460000 194.975000 1.478900 4.168100 1.620200 32.848555 -19.243644 -1.379282 1.358900
182 23 Car 0 0 1.153323 349.220000 114.118000 379.460000 194.975000 1.488700 4.023400 1.622800 32.880036 -19.160135 -1.383460 1.364600
183 23 Car 0 0 0.984609 349.220000 114.118000 379.460000 194.975000 1.489900 4.117900 1.638400 32.852004 -19.199040 -1.350765 1.364800
184 23 Car 0 0 0.814826 349.220000 114.118000 379.460000 194.975000 1.461400 4.107600 1.613300 32.844383 -19.237867 -1.316554 1.376300
185 23 Car 0 0 0.668793 349.220000 114.118000 379.460000 194.975000 1.464700 4.096800 1.612100 32.843903 -19.256114 -1.291055 1.372100
186 23 Car 0 0 0.657740 349.220000 114.118000 379.460000 194.975000 1.464700 4.096800 1.612100 32.834327 -19.300837 -1.291055 1.372100
187 23 Car 0 0 0.343913 349.220000 114.118000 379.460000 194.975000 1.493300 4.110500 1.626200 32.860558 -19.248928 -1.333840 1.391200
188 23 Car 0 0 0.370988 349.220000 114.118000 379.460000 194.975000 1.467400 4.202100 1.613100 32.806972 -19.298586 -1.284958 1.365800
189 23 Car 0 0 0.250300 349.220000 114.118000 379.460000 194.975000 1.492700 4.174100 1.630800 32.829122 -19.271274 -1.340260 1.344000
190 23 Car 0 0 0.375586 349.220000 114.118000 379.460000 194.975000 1.492700 4.174100 1.630800 32.794698 -19.311876 -1.340260 1.344000
191 23 Car 0 0 0.376369 349.220000 114.118000 379.460000 194.975000 1.540100 4.186700 1.642700 32.808066 -19.315970 -1.289023 1.367200
192 23 Car 0 0 0.389634 349.220000 114.118000 379.460000 194.975000 1.499300 4.307000 1.645900 32.783674 -19.338708 -1.332018 1.355200
193 23 Car 0 0 0.381941 349.220000 114.118000 379.460000 194.975000 1.509100 4.127900 1.629300 32.858345 -19.325968 -1.328998 1.368200
194 23 Car 0 0 0.200044 349.220000 114.118000 379.460000 194.975000 1.478300 4.187200 1.620000 32.846055 -19.305660 -1.324070 1.359500
195 23 Car 0 0 0.047078 349.220000 114.118000 379.460000 194.975000 1.434000 4.257000 1.611100 32.793641 -19.289305 -1.297309 1.363500
