2 0 Car 0 0 4.507207 349.220000 114.118000 379.460000 194.975000 1.463000 3.509400 1.543400 43.892284 20.988110 -1.354869 -3.101900
2 1 Car 0 0 2.170329 349.220000 114.118000 379.460000 194.975000 1.518500 3.721500 1.583400 48.353412 21.176803 -0.615489 3.132000
3 0 Car 0 0 4.201480 349.220000 114.118000 379.460000 194.975000 1.417400 3.597400 1.503900 42.692515 20.892140 -1.321088 -3.109300
3 1 Car 0 0 1.970436 349.220000 114.118000 379.460000 194.975000 1.485800 3.917100 1.607000 47.061003 21.076010 -1.315306 3.083900
3 2 Car 0 0 14.379938 349.220000 114.118000 379.460000 194.975000 1.433300 4.135400 1.604800 7.248028 -3.267870 -1.687657 0.010700
4 0 Car 0 0 3.734121 349.220000 114.118000 379.460000 194.975000 1.421700 3.521200 1.506300 41.497840 20.818778 -1.256459 -3.111100
4 2 Car 0 0 14.488840 349.220000 114.118000 379.460000 194.975000 1.421700 4.074600 1.583400 7.508000 -3.256856 -1.684853 -0.010600
4 1 Car 0 0 1.970436 349.220000 114.118000 379.460000 194.975000 1.485800 3.917100 1.607000 45.915626 21.063378 -1.315306 3.083900
5 0 Car 0 0 3.141053 349.220000 114.118000 379.460000 194.975000 1.471900 3.790400 1.578100 40.392649 20.764808 -1.217271 -3.110000
5 2 Car 0 0 14.593353 349.220000 114.118000 379.460000 194.975000 1.431100 4.099300 1.585800 7.843851 -3.189912 -1.676118 -0.007700
6 0 Car 0 0 2.473181 349.220000 114.118000 379.460000 194.975000 1.439000 3.679800 1.543300 39.134250 20.827777 -1.083666 -3.056500
6 2 Car 0 0 14.816418 349.220000 114.118000 379.460000 194.975000 1.460600 4.122000 1.612700 8.181606 -3.198598 -1.685428 0.012900
6 1 Car 0 0 1.145371 349.220000 114.118000 379.460000 194.975000 1.534000 3.602700 1.512800 43.642613 20.980009 -1.104161 3.129100
7 2 Car 0 0 14.804531 349.220000 114.118000 379.460000 194.975000 1.446500 3.945900 1.596100 8.482973 -3.205201 -1.677852 -0.018100
7 1 Car 0 0 0.862694 349.220000 114.118000 379.460000 194.975000 1.392800 3.782800 1.526500 42.524132 20.837699 -1.159589 3.076800
7 0 Car 0 0 2.473181 349.220000 114.118000 379.460000 194.975000 1.439000 3.679800 1.543300 38.053204 20.731821 -1.083666 -3.056500
8 2 Car 0 0 14.994144 349.220000 114.118000 379.460000 194.975000 1.392900 4.073300 1.569100 8.818883 -3.237018 -1.673510 -0.003500
8 1 Car 0 0 0.641326 349.220000 114.118000 379.460000 194.975000 1.430000 3.841000 1.556500 41.265543 20.684768 -1.186096 3.103700
8 0 Car 0 0 1.685437 349.220000 114.118000 379.460000 194.975000 1.459100 3.654600 1.520600 37.033007 20.609010 -1.311670 -3.075300
9 2 Car 0 0 14.961723 349.220000 114.118000 379.460000 194.975000 1.432100 4.087600 1.578900 9.139816 -3.189653 -1.689639 0.002800
9 1 Car 0 0 0.374804 349.220000 114.118000 379.460000 194.975000 1.555000 3.814700 1.604600 40.204749 20.602800 -1.429498 3.080400
9 0 Car 0 0 1.552536 349.220000 114.118000 379.460000 194.975000 1.422600 3.644800 1.539200 35.839222 20.427325 -1.385108 -3.100100
10 2 Car 0 0 15.031937 349.220000 114.118000 379.460000 194.975000 1.453700 3.953900 1.582800 9.438750 -3.260780 -1.569825 -0.020100
10 1 Car 0 0 0.636602 349.220000 114.118000 379.460000 194.975000 1.468700 3.601500 1.541700 39.069022 20.383222 -0.971202 3.140700
10 0 Car 0 0 1.492614 349.220000 114.118000 379.460000 194.975000 1.473100 3.496500 1.507400 34.741492 20.228944 -1.043910 -3.081800
11 2 Car 0 0 15.088717 349.220000 114.118000 379.460000 194.975000 1.496000 4.190300 1.633200 9.853582 -3.236885 -1.706286 0.016000
11 1 Car 0 0 0.506018 349.220000 114.118000 379.460000 194.975000 1.541700 3.602400 1.576400 37.956567 20.341327 -1.551252 3.105700
11 0 Car 0 0 1.245886 349.220000 114.118000 379.460000 194.975000 1.486000 3.597100 1.544500 33.601599 20.156771 -1.554344 -3.098800
12 2 Car 0 0 14.982539 349.220000 114.118000 379.460000 194.975000 1.425800 4.119300 1.608200 10.112482 -3.217011 -1.638939 0.009900
12 1 Car 0 0 0.385201 349.220000 114.118000 379.460000 194.975000 1.585500 3.757800 1.565400 36.807247 20.338665 -1.535164 3.095600
12 0 Car 0 0 0.960342 349.220000 114.118000 379.460000 194.975000 1.459500 3.579600 1.539400 32.444939 20.177136 -1.514506 -3.113100
13 2 Car 0 0 14.961783 349.220000 114.118000 379.460000 194.975000 1.447800 4.167500 1.619200 10.452248 -3.224230 -1.633543 0.007200
13 1 Car 0 0 0.466709 349.220000 114.118000 379.460000 194.975000 1.560000 3.670300 1.590500 35.651576 20.257311 -1.513437 3.108000
13 0 Car 0 0 0.823202 349.220000 114.118000 379.460000 194.975000 1.495800 3.818800 1.598500 31.336121 20.161147 -1.520152 -3.119000
14 2 Car 0 0 15.017478 349.220000 114.118000 379.460000 194.975000 1.464500 4.145100 1.623200 10.769808 -3.210403 -1.650716 0.016000
14 1 Car 0 0 0.502046 349.220000 114.118000 379.460000 194.975000 1.430700 3.535600 1.492900 34.509649 20.189693 -1.452060 3.088700
14 0 Car 0 0 0.703324 349.220000 114.118000 379.460000 194.975000 1.425100 3.685600 1.546300 30.234404 20.118907 -1.494705 -3.124400
15 2 Car 0 0 15.015517 349.220000 114.118000 379.460000 194.975000 1.451200 4.001600 1.579400 11.141617 -3.248283 -1.640584 -0.009200
15 1 Car 0 0 0.521564 349.220000 114.118000 379.460000 194.975000 1.460500 3.722000 1.562700 33.398637 20.133127 -1.463382 3.095600
15 0 Car 0 0 0.607270 349.220000 114.118000 379.460000 194.975000 1.452800 3.745700 1.559900 29.106059 20.111793 -1.535182 -3.090100
16 2 Car 0 0 14.923873 349.220000 114.118000 379.460000 194.975000 1.507800 3.881200 1.619700 11.398154 -3.229841 -1.702360 0.019100
16 1 Car 0 0 0.530790 349.220000 114.118000 379.460000 194.975000 1.542200 3.775200 1.598100 32.236813 20.072734 -1.561404 3.109000
16 0 Car 0 0 0.637731 349.220000 114.118000 379.460000 194.975000 1.494800 3.686500 1.560800 27.953640 20.055579 -1.585772 -3.115900
17 2 Car 0 0 14.993214 349.220000 114.118000 379.460000 194.975000 1.451700 4.029800 1.597600 11.760507 -3.229657 -1.659714 0.010500
17 1 Car 0 0 0.569929 349.220000 114.118000 379.460000 194.975000 1.474500 3.674900 1.524900 31.129155 20.015152 -1.583338 3.126800
17 0 Car 0 0 0.672208 349.220000 114.118000 379.460000 194.975000 1.406100 3.665000 1.511000 26.805817 19.997214 -1.587774 -3.139700
18 2 Car 0 0 15.028151 349.220000 114.118000 379.460000 194.975000 1.411100 4.070400 1.595100 12.200634 -3.200955 -1.669122 0.031700
18 1 Car 0 0 0.578680 349.220000 114.118000 379.460000 194.975000 1.457900 3.775200 1.527900 30.004238 19.976641 -1.592103 3.097000
18 0 Car 0 0 0.690061 349.220000 114.118000 379.460000 194.975000 1.420500 3.677200 1.505900 25.727285 19.952867 -1.613713 -3.109200
19 2 Car 0 0 15.050001 349.220000 114.118000 379.460000 194.975000 1.434600 4.038400 1.581400 12.522598 -3.183544 -1.456224 0.015200
19 1 Car 0 0 0.486754 349.220000 114.118000 379.460000 194.975000 1.493400 3.540300 1.491000 28.779524 20.012238 -0.981409 3.140800
19 0 Car 0 0 0.742748 349.220000 114.118000 379.460000 194.975000 1.405800 3.628600 1.515400 24.582422 19.909827 -1.188371 -3.055800
20 2 Car 0 0 15.042496 349.220000 114.118000 379.460000 194.975000 1.436800 4.079000 1.597900 12.910352 -3.167293 -1.608209 0.006400
20 1 Car 0 0 0.593803 349.220000 114.118000 379.460000 194.975000 1.518100 3.763400 1.583800 27.685585 19.963285 -1.508234 3.101700
20 0 Car 0 0 0.769983 349.220000 114.118000 379.460000 194.975000 1.560700 3.977000 1.637800 23.265835 19.925104 -1.583521 -3.125500
21 2 Car 0 0 15.032483 349.220000 114.118000 379.460000 194.975000 1.467200 4.031600 1.623200 13.286239 -3.140080 -1.633677 0.023000
21 1 Car 0 0 0.567542 349.220000 114.118000 379.460000 194.975000 1.488800 3.868000 1.555600 26.600410 19.974792 -1.473439 3.095700
21 0 Car 0 0 0.769983 349.220000 114.118000 379.460000 194.975000 1.560700 3.977000 1.637800 22.163041 19.962069 -1.583521 -3.125500
22 2 Car 0 0 15.071294 349.220000 114.118000 379.460000 194.975000 1.466200 3.982900 1.598600 13.644546 -3.098347 -1.695780 -0.001200
22 1 Car 0 0 0.628876 349.220000 114.118000 379.460000 194.975000 1.467500 3.535600 1.493900 25.408123 19.942285 -1.493515 3.095200
23 2 Car 0 0 15.054390 349.220000 114.118000 379.460000 194.975000 1.468100 3.973700 1.613900 14.018074 -3.075630 -1.490865 -0.003200
23 1 Car 0 0 0.590048 349.220000 114.118000 379.460000 194.975000 1.503000 3.368800 1.501300 24.332810 19.961674 -1.235749 3.117400
24 2 Car 0 0 15.078454 349.220000 114.118000 379.460000 194.975000 1.442900 4.088500 1.594800 14.463116 -3.054123 -1.690416 -0.007800
24 1 Car 0 0 0.644076 349.220000 114.118000 379.460000 194.975000 1.439500 3.639700 1.533300 23.075664 19.955161 -1.592541 3.114500
24 3 Car 0 0 12.248908 349.220000 114.118000 379.460000 194.975000 1.531500 3.728800 1.572600 4.254803 -3.686620 -1.668952 -0.061400
25 2 Car 0 0 15.119536 349.220000 114.118000 379.460000 194.975000 1.418900 4.010800 1.584700 14.833729 -2.974656 -1.697022 0.020000
25 3 Car 0 0 12.354324 349.220000 114.118000 379.460000 194.975000 1.436000 3.989900 1.559800 4.230990 -3.599259 -1.647669 -0.054400
25 1 Car 0 0 0.644076 349.220000 114.118000 379.460000 194.975000 1.439500 3.639700 1.533300 21.832996 20.043473 -1.592541 3.114500
26 2 Car 0 0 15.135484 349.220000 114.118000 379.460000 194.975000 1.477900 4.148500 1.636300 15.281568 -2.922335 -1.668199 0.037400
26 3 Car 0 0 12.609307 349.220000 114.118000 379.460000 194.975000 1.445700 3.870700 1.569200 4.600957 -3.641596 -1.689179 0.023800
27 2 Car 0 0 15.129300 349.220000 114.118000 379.460000 194.975000 1.463800 4.191600 1.636800 15.695338 -2.789667 -1.680263 0.028000
27 3 Car 0 0 12.887698 349.220000 114.118000 379.460000 194.975000 1.505900 3.527200 1.509700 4.994066 -3.539870 -1.682662 0.002000
28 2 Car 0 0 15.143319 349.220000 114.118000 379.460000 194.975000 1.474700 4.100900 1.625600 16.045683 -2.685026 -1.676177 0.047000
28 3 Car 0 0 13.143344 349.220000 114.118000 379.460000 194.975000 1.489500 3.838800 1.570700 5.275948 -3.510138 -1.649821 0.012700
29 2 Car 0 0 15.088018 349.220000 114.118000 379.460000 194.975000 1.499400 3.831400 1.632100 16.368685 -2.559519 -1.690061 0.036000
29 3 Car 0 0 13.382132 349.220000 114.118000 379.460000 194.975000 1.614900 3.757800 1.570200 5.682921 -3.489445 -1.646040 0.025100
30 2 Car 0 0 15.084969 349.220000 114.118000 379.460000 194.975000 1.402600 4.083500 1.587000 16.786380 -2.419270 -1.609423 0.049600
30 3 Car 0 0 13.401033 349.220000 114.118000 379.460000 194.975000 1.549400 3.535700 1.526200 5.948468 -3.403035 -1.605936 0.046500
31 2 Car 0 0 15.131551 349.220000 114.118000 379.460000 194.975000 1.425400 4.078300 1.610600 17.213198 -2.320755 -1.594815 0.052300
31 3 Car 0 0 13.501723 349.220000 114.118000 379.460000 194.975000 1.549500 3.645100 1.523600 6.198275 -3.308581 -1.655920 0.022100
32 2 Car 0 0 15.145746 349.220000 114.118000 379.460000 194.975000 1.414200 4.175700 1.604800 17.682992 -2.145864 -1.302563 0.078400
32 3 Car 0 0 13.505660 349.220000 114.118000 379.460000 194.975000 1.629700 3.574900 1.534000 6.484455 -3.185933 -1.565212 0.060600
33 2 Car 0 0 15.137608 349.220000 114.118000 379.460000 194.975000 1.436000 4.130200 1.625200 18.113107 -1.995110 -1.616504 0.053500
33 3 Car 0 0 13.572173 349.220000 114.118000 379.460000 194.975000 1.612200 3.804000 1.562200 6.844048 -3.097225 -1.637488 0.061800
34 2 Car 0 0 15.137414 349.220000 114.118000 379.460000 194.975000 1.428600 4.036200 1.592000 18.451567 -1.810158 -1.568517 0.064600
34 3 Car 0 0 13.696213 349.220000 114.118000 379.460000 194.975000 1.655200 3.833900 1.665700 7.172734 -3.040463 -1.677536 0.075500
35 2 Car 0 0 15.148986 349.220000 114.118000 379.460000 194.975000 1.415800 4.014000 1.580300 18.924752 -1.659879 -1.608104 0.066100
35 3 Car 0 0 13.728689 349.220000 114.118000 379.460000 194.975000 1.701100 3.902100 1.675800 7.521856 -2.914595 -1.724316 0.061700
36 2 Car 0 0 15.170092 349.220000 114.118000 379.460000 194.975000 1.426700 4.063900 1.597600 19.306297 -1.488430 -1.606448 0.067300
36 3 Car 0 0 13.775334 349.220000 114.118000 379.460000 194.975000 1.680600 3.702000 1.648200 7.780153 -2.806104 -1.683870 0.047200
37 2 Car 0 0 15.167309 349.220000 114.118000 379.460000 194.975000 1.407600 4.009200 1.578400 19.737679 -1.267271 -1.631947 0.088900
37 3 Car 0 0 13.848002 349.220000 114.118000 379.460000 194.975000 1.636600 3.762800 1.642800 8.179701 -2.615263 -1.716849 0.072200
38 2 Car 0 0 15.134976 349.220000 114.118000 379.460000 194.975000 1.412500 4.040400 1.607100 20.105139 -1.130093 -1.631534 0.063900
38 3 Car 0 0 13.841544 349.220000 114.118000 379.460000 194.975000 1.641900 3.724600 1.646500 8.483385 -2.487500 -1.674844 0.089100
39 2 Car 0 0 15.198106 349.220000 114.118000 379.460000 194.975000 1.461500 4.203700 1.639400 20.568960 -0.919854 -1.681410 0.075100
39 3 Car 0 0 13.948968 349.220000 114.118000 379.460000 194.975000 1.689100 3.813900 1.638700 8.836853 -2.338105 -1.695075 0.095900
40 2 Car 0 0 15.171331 349.220000 114.118000 379.460000 194.975000 1.438300 4.077800 1.634800 20.935491 -0.701478 -1.646641 0.105500
40 3 Car 0 0 13.962768 349.220000 114.118000 379.460000 194.975000 1.632000 3.750000 1.657500 9.171806 -2.220771 -1.650132 0.082500
41 2 Car 0 0 15.121137 349.220000 114.118000 379.460000 194.975000 1.458400 3.968400 1.624000 21.244271 -0.547857 -1.681968 0.091800
41 3 Car 0 0 14.005941 349.220000 114.118000 379.460000 194.975000 1.675600 3.829900 1.643200 9.547698 -2.047457 -1.704382 0.082900
42 2 Car 0 0 15.157154 349.220000 114.118000 379.460000 194.975000 1.441800 3.968300 1.585900 21.647113 -0.379279 -1.301601 0.113500
42 3 Car 0 0 14.063836 349.220000 114.118000 379.460000 194.975000 1.633500 3.779300 1.648300 9.853342 -1.889953 -1.521079 0.118300
43 2 Car 0 0 15.158484 349.220000 114.118000 379.460000 194.975000 1.434300 4.039900 1.612400 22.086430 -0.305292 -1.404336 0.124100
43 3 Car 0 0 14.100828 349.220000 114.118000 379.460000 194.975000 1.584700 3.777300 1.652600 10.247039 -1.815960 -1.531772 0.089800
44 2 Car 0 0 15.127684 349.220000 114.118000 379.460000 194.975000 1.408000 4.038600 1.591800 22.443653 -0.072101 -1.649299 0.116400
44 3 Car 0 0 14.117648 349.220000 114.118000 379.460000 194.975000 1.645500 3.820800 1.666200 10.603018 -1.642688 -1.694718 0.113400
45 2 Car 0 0 15.131437 349.220000 114.118000 379.460000 194.975000 1.484300 3.990000 1.664700 22.764927 0.095170 -1.589715 0.111600
45 3 Car 0 0 14.144000 349.220000 114.118000 379.460000 194.975000 1.619000 3.756200 1.684400 10.867825 -1.496099 -1.646274 0.117300
46 2 Car 0 0 15.116760 349.220000 114.118000 379.460000 194.975000 1.442600 3.954100 1.623500 23.162944 0.196981 -1.551308 0.127300
46 3 Car 0 0 14.179083 349.220000 114.118000 379.460000 194.975000 1.581200 3.781800 1.650100 11.260046 -1.344502 -1.586783 0.143700
47 2 Car 0 0 15.139782 349.220000 114.118000 379.460000 194.975000 1.474400 4.243700 1.653400 23.642055 0.324495 -1.506168 0.104600
47 3 Car 0 0 14.208714 349.220000 114.118000 379.460000 194.975000 1.594400 3.765800 1.645900 11.649593 -1.225567 -1.551460 0.131900
48 2 Car 0 0 15.115609 349.220000 114.118000 379.460000 194.975000 1.412600 3.995000 1.580700 23.896096 0.515002 -1.488263 0.099800
48 3 Car 0 0 14.254378 349.220000 114.118000 379.460000 194.975000 1.624200 3.753100 1.634500 11.966830 -1.130095 -1.591616 0.106800
49 2 Car 0 0 15.079444 349.220000 114.118000 379.460000 194.975000 1.456200 4.025000 1.628200 24.216464 0.751636 -1.182822 0.131700
49 3 Car 0 0 14.236164 349.220000 114.118000 379.460000 194.975000 1.606400 3.730100 1.644600 12.269800 -1.029987 -1.469032 0.075700
50 2 Car 0 0 15.123249 349.220000 114.118000 379.460000 194.975000 1.418200 4.024500 1.566100 24.628290 0.889991 -1.605614 0.125500
50 3 Car 0 0 14.303853 349.220000 114.118000 379.460000 194.975000 1.573700 3.863200 1.646500 12.628670 -0.926741 -1.591994 0.101700
51 2 Car 0 0 15.126245 349.220000 114.118000 379.460000 194.975000 1.403200 4.102600 1.568000 25.056398 0.979920 -1.623209 0.114300
51 3 Car 0 0 14.363726 349.220000 114.118000 379.460000 194.975000 1.614500 3.847900 1.689000 13.086783 -0.795613 -1.618536 0.117900
52 2 Car 0 0 15.112844 349.220000 114.118000 379.460000 194.975000 1.463300 4.112900 1.606500 25.435076 1.109071 -1.684941 0.159200
52 3 Car 0 0 14.375336 349.220000 114.118000 379.460000 194.975000 1.643300 3.832400 1.696100 13.450006 -0.708247 -1.645082 0.095000
53 2 Car 0 0 15.065719 349.220000 114.118000 379.460000 194.975000 1.364800 3.588100 1.494700 25.611655 1.297853 -1.205982 0.178800
53 3 Car 0 0 14.434107 349.220000 114.118000 379.460000 194.975000 1.544700 3.783600 1.642600 13.796014 -0.546695 -1.403083 0.110000
54 2 Car 0 0 15.080418 349.220000 114.118000 379.460000 194.975000 1.373300 3.857600 1.515100 26.065685 1.297835 -1.575534 0.120000
54 3 Car 0 0 14.447961 349.220000 114.118000 379.460000 194.975000 1.645000 3.727600 1.668500 14.168401 -0.480630 -1.601487 0.106500
54 4 Car 0 0 1.056879 349.220000 114.118000 379.460000 194.975000 1.567800 4.282000 1.712600 53.273124 26.952471 -0.993395 3.073900
55 2 Car 0 0 15.041934 349.220000 114.118000 379.460000 194.975000 1.388100 3.714400 1.522100 26.395770 1.248411 -1.627366 0.044200
55 3 Car 0 0 14.493106 349.220000 114.118000 379.460000 194.975000 1.614100 4.003000 1.674400 14.614536 -0.418165 -1.620331 0.098300
55 4 Car 0 0 1.730059 349.220000 114.118000 379.460000 194.975000 1.567800 4.282000 1.712600 52.354999 26.567784 -0.993395 3.073900
56 2 Car 0 0 15.062061 349.220000 114.118000 379.460000 194.975000 1.384200 3.732400 1.513500 26.745149 1.218911 -1.636043 0.038100
56 3 Car 0 0 14.543855 349.220000 114.118000 379.460000 194.975000 1.565800 3.895900 1.650200 14.968836 -0.395942 -1.589128 0.112000
56 4 Car 0 0 1.029774 349.220000 114.118000 379.460000 194.975000 1.567800 4.282000 1.712600 51.299772 26.416883 -0.993395 3.073900
56 5 Car 0 0 1.498943 349.220000 114.118000 379.460000 194.975000 1.499800 3.719900 1.566200 42.519808 25.512027 -1.528500 -3.116200
57 2 Car 0 0 15.067356 349.220000 114.118000 379.460000 194.975000 1.429100 3.842800 1.539600 27.163177 1.344847 -1.690297 0.167400
57 3 Car 0 0 14.556902 349.220000 114.118000 379.460000 194.975000 1.582600 3.949900 1.649800 15.348602 -0.297842 -1.595223 0.094300
57 4 Car 0 0 1.267834 349.220000 114.118000 379.460000 194.975000 1.567800 4.282000 1.712600 50.233236 26.140822 -0.993395 3.073900
57 5 Car 0 0 1.498943 349.220000 114.118000 379.460000 194.975000 1.499800 3.719900 1.566200 41.489519 25.398343 -1.528500 -3.116200
58 2 Car 0 0 15.041304 349.220000 114.118000 379.460000 194.975000 1.476800 3.723600 1.572600 27.489270 1.506980 -1.641404 0.104400
58 3 Car 0 0 14.526326 349.220000 114.118000 379.460000 194.975000 1.625400 3.778600 1.689400 15.626652 -0.188065 -1.636884 0.095000
58 4 Car 0 0 1.289054 349.220000 114.118000 379.460000 194.975000 1.567800 4.282000 1.712600 49.289032 25.945759 -0.993395 3.073900
58 5 Car 0 0 2.023741 349.220000 114.118000 379.460000 194.975000 1.413100 3.493800 1.497600 40.340205 25.015565 -1.495470 -3.097700
59 2 Car 0 0 15.091643 349.220000 114.118000 379.460000 194.975000 1.481400 3.921400 1.576500 27.910800 1.514544 -1.638206 0.036000
59 3 Car 0 0 14.575327 349.220000 114.118000 379.460000 194.975000 1.629200 3.769100 1.629300 15.963079 -0.061159 -1.610805 0.127500
59 4 Car 0 0 1.058922 349.220000 114.118000 379.460000 194.975000 1.567800 4.282000 1.712600 48.114989 25.850317 -0.993395 3.073900
59 5 Car 0 0 1.736356 349.220000 114.118000 379.460000 194.975000 1.509600 3.739800 1.556500 39.271032 24.867538 -1.450164 -3.086200
60 2 Car 0 0 15.054432 349.220000 114.118000 379.460000 194.975000 1.411100 3.523900 1.519400 28.220448 1.546266 -1.335863 0.099800
60 3 Car 0 0 14.657240 349.220000 114.118000 379.460000 194.975000 1.665200 4.218900 1.640500 16.503701 -0.009089 -1.466548 0.092800
60 4 Car 0 0 0.955498 349.220000 114.118000 379.460000 194.975000 1.567800 4.282000 1.712600 47.182354 25.737643 -0.993395 3.073900
60 5 Car 0 0 1.297984 349.220000 114.118000 379.460000 194.975000 1.509600 3.739800 1.556500 38.282883 24.825388 -1.450164 -3.086200
61 2 Car 0 0 15.029806 349.220000 114.118000 379.460000 194.975000 1.450800 3.608400 1.585400 28.545688 1.722557 -1.800880 0.131000
61 3 Car 0 0 14.665428 349.220000 114.118000 379.460000 194.975000 1.591300 4.136200 1.642400 16.867195 0.128500 -1.678638 0.092700
61 4 Car 0 0 0.748897 349.220000 114.118000 379.460000 194.975000 1.567800 4.282000 1.712600 46.056451 25.652455 -0.993395 3.073900
61 5 Car 0 0 0.844197 349.220000 114.118000 379.460000 194.975000 1.542300 3.744000 1.608600 37.227343 24.816406 -1.745783 -3.130000
62 2 Car 0 0 15.052944 349.220000 114.118000 379.460000 194.975000 1.441200 3.754800 1.561100 28.868674 1.888941 -1.914164 0.141700
62 3 Car 0 0 14.663050 349.220000 114.118000 379.460000 194.975000 1.591600 4.064500 1.668600 17.102268 0.214699 -1.735029 0.084600
62 4 Car 0 0 0.550847 349.220000 114.118000 379.460000 194.975000 1.567800 4.282000 1.712600 44.950842 25.612923 -0.993395 3.073900
62 5 Car 0 0 0.748083 349.220000 114.118000 379.460000 194.975000 1.524500 3.980000 1.623200 36.226542 24.713261 -1.893955 -3.109100
63 2 Car 0 0 15.096157 349.220000 114.118000 379.460000 194.975000 1.451400 3.837700 1.568200 29.366398 1.955250 -1.802840 0.132000
63 3 Car 0 0 14.693599 349.220000 114.118000 379.460000 194.975000 1.627400 4.270200 1.655800 17.519286 0.310283 -1.720764 0.107000
63 4 Car 0 0 0.404355 349.220000 114.118000 379.460000 194.975000 1.567800 4.282000 1.712600 43.780435 25.542378 -0.993395 3.073900
63 5 Car 0 0 0.458753 349.220000 114.118000 379.460000 194.975000 1.584600 4.036200 1.666000 35.091431 24.698318 -1.780934 -3.049000
64 2 Car 0 0 15.027071 349.220000 114.118000 379.460000 194.975000 1.406700 3.609100 1.502500 29.579485 2.102863 -1.581734 0.123000
64 3 Car 0 0 14.657979 349.220000 114.118000 379.460000 194.975000 1.605900 4.068200 1.657600 17.784608 0.421230 -1.591950 0.114000
64 4 Car 0 0 0.511551 349.220000 114.118000 379.460000 194.975000 1.567800 4.282000 1.712600 42.776885 25.386925 -0.993395 3.073900
64 5 Car 0 0 0.242363 349.220000 114.118000 379.460000 194.975000 1.448400 3.981000 1.579500 33.991918 24.701024 -1.561902 -3.093400
65 2 Car 0 0 15.036889 349.220000 114.118000 379.460000 194.975000 1.485400 3.756300 1.564400 29.889103 2.017182 -1.058087 -0.034800
65 3 Car 0 0 14.721394 349.220000 114.118000 379.460000 194.975000 1.584500 4.423900 1.659500 18.152540 0.545433 -1.253183 0.111600
65 4 Car 0 0 0.394033 349.220000 114.118000 379.460000 194.975000 1.567800 4.282000 1.712600 41.643726 25.314227 -0.993395 3.073900
65 5 Car 0 0 0.160274 349.220000 114.118000 379.460000 194.975000 1.448400 3.981000 1.579500 32.801305 24.630144 -1.561902 -3.093400
66 2 Car 0 0 15.062291 349.220000 114.118000 379.460000 194.975000 1.456600 3.805000 1.552900 30.337244 1.886222 -1.488008 -0.108300
66 3 Car 0 0 14.758825 349.220000 114.118000 379.460000 194.975000 1.665000 4.352900 1.690700 18.585545 0.613392 -1.566725 0.093200
66 4 Car 0 0 0.143747 349.220000 114.118000 379.460000 194.975000 1.567800 4.282000 1.712600 40.531687 25.333585 -0.993395 3.073900
66 5 Car 0 0 0.311378 349.220000 114.118000 379.460000 194.975000 1.445300 3.792100 1.529400 31.733355 24.478847 -1.384115 -3.085100
67 2 Car 0 0 15.092014 349.220000 114.118000 379.460000 194.975000 1.512600 3.804000 1.599300 30.796306 2.010387 -1.656316 0.074400
67 3 Car 0 0 14.744080 349.220000 114.118000 379.460000 194.975000 1.664000 4.456400 1.657100 18.894766 0.673527 -1.601100 0.079400
67 4 Car 0 0 0.273567 349.220000 114.118000 379.460000 194.975000 1.567800 4.282000 1.712600 39.577328 25.149176 -0.993395 3.073900
67 5 Car 0 0 0.211150 349.220000 114.118000 379.460000 194.975000 1.458000 3.775900 1.539500 30.655166 24.412339 -1.464582 -3.055100
68 2 Car 0 0 15.074398 349.220000 114.118000 379.460000 194.975000 1.490900 3.899100 1.573700 31.011883 2.054921 -1.719855 0.034200
68 3 Car 0 0 14.713631 349.220000 114.118000 379.460000 194.975000 1.619000 4.336700 1.627300 19.043441 0.771479 -1.610034 0.115700
68 5 Car 0 0 0.150304 349.220000 114.118000 379.460000 194.975000 1.477000 3.867000 1.577800 29.451486 24.311245 -1.558591 -3.078800
68 4 Car 0 0 0.273567 349.220000 114.118000 379.460000 194.975000 1.567800 4.282000 1.712600 38.417616 25.011859 -0.993395 3.073900
69 2 Car 0 0 15.051284 349.220000 114.118000 379.460000 194.975000 1.474000 3.997000 1.574700 31.331456 2.051491 -1.278117 -0.036600
69 3 Car 0 0 14.713305 349.220000 114.118000 379.460000 194.975000 1.601500 4.397400 1.678700 19.384415 0.763769 -1.355201 0.039000
69 5 Car 0 0 0.150304 349.220000 114.118000 379.460000 194.975000 1.477000 3.867000 1.577800 28.401997 24.210893 -1.558591 -3.078800
69 4 Car 0 0 0.112042 349.220000 114.118000 379.460000 194.975000 1.567800 4.282000 1.712600 37.294894 24.961327 -0.993395 3.073900
70 2 Car 0 0 15.098182 349.220000 114.118000 379.460000 194.975000 1.481500 3.879200 1.577200 31.691008 2.175388 -1.659423 0.111200
70 3 Car 0 0 14.734944 349.220000 114.118000 379.460000 194.975000 1.595100 4.242900 1.641100 19.657911 0.754468 -1.641865 0.062500
70 4 Car 0 0 0.175121 349.220000 114.118000 379.460000 194.975000 1.567800 4.282000 1.712600 36.173308 24.775234 -0.993395 3.073900
71 2 Car 0 0 15.069097 349.220000 114.118000 379.460000 194.975000 1.481500 3.879200 1.577200 32.009806 2.052294 -1.659423 0.111200
71 3 Car 0 0 14.717865 349.220000 114.118000 379.460000 194.975000 1.599400 4.289600 1.654900 19.951168 0.679913 -1.337029 0.051700
71 4 Car 0 0 0.263466 349.220000 114.118000 379.460000 194.975000 1.567800 4.282000 1.712600 35.185392 24.607797 -0.993395 3.073900
72 2 Car 0 0 15.061309 349.220000 114.118000 379.460000 194.975000 1.481500 3.879200 1.577200 32.336587 2.205928 -1.659423 0.111200
72 3 Car 0 0 14.668633 349.220000 114.118000 379.460000 194.975000 1.588200 4.150900 1.642000 20.163803 0.723504 -1.610901 0.051400
72 4 Car 0 0 0.255101 349.220000 114.118000 379.460000 194.975000 1.567800 4.282000 1.712600 34.081519 24.460442 -0.993395 3.073900
73 3 Car 0 0 14.679327 349.220000 114.118000 379.460000 194.975000 1.622000 4.246800 1.671700 20.388364 0.795202 -1.647505 0.036100
73 4 Car 0 0 0.295913 349.220000 114.118000 379.460000 194.975000 1.567800 4.282000 1.712600 33.139426 24.316971 -0.993395 3.073900
73 2 Car 0 0 15.061309 349.220000 114.118000 379.460000 194.975000 1.481500 3.879200 1.577200 31.091528 2.061597 -1.659423 0.111200
74 3 Car 0 0 14.683239 349.220000 114.118000 379.460000 194.975000 1.585800 4.316200 1.629600 20.718774 0.811271 -1.623600 0.027600
74 4 Car 0 0 0.251417 349.220000 114.118000 379.460000 194.975000 1.567800 4.282000 1.712600 32.056299 24.208265 -0.993395 3.073900
75 3 Car 0 0 14.680436 349.220000 114.118000 379.460000 194.975000 1.603500 4.527600 1.703000 21.042406 0.733254 -1.590602 -0.002000
75 4 Car 0 0 0.210050 349.220000 114.118000 379.460000 194.975000 1.567800 4.282000 1.712600 30.980396 24.084772 -0.993395 3.073900
76 3 Car 0 0 14.699136 349.220000 114.118000 379.460000 194.975000 1.574600 4.525100 1.640400 21.287634 0.743623 -1.582898 0.026000
76 4 Car 0 0 0.267248 349.220000 114.118000 379.460000 194.975000 1.567800 4.282000 1.712600 30.005498 23.918043 -0.993395 3.073900
77 3 Car 0 0 14.625668 349.220000 114.118000 379.460000 194.975000 1.583800 4.128200 1.607900 21.428850 0.731280 -1.592844 0.021200
77 4 Car 0 0 0.304618 349.220000 114.118000 379.460000 194.975000 1.567800 4.282000 1.712600 29.073968 23.756849 -0.993395 3.073900
78 3 Car 0 0 14.609208 349.220000 114.118000 379.460000 194.975000 1.578900 4.421600 1.671400 21.703344 0.677447 -1.356051 0.035300
78 4 Car 0 0 0.324186 349.220000 114.118000 379.460000 194.975000 1.567800 4.282000 1.712600 28.017733 23.598762 -0.993395 3.073900
79 3 Car 0 0 14.643941 349.220000 114.118000 379.460000 194.975000 1.596600 4.490900 1.679700 21.986861 0.644626 -1.670326 0.005900
79 4 Car 0 0 0.246248 349.220000 114.118000 379.460000 194.975000 1.567800 4.282000 1.712600 26.956298 23.526048 -0.993395 3.073900
80 3 Car 0 0 14.620359 349.220000 114.118000 379.460000 194.975000 1.605800 4.488400 1.646100 22.243262 0.677726 -1.659275 0.039500
80 4 Car 0 0 0.259267 349.220000 114.118000 379.460000 194.975000 1.553700 3.973300 1.644200 26.086961 23.460453 -1.155437 3.117000
81 3 Car 0 0 14.563321 349.220000 114.118000 379.460000 194.975000 1.711900 4.242200 1.692600 22.416617 0.713916 -1.655897 0.044300
81 4 Car 0 0 0.259267 349.220000 114.118000 379.460000 194.975000 1.553700 3.973300 1.644200 25.016525 23.386323 -1.155437 3.117000
82 3 Car 0 0 14.592623 349.220000 114.118000 379.460000 194.975000 1.582600 4.325800 1.641300 22.690121 0.646278 -1.531302 -0.007200
83 3 Car 0 0 14.604521 349.220000 114.118000 379.460000 194.975000 1.654400 4.554900 1.655400 23.033152 0.627081 -1.599595 -0.036500
84 3 Car 0 0 14.584408 349.220000 114.118000 379.460000 194.975000 1.627100 4.485300 1.691400 23.180839 0.668523 -1.584175 0.012900
85 3 Car 0 0 14.575853 349.220000 114.118000 379.460000 194.975000 1.588400 4.434900 1.637700 23.463613 0.735093 -1.505153 0.050800
86 3 Car 0 0 14.568436 349.220000 114.118000 379.460000 194.975000 1.555900 4.460100 1.623200 23.766313 0.643016 -1.495789 -0.034200
87 3 Car 0 0 14.579283 349.220000 114.118000 379.460000 194.975000 1.588500 4.553600 1.648400 23.987691 0.621102 -1.571747 -0.001600
87 6 Car 0 0 0.000000 349.220000 114.118000 379.460000 194.975000 1.468600 3.672400 1.574800 -102.009945 9.089535 -0.315782 -1.592400
88 3 Car 0 0 14.555607 349.220000 114.118000 379.460000 194.975000 1.587600 4.429600 1.661300 24.243165 0.654363 -1.585525 0.025700
89 3 Car 0 0 14.581739 349.220000 114.118000 379.460000 194.975000 1.576800 4.548500 1.660000 24.620410 0.620710 -1.586506 0.009400
90 3 Car 0 0 14.601729 349.220000 114.118000 379.460000 194.975000 1.602400 4.526400 1.648600 24.878228 0.637231 -1.547040 0.020400
91 3 Car 0 0 14.579474 349.220000 114.118000 379.460000 194.975000 1.549900 4.424600 1.652100 25.146142 0.603121 -1.498837 -0.042400
92 3 Car 0 0 14.567759 349.220000 114.118000 379.460000 194.975000 1.586800 4.490700 1.632600 25.437235 0.625158 -1.382999 -0.032800
93 3 Car 0 0 14.609425 349.220000 114.118000 379.460000 194.975000 1.569000 4.498300 1.665500 25.736895 0.666470 -0.947154 0.005000
94 3 Car 0 0 14.603219 349.220000 114.118000 379.460000 194.975000 1.613400 4.453600 1.644400 26.042420 0.639589 -1.550936 -0.025400
94 7 Car 0 0 0.000000 349.220000 114.118000 379.460000 194.975000 1.454700 3.780200 1.554600 -110.074780 10.235039 0.482658 -3.062600
95 3 Car 0 0 14.657790 349.220000 114.118000 379.460000 194.975000 1.573900 4.515000 1.651600 26.368259 0.607785 -1.583457 -0.033800
96 3 Car 0 0 14.674901 349.220000 114.118000 379.460000 194.975000 1.563900 4.445500 1.629100 26.721623 0.612225 -1.575975 -0.004100
97 3 Car 0 0 14.679102 349.220000 114.118000 379.460000 194.975000 1.553000 4.462000 1.626000 27.036901 0.641079 -1.579831 -0.008400
98 3 Car 0 0 14.701479 349.220000 114.118000 379.460000 194.975000 1.603500 4.424100 1.621400 27.273534 0.705851 -1.272057 -0.010300
99 3 Car 0 0 14.740802 349.220000 114.118000 379.460000 194.975000 1.577800 4.536700 1.642200 27.670226 0.675506 -1.639065 0.021700
100 3 Car 0 0 14.701901 349.220000 114.118000 379.460000 194.975000 1.566700 4.229000 1.650300 27.874527 0.594778 -1.653670 -0.048000
101 3 Car 0 0 14.781154 349.220000 114.118000 379.460000 194.975000 1.589700 4.456100 1.623700 28.233949 0.588023 -1.587282 0.004000
102 3 Car 0 0 14.836223 349.220000 114.118000 379.460000 194.975000 1.581400 4.528200 1.640400 28.653600 0.562069 -1.548917 0.003600
103 3 Car 0 0 14.847013 349.220000 114.118000 379.460000 194.975000 1.574700 4.391400 1.614500 28.967291 0.559241 -1.596629 0.002800
103 8 Car 0 0 1.710403 349.220000 114.118000 379.460000 194.975000 1.512500 3.961600 1.597900 50.161617 23.791093 -1.144879 -3.044700
104 3 Car 0 0 14.884818 349.220000 114.118000 379.460000 194.975000 1.589900 4.355600 1.605500 29.214566 0.587045 -1.184553 -0.053800
104 8 Car 0 0 1.531825 349.220000 114.118000 379.460000 194.975000 1.514600 4.170700 1.634400 48.774796 23.845816 -0.434893 -3.081400
105 3 Car 0 0 14.942068 349.220000 114.118000 379.460000 194.975000 1.608100 4.523300 1.634400 29.622745 0.609536 -1.596822 0.004500
105 8 Car 0 0 1.060187 349.220000 114.118000 379.460000 194.975000 1.463700 4.079100 1.594600 47.597674 23.782482 -1.138819 -3.056000
106 3 Car 0 0 15.027221 349.220000 114.118000 379.460000 194.975000 1.592200 4.594100 1.648300 29.973583 0.571556 -1.576539 -0.037800
106 8 Car 0 0 0.658082 349.220000 114.118000 379.460000 194.975000 1.497400 4.100500 1.635900 46.443634 23.699860 -1.276367 -3.039900
107 3 Car 0 0 15.068530 349.220000 114.118000 379.460000 194.975000 1.625700 4.530400 1.640900 30.345308 0.505657 -1.632250 -0.033900
107 8 Car 0 0 0.331119 349.220000 114.118000 379.460000 194.975000 1.582200 4.127100 1.677800 45.312966 23.583084 -1.297297 -3.122800
107 9 Car 0 0 0.000000 349.220000 114.118000 379.460000 194.975000 1.497400 4.182300 1.635400 -125.911484 11.553457 -1.218566 -3.131700
107 10 Car 0 0 0.000000 349.220000 114.118000 379.460000 194.975000 1.482600 3.984200 1.599000 -125.911484 11.553457 -1.218643 3.096100
108 3 Car 0 0 15.021706 349.220000 114.118000 379.460000 194.975000 1.480700 4.119500 1.577400 30.502132 0.482040 -1.773531 -0.044100
108 8 Car 0 0 0.167499 349.220000 114.118000 379.460000 194.975000 1.471200 3.986800 1.598300 44.019882 23.485495 -1.367544 -3.069300
109 3 Car 0 0 15.079031 349.220000 114.118000 379.460000 194.975000 1.595900 4.542000 1.645100 30.888275 0.494754 -1.767855 -0.000000
109 8 Car 0 0 -0.036388 349.220000 114.118000 379.460000 194.975000 1.471200 3.986800 1.598300 42.751493 23.367285 -1.367544 -3.069300
110 3 Car 0 0 15.153033 349.220000 114.118000 379.460000 194.975000 1.580000 4.442700 1.625300 31.180250 0.457852 -1.740616 -0.051000
110 8 Car 0 0 -0.021420 349.220000 114.118000 379.460000 194.975000 1.471200 3.986800 1.598300 41.536531 23.317395 -1.367544 -3.069300
110 11 Car 0 0 1.566014 349.220000 114.118000 379.460000 194.975000 1.520800 4.042300 1.623900 48.114342 23.685224 -1.474474 -3.104400
110 12 Car 0 0 1.710300 349.220000 114.118000 379.460000 194.975000 1.565900 3.915000 1.582700 35.395041 23.288556 -1.372055 3.084600
111 3 Car 0 0 15.208653 349.220000 114.118000 379.460000 194.975000 1.626200 4.586100 1.662900 31.551260 0.507189 -1.685163 0.014700
111 8 Car 0 0 -0.099219 349.220000 114.118000 379.460000 194.975000 1.507700 4.142900 1.610700 40.298170 23.257099 -1.391037 -3.103200
111 11 Car 0 0 0.951588 349.220000 114.118000 379.460000 194.975000 1.564800 4.158300 1.665800 46.836074 23.680502 -1.381353 -2.940400
111 12 Car 0 0 1.613833 349.220000 114.118000 379.460000 194.975000 1.494700 3.933000 1.579200 34.040278 23.282191 -1.293033 3.087700
112 3 Car 0 0 15.291866 349.220000 114.118000 379.460000 194.975000 1.593700 4.462800 1.628700 31.853054 0.500417 -1.543620 -0.030600
112 8 Car 0 0 0.103979 349.220000 114.118000 379.460000 194.975000 1.585800 4.205300 1.670400 38.951294 23.253899 -1.177510 -3.084400
112 12 Car 0 0 1.308043 349.220000 114.118000 379.460000 194.975000 1.412900 3.761600 1.526800 32.735548 23.254487 -1.211814 3.100100
112 11 Car 0 0 0.951588 349.220000 114.118000 379.460000 194.975000 1.564800 4.158300 1.665800 45.454879 23.651611 -1.381353 -2.940400
113 3 Car 0 0 15.329349 349.220000 114.118000 379.460000 194.975000 1.595700 4.501300 1.649400 32.188410 0.317243 -1.146999 -0.078100
113 8 Car 0 0 -0.203818 349.220000 114.118000 379.460000 194.975000 1.525800 4.306600 1.675900 37.757993 23.137181 -0.647979 -3.110100
113 12 Car 0 0 1.069304 349.220000 114.118000 379.460000 194.975000 1.499400 4.006400 1.593700 31.531830 23.131967 -0.795987 3.128800
114 3 Car 0 0 15.360810 349.220000 114.118000 379.460000 194.975000 1.621700 4.585300 1.650800 32.490053 0.383025 -1.624251 -0.014400
114 8 Car 0 0 0.086486 349.220000 114.118000 379.460000 194.975000 1.484300 3.986800 1.595300 36.378347 23.159619 -1.361677 -3.089500
114 12 Car 0 0 1.140396 349.220000 114.118000 379.460000 194.975000 1.522400 3.827200 1.576600 30.100233 23.155392 -1.360214 3.099700
115 3 Car 0 0 15.356694 349.220000 114.118000 379.460000 194.975000 1.521800 4.295200 1.598600 32.576026 0.502867 -1.696348 0.053100
115 8 Car 0 0 -0.039884 349.220000 114.118000 379.460000 194.975000 1.457800 3.791500 1.582600 34.849065 23.092705 -1.451770 -3.083300
115 12 Car 0 0 0.831645 349.220000 114.118000 379.460000 194.975000 1.444500 3.979700 1.575500 28.842850 23.100551 -1.400771 3.073400
116 3 Car 0 0 15.344029 349.220000 114.118000 379.460000 194.975000 1.458600 4.125000 1.601700 32.759286 0.587231 -1.712221 0.080700
116 8 Car 0 0 0.162284 349.220000 114.118000 379.460000 194.975000 1.515000 4.049200 1.659500 33.563319 23.115623 -1.519033 -3.036000
116 12 Car 0 0 0.835259 349.220000 114.118000 379.460000 194.975000 1.509700 4.077100 1.625600 27.453678 23.104287 -1.541599 3.117000
116 11 Car 0 0 0.650666 349.220000 114.118000 379.460000 194.975000 1.482500 4.112800 1.628400 40.334333 23.404633 -1.516438 -3.137500
117 3 Car 0 0 15.366470 349.220000 114.118000 379.460000 194.975000 1.550100 4.340600 1.606500 33.026323 0.484349 -1.737514 -0.015000
117 8 Car 0 0 0.056862 349.220000 114.118000 379.460000 194.975000 1.515000 4.049200 1.659500 32.076951 23.066018 -1.519033 -3.036000
117 11 Car 0 0 0.614657 349.220000 114.118000 379.460000 194.975000 1.462900 4.058400 1.630500 38.958966 23.362817 -1.511777 -3.124800
117 12 Car 0 0 0.835259 349.220000 114.118000 379.460000 194.975000 1.509700 4.077100 1.625600 26.150844 23.093806 -1.541599 3.117000
118 3 Car 0 0 15.465369 349.220000 114.118000 379.460000 194.975000 1.670300 4.449700 1.685500 33.301273 0.450685 -1.727048 0.001300
118 11 Car 0 0 0.573490 349.220000 114.118000 379.460000 194.975000 1.461200 4.047000 1.637100 37.549836 23.313045 -1.490437 -3.114800
118 8 Car 0 0 0.056862 349.220000 114.118000 379.460000 194.975000 1.515000 4.049200 1.659500 30.630521 23.053806 -1.519033 -3.036000
119 3 Car 0 0 15.471403 349.220000 114.118000 379.460000 194.975000 1.578700 4.430400 1.627400 33.513249 0.512350 -1.135736 -0.019200
119 11 Car 0 0 0.470585 349.220000 114.118000 379.460000 194.975000 1.455600 4.037700 1.617100 36.184595 23.301840 -0.899527 -3.140400
119 8 Car 0 0 0.410753 349.220000 114.118000 379.460000 194.975000 1.594300 4.590100 1.729300 29.825273 23.130398 -0.979822 -3.117800
120 3 Car 0 0 15.539403 349.220000 114.118000 379.460000 194.975000 1.616100 4.470900 1.634900 33.719207 0.514845 -1.733399 0.020500
120 11 Car 0 0 0.480947 349.220000 114.118000 379.460000 194.975000 1.463600 4.129800 1.619900 34.827441 23.233906 -1.427744 -3.138300
120 8 Car 0 0 0.397407 349.220000 114.118000 379.460000 194.975000 1.682100 4.531300 1.735000 28.420864 23.128895 -1.454912 -3.061500
121 3 Car 0 0 15.541316 349.220000 114.118000 379.460000 194.975000 1.541300 4.392900 1.620100 33.918961 0.446274 -1.776870 0.016000
121 11 Car 0 0 0.465074 349.220000 114.118000 379.460000 194.975000 1.463600 4.129800 1.619900 33.513471 23.189660 -1.427744 -3.138300
121 8 Car 0 0 0.397407 349.220000 114.118000 379.460000 194.975000 1.682100 4.531300 1.735000 27.089040 23.116189 -1.454912 -3.061500
122 3 Car 0 0 15.584854 349.220000 114.118000 379.460000 194.975000 1.674100 4.542400 1.640800 34.201023 0.367568 -1.761137 -0.050200
122 11 Car 0 0 0.441541 349.220000 114.118000 379.460000 194.975000 1.463600 4.129800 1.619900 32.162941 23.155887 -1.427744 -3.138300
123 3 Car 0 0 15.520634 349.220000 114.118000 379.460000 194.975000 1.584000 4.370400 1.595800 34.257220 0.408986 -1.622775 -0.000300
123 11 Car 0 0 0.542601 349.220000 114.118000 379.460000 194.975000 1.434000 3.562600 1.536900 30.682110 23.102286 -1.394332 -3.126700
124 3 Car 0 0 15.538108 349.220000 114.118000 379.460000 194.975000 1.486800 4.252600 1.590700 34.342912 0.336335 -1.636029 -0.015100
124 11 Car 0 0 0.441088 349.220000 114.118000 379.460000 194.975000 1.434000 3.562600 1.536900 29.396600 23.060828 -1.394332 -3.126700
125 3 Car 0 0 15.470187 349.220000 114.118000 379.460000 194.975000 1.406200 3.939900 1.530000 34.382333 0.446395 -1.094815 0.041900
125 11 Car 0 0 0.363542 349.220000 114.118000 379.460000 194.975000 1.434000 3.562600 1.536900 28.243772 23.015986 -1.394332 -3.126700
126 3 Car 0 0 15.492608 349.220000 114.118000 379.460000 194.975000 1.418600 3.946400 1.558100 34.463539 0.560436 -1.572590 0.131800
126 11 Car 0 0 0.256767 349.220000 114.118000 379.460000 194.975000 1.422500 3.743400 1.554900 27.020304 22.974883 -1.385613 -3.136200
127 3 Car 0 0 15.524941 349.220000 114.118000 379.460000 194.975000 1.541300 4.397400 1.640400 34.731878 0.437301 -1.021469 0.012600
127 11 Car 0 0 0.256767 349.220000 114.118000 379.460000 194.975000 1.422500 3.743400 1.554900 25.697015 22.951103 -1.385613 -3.136200
128 3 Car 0 0 15.532658 349.220000 114.118000 379.460000 194.975000 1.609900 4.473700 1.626200 34.934096 0.281067 -1.632316 0.024400
129 3 Car 0 0 15.566937 349.220000 114.118000 379.460000 194.975000 1.583800 4.511000 1.652900 35.058663 0.352806 -1.048867 0.053000
130 3 Car 0 0 15.620524 349.220000 114.118000 379.460000 194.975000 1.634700 4.649700 1.681900 35.361162 0.254131 -1.551575 0.006500
131 3 Car 0 0 15.565858 349.220000 114.118000 379.460000 194.975000 1.641600 4.539300 1.652100 35.438634 0.229609 -1.460792 -0.004000
132 3 Car 0 0 15.542032 349.220000 114.118000 379.460000 194.975000 1.581500 4.356800 1.606700 35.442607 0.190939 -1.213131 -0.005800
133 3 Car 0 0 15.527963 349.220000 114.118000 379.460000 194.975000 1.639900 4.557300 1.650000 35.605385 0.182723 -1.257318 0.034600
133 13 Car 0 0 3.331120 349.220000 114.118000 379.460000 194.975000 1.483000 4.041200 1.604200 56.131881 23.345110 -0.913572 -3.119600
134 3 Car 0 0 15.532224 349.220000 114.118000 379.460000 194.975000 1.588800 4.516900 1.656600 35.810372 0.200376 -1.453570 0.014100
134 13 Car 0 0 3.022153 349.220000 114.118000 379.460000 194.975000 1.451400 3.933300 1.592300 54.862932 23.337762 -1.155949 -3.131900
135 3 Car 0 0 15.498565 349.220000 114.118000 379.460000 194.975000 1.573500 4.271800 1.609600 35.804473 0.227556 -1.732092 -0.007600
135 13 Car 0 0 2.626571 349.220000 114.118000 379.460000 194.975000 1.507400 3.726800 1.593100 53.431106 23.375931 -1.572251 -3.103000
136 3 Car 0 0 15.497352 349.220000 114.118000 379.460000 194.975000 1.590300 4.493700 1.650300 35.998671 0.227456 -1.897494 0.007500
136 13 Car 0 0 2.204099 349.220000 114.118000 379.460000 194.975000 1.498000 3.771600 1.568500 52.068759 23.418139 -1.619449 -3.049500
137 3 Car 0 0 15.487827 349.220000 114.118000 379.460000 194.975000 1.633700 4.598900 1.646500 36.172663 0.329162 -1.699387 0.063600
137 13 Car 0 0 1.798261 349.220000 114.118000 379.460000 194.975000 1.523200 3.849700 1.587700 50.698777 23.540656 -1.469577 -2.962600
