3 0 Car 0 0 6.494303 349.220000 114.118000 379.460000 194.975000 1.560100 4.039000 1.674300 13.623441 9.980439 -1.362553 2.342200
3 1 Car 0 0 7.583150 349.220000 114.118000 379.460000 194.975000 1.654400 3.773300 1.693400 13.117429 -9.683407 -1.451817 -1.116800
4 0 Car 0 0 6.538065 349.220000 114.118000 379.460000 194.975000 1.492800 3.881100 1.609900 12.406786 10.568813 -1.386130 2.405900
4 1 Car 0 0 7.778441 349.220000 114.118000 379.460000 194.975000 1.645700 4.143400 1.713500 13.106000 -10.091768 -1.452333 -1.064600
5 1 Car 0 0 8.171518 349.220000 114.118000 379.460000 194.975000 1.678800 4.387200 1.774600 13.146498 -10.556376 -1.501000 -1.112900
5 0 Car 0 0 6.538065 349.220000 114.118000 379.460000 194.975000 1.492800 3.881100 1.609900 11.444506 10.897135 -1.386130 2.405900
6 1 Car 0 0 8.300136 349.220000 114.118000 379.460000 194.975000 1.658100 4.327400 1.741100 13.171314 -10.934909 -1.566635 -1.132600
7 1 Car 0 0 8.099599 349.220000 114.118000 379.460000 194.975000 1.596800 4.283000 1.684100 13.271328 -11.115358 -1.629606 -1.055800
7 2 Car 0 0 5.239125 349.220000 114.118000 379.460000 194.975000 1.619000 4.061300 1.703500 22.756685 -14.681645 -1.596099 1.930300
8 1 Car 0 0 7.978624 349.220000 114.118000 379.460000 194.975000 1.555100 4.144400 1.649500 13.377580 -11.346083 -1.657222 -1.081300
8 2 Car 0 0 5.449430 349.220000 114.118000 379.460000 194.975000 1.601300 3.976200 1.642300 22.474301 -13.418196 -1.676585 1.951400
9 1 Car 0 0 7.956748 349.220000 114.118000 379.460000 194.975000 1.519100 4.145700 1.631800 13.514135 -11.567539 -1.496625 -1.070500
9 2 Car 0 0 5.751753 349.220000 114.118000 379.460000 194.975000 1.624000 4.015900 1.688700 22.110187 -12.080786 -1.425917 2.004700
10 1 Car 0 0 8.185667 349.220000 114.118000 379.460000 194.975000 1.552900 4.274400 1.643500 13.756905 -11.736079 -1.676765 -1.072900
10 2 Car 0 0 6.240306 349.220000 114.118000 379.460000 194.975000 1.616300 3.936900 1.632100 21.702630 -10.516647 -1.717743 2.011600
11 1 Car 0 0 8.315764 349.220000 114.118000 379.460000 194.975000 1.588800 4.242700 1.684700 14.064641 -11.924710 -1.776466 -1.055500
11 2 Car 0 0 6.446324 349.220000 114.118000 379.460000 194.975000 1.592800 4.018400 1.631500 21.283108 -9.056050 -1.742100 2.099100
11 3 Car 0 0 0.000000 349.220000 114.118000 379.460000 194.975000 1.963100 4.334900 1.697600 -8.728099 -2.119814 -1.634079 2.072300
12 1 Car 0 0 8.386636 349.220000 114.118000 379.460000 194.975000 1.588800 4.424600 1.687000 14.456660 -12.054592 -1.804147 -0.976500
12 2 Car 0 0 6.778098 349.220000 114.118000 379.460000 194.975000 1.555500 4.044900 1.635600 20.703513 -7.580667 -1.757539 2.131400
12 4 Car 0 0 5.801845 349.220000 114.118000 379.460000 194.975000 1.540500 4.280100 1.683700 26.501794 -16.915171 -1.833312 2.161000
13 1 Car 0 0 8.379497 349.220000 114.118000 379.460000 194.975000 1.542500 4.186300 1.639700 14.858803 -12.075315 -1.763515 -0.928700
13 2 Car 0 0 6.743536 349.220000 114.118000 379.460000 194.975000 1.513600 4.004800 1.603800 20.036008 -6.146764 -1.710739 2.173300
13 4 Car 0 0 5.834476 349.220000 114.118000 379.460000 194.975000 1.512100 4.042900 1.624000 26.335955 -15.417728 -1.865074 2.163200
14 1 Car 0 0 8.454143 349.220000 114.118000 379.460000 194.975000 1.647400 4.293400 1.746300 15.298227 -12.152988 -1.790242 -0.892600
14 2 Car 0 0 6.763250 349.220000 114.118000 379.460000 194.975000 1.609000 4.051800 1.652700 19.345392 -4.796038 -1.739706 2.230400
14 4 Car 0 0 5.907028 349.220000 114.118000 379.460000 194.975000 1.535700 4.352200 1.656400 26.120673 -13.925909 -1.766935 2.222600
14 5 Car 0 0 5.047040 349.220000 114.118000 379.460000 194.975000 2.023700 4.381000 1.725600 11.794628 5.789130 -1.725788 2.233200
15 1 Car 0 0 8.569836 349.220000 114.118000 379.460000 194.975000 1.640500 4.376300 1.713800 15.754255 -12.168542 -1.804896 -0.853400
15 2 Car 0 0 6.758916 349.220000 114.118000 379.460000 194.975000 1.589100 4.048700 1.614600 18.516905 -3.434041 -1.679807 2.268200
15 4 Car 0 0 6.101688 349.220000 114.118000 379.460000 194.975000 1.396100 3.973500 1.548500 25.671970 -12.353910 -1.799452 2.257400
15 5 Car 0 0 5.047040 349.220000 114.118000 379.460000 194.975000 2.023700 4.381000 1.725600 10.909671 6.285813 -1.725788 2.233200
15 6 Car 0 0 0.610334 349.220000 114.118000 379.460000 194.975000 1.521300 4.028000 1.588700 32.420422 -20.928808 -1.820689 2.245700
16 1 Car 0 0 8.492116 349.220000 114.118000 379.460000 194.975000 1.693400 4.093300 1.692100 16.145709 -12.189500 -1.836333 -0.879800
16 2 Car 0 0 6.890107 349.220000 114.118000 379.460000 194.975000 1.544900 4.062500 1.670400 17.592719 -2.175565 -1.689463 2.288900
16 4 Car 0 0 5.986731 349.220000 114.118000 379.460000 194.975000 1.503700 3.947900 1.590500 25.312269 -10.830992 -1.819842 2.317600
16 6 Car 0 0 0.759920 349.220000 114.118000 379.460000 194.975000 1.447400 4.389700 1.637200 32.698520 -19.544305 -1.841673 2.275300
17 1 Car 0 0 8.492702 349.220000 114.118000 379.460000 194.975000 1.537300 3.843700 1.606800 16.638740 -12.068626 -1.829746 -0.829300
17 2 Car 0 0 6.877758 349.220000 114.118000 379.460000 194.975000 1.610500 4.148200 1.632100 16.610446 -0.870322 -1.725573 2.350100
17 4 Car 0 0 5.618397 349.220000 114.118000 379.460000 194.975000 1.549000 4.240000 1.656200 24.824067 -9.318328 -1.849603 2.302200
17 6 Car 0 0 0.843590 349.220000 114.118000 379.460000 194.975000 1.501900 3.846000 1.577500 32.900381 -18.010918 -1.877985 2.340900
18 1 Car 0 0 8.511989 349.220000 114.118000 379.460000 194.975000 1.646200 3.813500 1.671800 17.233996 -11.897754 -1.711913 -0.753000
18 2 Car 0 0 6.988835 349.220000 114.118000 379.460000 194.975000 1.600800 4.127400 1.626300 15.559808 0.352212 -1.486035 2.390500
18 4 Car 0 0 5.585445 349.220000 114.118000 379.460000 194.975000 1.444400 4.134600 1.624900 24.275841 -7.854357 -1.569736 2.385800
18 6 Car 0 0 1.314328 349.220000 114.118000 379.460000 194.975000 1.569500 4.313400 1.700700 32.977348 -16.453819 -1.528179 2.404000
18 7 Car 0 0 0.826134 349.220000 114.118000 379.460000 194.975000 1.493400 4.064400 1.653300 38.194124 -21.720510 -1.594314 2.432000
19 1 Car 0 0 8.574761 349.220000 114.118000 379.460000 194.975000 1.622500 3.886500 1.627600 17.835907 -11.690704 -1.985515 -0.735300
19 2 Car 0 0 6.988122 349.220000 114.118000 379.460000 194.975000 1.601700 4.094000 1.642200 14.452265 1.510746 -1.745238 2.441000
19 4 Car 0 0 5.816279 349.220000 114.118000 379.460000 194.975000 1.516000 3.999200 1.587300 23.555020 -6.353682 -1.968500 2.427900
19 6 Car 0 0 2.176529 349.220000 114.118000 379.460000 194.975000 1.561800 4.076600 1.619400 32.968196 -14.800114 -2.070486 2.416500
19 7 Car 0 0 0.702391 349.220000 114.118000 379.460000 194.975000 1.498000 4.345000 1.662300 38.608469 -19.952736 -2.315141 2.490700
20 1 Car 0 0 8.583437 349.220000 114.118000 379.460000 194.975000 1.629800 3.776900 1.637100 18.472477 -11.358457 -1.966192 -0.687100
20 2 Car 0 0 7.092381 349.220000 114.118000 379.460000 194.975000 1.598400 4.007900 1.622800 13.225671 2.652224 -1.664023 2.488000
20 4 Car 0 0 5.999291 349.220000 114.118000 379.460000 194.975000 1.454100 4.036900 1.596300 22.774176 -4.809642 -1.843236 2.468600
20 6 Car 0 0 3.415721 349.220000 114.118000 379.460000 194.975000 1.485200 4.321500 1.674000 32.884509 -13.081657 -1.991985 2.482200
20 7 Car 0 0 0.713488 349.220000 114.118000 379.460000 194.975000 1.418900 3.859400 1.565100 38.946149 -18.077565 -2.107751 2.523300
20 8 Car 0 0 12.399727 349.220000 114.118000 379.460000 194.975000 1.470500 3.719400 1.551400 34.388026 -24.504120 -2.213203 -0.646100
21 1 Car 0 0 8.600050 349.220000 114.118000 379.460000 194.975000 1.557700 4.144800 1.657100 19.100208 -10.863602 -1.873981 -0.630100
21 2 Car 0 0 6.990354 349.220000 114.118000 379.460000 194.975000 1.585300 4.064900 1.664100 11.906158 3.765160 -1.617498 2.522200
21 4 Car 0 0 6.023300 349.220000 114.118000 379.460000 194.975000 1.491400 4.028000 1.641100 21.866862 -3.231438 -1.817960 2.530300
21 7 Car 0 0 0.748064 349.220000 114.118000 379.460000 194.975000 1.453100 3.873200 1.564100 39.083313 -15.866497 -2.024081 2.584300
21 8 Car 0 0 12.547534 349.220000 114.118000 379.460000 194.975000 1.458500 3.752700 1.535600 36.040079 -23.369322 -2.163894 -0.573000
21 6 Car 0 0 3.415721 349.220000 114.118000 379.460000 194.975000 1.485200 4.321500 1.674000 32.891080 -11.294350 -1.991985 2.482200
22 1 Car 0 0 8.606703 349.220000 114.118000 379.460000 194.975000 1.573400 4.478800 1.673500 19.734730 -10.381078 -1.523117 -0.572400
22 2 Car 0 0 7.075531 349.220000 114.118000 379.460000 194.975000 1.642100 4.112300 1.656600 10.514858 4.766065 -1.513578 2.599000
22 4 Car 0 0 6.140978 349.220000 114.118000 379.460000 194.975000 1.457400 3.974600 1.571900 20.889058 -1.768293 -1.457306 2.576100
22 7 Car 0 0 0.987898 349.220000 114.118000 379.460000 194.975000 1.430400 3.624700 1.550100 39.058753 -13.761344 -1.380041 2.535100
22 8 Car 0 0 12.744513 349.220000 114.118000 379.460000 194.975000 1.431200 3.865800 1.561600 37.805863 -22.082190 -1.523635 -0.468600
23 1 Car 0 0 8.615236 349.220000 114.118000 379.460000 194.975000 1.609800 4.412000 1.705400 20.346007 -9.720014 -1.929566 -0.517400
23 2 Car 0 0 6.992023 349.220000 114.118000 379.460000 194.975000 1.615700 3.823300 1.625100 9.012878 5.682797 -1.627604 2.630500
23 4 Car 0 0 5.985948 349.220000 114.118000 379.460000 194.975000 1.513300 4.076200 1.644700 19.829383 -0.347923 -1.769395 2.613200
23 7 Car 0 0 1.430770 349.220000 114.118000 379.460000 194.975000 1.487000 3.942400 1.629000 38.713647 -11.378422 -1.995591 2.680100
23 8 Car 0 0 12.898799 349.220000 114.118000 379.460000 194.975000 1.458900 3.766400 1.549000 39.434233 -20.594653 -2.208652 -0.443600
23 9 Car 0 0 3.992735 349.220000 114.118000 379.460000 194.975000 1.440100 4.319000 1.644600 31.157181 -6.882129 -1.864469 2.627200
24 1 Car 0 0 8.662406 349.220000 114.118000 379.460000 194.975000 1.609800 4.412000 1.705400 20.978035 -9.087637 -1.929566 -0.517400
24 2 Car 0 0 6.786910 349.220000 114.118000 379.460000 194.975000 1.603600 3.798700 1.642300 7.592621 6.397142 -1.588796 2.681000
24 4 Car 0 0 6.123728 349.220000 114.118000 379.460000 194.975000 1.467100 4.015100 1.606700 18.633829 0.968732 -1.723733 2.692000
24 7 Car 0 0 1.839293 349.220000 114.118000 379.460000 194.975000 1.460100 3.781200 1.585900 38.326096 -9.255654 -1.921931 2.705400
24 8 Car 0 0 12.927342 349.220000 114.118000 379.460000 194.975000 1.466300 3.810200 1.565300 40.898263 -19.257947 -2.082095 -0.374800
24 9 Car 0 0 4.185747 349.220000 114.118000 379.460000 194.975000 1.499800 4.422400 1.692100 30.566341 -5.083473 -1.816285 2.660900
25 1 Car 0 0 8.912647 349.220000 114.118000 379.460000 194.975000 1.585800 3.919000 1.664800 21.738499 -8.413408 -1.885960 -0.414800
25 4 Car 0 0 6.203488 349.220000 114.118000 379.460000 194.975000 1.518800 4.324700 1.662100 17.381085 2.223881 -1.684218 2.757600
25 7 Car 0 0 2.285610 349.220000 114.118000 379.460000 194.975000 1.418100 3.968600 1.589500 37.928504 -7.043569 -1.839342 2.778900
25 9 Car 0 0 4.426174 349.220000 114.118000 379.460000 194.975000 1.533300 4.717400 1.751900 29.844772 -3.279119 -1.793443 2.732000
25 2 Car 0 0 6.786910 349.220000 114.118000 379.460000 194.975000 1.603600 3.798700 1.642300 6.626628 6.744892 -1.588796 2.681000
25 8 Car 0 0 12.927342 349.220000 114.118000 379.460000 194.975000 1.466300 3.810200 1.565300 41.203146 -17.169826 -2.082095 -0.374800
26 1 Car 0 0 9.472208 349.220000 114.118000 379.460000 194.975000 1.575600 4.211700 1.646600 22.771441 -7.704883 -1.903416 -0.388900
26 4 Car 0 0 6.325822 349.220000 114.118000 379.460000 194.975000 1.589300 4.156100 1.676100 15.996064 3.363133 -1.668183 2.778500
26 7 Car 0 0 2.591485 349.220000 114.118000 379.460000 194.975000 1.457700 4.046400 1.602400 37.443843 -5.005137 -1.838608 2.809000
26 9 Car 0 0 4.493287 349.220000 114.118000 379.460000 194.975000 1.513200 4.999900 1.778100 29.036902 -1.493278 -1.727203 2.805200
27 1 Car 0 0 9.854120 349.220000 114.118000 379.460000 194.975000 1.562600 3.932800 1.622500 23.688693 -6.769822 -1.849286 -0.366300
27 4 Car 0 0 6.384526 349.220000 114.118000 379.460000 194.975000 1.528500 4.322700 1.663200 14.462638 4.467802 -1.613049 2.843100
27 7 Car 0 0 2.993306 349.220000 114.118000 379.460000 194.975000 1.442800 4.307900 1.631600 36.772996 -2.866658 -1.748743 2.832800
27 9 Car 0 0 4.827807 349.220000 114.118000 379.460000 194.975000 1.412700 4.486800 1.655200 27.881594 0.278064 -1.616918 2.833200
28 1 Car 0 0 10.080336 349.220000 114.118000 379.460000 194.975000 1.528900 4.179300 1.594800 24.524505 -5.820312 -1.808739 -0.303200
28 4 Car 0 0 6.497115 349.220000 114.118000 379.460000 194.975000 1.489300 4.169500 1.637900 12.915131 5.385063 -1.602379 2.913400
28 7 Car 0 0 3.237520 349.220000 114.118000 379.460000 194.975000 1.449100 4.110500 1.614600 35.890803 -0.874794 -1.715485 2.910200
28 9 Car 0 0 5.324156 349.220000 114.118000 379.460000 194.975000 1.415700 3.963000 1.602400 26.615289 1.849109 -1.568562 2.896800
29 1 Car 0 0 10.269310 349.220000 114.118000 379.460000 194.975000 1.544000 4.370900 1.628700 25.254139 -4.713855 -1.702531 -0.223000
29 4 Car 0 0 6.514576 349.220000 114.118000 379.460000 194.975000 1.513400 4.286300 1.674800 11.252191 6.183428 -1.602409 2.950900
29 7 Car 0 0 3.702420 349.220000 114.118000 379.460000 194.975000 1.522900 4.103000 1.657000 34.824388 1.149969 -1.676549 2.939000
29 9 Car 0 0 4.940701 349.220000 114.118000 379.460000 194.975000 1.576300 4.429700 1.735400 25.397555 3.279422 -1.620862 2.941600
30 1 Car 0 0 10.287769 349.220000 114.118000 379.460000 194.975000 1.536500 4.240700 1.633400 25.832123 -3.663962 -1.679351 -0.159200
30 4 Car 0 0 6.620595 349.220000 114.118000 379.460000 194.975000 1.609700 4.014700 1.666200 9.622455 6.776322 -1.692503 3.009600
30 7 Car 0 0 3.985375 349.220000 114.118000 379.460000 194.975000 1.507700 4.024700 1.645800 33.752607 2.752217 -1.655214 3.007800
30 9 Car 0 0 5.120509 349.220000 114.118000 379.460000 194.975000 1.451600 4.282400 1.639100 24.037970 4.510816 -1.544648 3.003400
31 1 Car 0 0 10.383427 349.220000 114.118000 379.460000 194.975000 1.603700 4.390100 1.699200 26.370108 -2.824701 -1.285956 -0.140600
31 4 Car 0 0 6.447283 349.220000 114.118000 379.460000 194.975000 1.442600 3.624000 1.529400 8.144930 7.229489 -1.419440 3.037000
31 7 Car 0 0 4.386409 349.220000 114.118000 379.460000 194.975000 1.506800 4.158000 1.697900 32.487581 4.105753 -1.141138 3.027200
31 9 Car 0 0 5.063553 349.220000 114.118000 379.460000 194.975000 1.417800 4.640400 1.674500 22.724268 5.486149 -1.167158 3.003500
32 1 Car 0 0 10.509483 349.220000 114.118000 379.460000 194.975000 1.571300 4.503600 1.642100 26.803734 -2.033919 -1.705507 -0.129500
32 7 Car 0 0 4.645627 349.220000 114.118000 379.460000 194.975000 1.412800 3.924300 1.554200 31.047741 5.288160 -1.642316 3.058300
32 9 Car 0 0 4.890022 349.220000 114.118000 379.460000 194.975000 1.441100 4.870800 1.746200 21.351927 6.332128 -1.605566 3.054200
32 4 Car 0 0 6.447283 349.220000 114.118000 379.460000 194.975000 1.442600 3.624000 1.529400 7.131160 7.492314 -1.419440 3.037000
33 1 Car 0 0 10.679195 349.220000 114.118000 379.460000 194.975000 1.582100 4.532800 1.680300 27.299775 -1.373876 -1.717180 -0.107100
33 7 Car 0 0 4.909116 349.220000 114.118000 379.460000 194.975000 1.457500 4.166900 1.641000 29.814073 6.158141 -1.686936 3.102900
33 9 Car 0 0 5.108074 349.220000 114.118000 379.460000 194.975000 1.492200 4.526200 1.708200 19.909124 6.992908 -1.681588 3.083100
34 1 Car 0 0 10.839721 349.220000 114.118000 379.460000 194.975000 1.566600 4.453000 1.626600 27.781589 -0.742455 -1.665574 -0.100000
34 7 Car 0 0 6.737965 349.220000 114.118000 379.460000 194.975000 1.493700 3.854000 1.620700 28.543784 6.951227 -1.707633 3.093800
34 9 Car 0 0 5.355929 349.220000 114.118000 379.460000 194.975000 1.479100 4.472100 1.696400 18.411784 7.481613 -1.632899 3.100200
35 1 Car 0 0 11.025305 349.220000 114.118000 379.460000 194.975000 1.634300 4.600900 1.667800 28.182909 -0.250783 -1.698805 -0.075200
35 7 Car 0 0 5.067772 349.220000 114.118000 379.460000 194.975000 1.503700 4.006600 1.642500 27.132023 7.449373 -1.686657 3.131200
35 9 Car 0 0 5.520534 349.220000 114.118000 379.460000 194.975000 1.482300 4.301900 1.686600 16.845898 7.867514 -1.653945 3.140000
36 1 Car 0 0 11.065437 349.220000 114.118000 379.460000 194.975000 1.651000 4.354200 1.623700 28.571659 0.208350 -1.800534 -0.040800
36 7 Car 0 0 9.617325 349.220000 114.118000 379.460000 194.975000 1.503700 4.006600 1.642500 25.810115 7.909718 -1.686657 3.131200
36 9 Car 0 0 5.581550 349.220000 114.118000 379.460000 194.975000 1.482300 4.301900 1.686600 15.421870 8.101615 -1.653945 3.140000
37 1 Car 0 0 11.070361 349.220000 114.118000 379.460000 194.975000 1.526500 4.375300 1.616300 28.917332 0.492680 -1.713610 -0.088000
37 7 Car 0 0 9.419827 349.220000 114.118000 379.460000 194.975000 1.503700 4.006600 1.642500 24.421409 8.162826 -1.686657 3.131200
37 9 Car 0 0 5.681650 349.220000 114.118000 379.460000 194.975000 1.475100 4.457700 1.698700 13.994993 8.271406 -1.727311 3.133400
