3 0 Car 0 0 13.181029 349.220000 114.118000 379.460000 194.975000 1.527000 4.268200 1.661800 32.222516 -19.389101 -1.812372 0.838700
4 0 Car 0 0 13.152550 349.220000 114.118000 379.460000 194.975000 1.439500 3.958300 1.571700 32.910433 -18.836392 -1.699510 0.846400
5 0 Car 0 0 13.265892 349.220000 114.118000 379.460000 194.975000 1.496000 4.161600 1.638000 33.883502 -17.964187 -1.763524 0.724100
6 0 Car 0 0 12.938363 349.220000 114.118000 379.460000 194.975000 1.510200 4.293100 1.658300 34.730602 -17.188175 -1.761160 0.710000
7 0 Car 0 0 12.775626 349.220000 114.118000 379.460000 194.975000 1.466500 4.317200 1.646800 35.721010 -16.493468 -1.245707 0.679200
8 0 Car 0 0 12.505637 349.220000 114.118000 379.460000 194.975000 1.555000 4.073200 1.659300 36.533812 -15.741298 -1.707174 0.622600
9 0 Car 0 0 12.200330 349.220000 114.118000 379.460000 194.975000 1.474400 4.089700 1.604900 37.369107 -15.118546 -1.624134 0.591700
10 0 Car 0 0 12.342172 349.220000 114.118000 379.460000 194.975000 1.514200 4.144100 1.636800 38.423495 -14.323323 -1.721257 0.592300
11 0 Car 0 0 12.063247 349.220000 114.118000 379.460000 194.975000 1.451300 3.993400 1.582300 39.181074 -13.678176 -1.635892 0.681100
12 0 Car 0 0 11.871093 349.220000 114.118000 379.460000 194.975000 1.492200 4.358400 1.666800 40.021162 -13.099773 -1.564748 0.584500
13 0 Car 0 0 11.839315 349.220000 114.118000 379.460000 194.975000 1.454900 4.170600 1.602600 41.073928 -12.610682 -1.508544 0.550200
14 0 Car 0 0 11.843126 349.220000 114.118000 379.460000 194.975000 1.452100 4.158400 1.616600 42.123442 -12.061805 -1.491729 0.542500
15 0 Car 0 0 11.828883 349.220000 114.118000 379.460000 194.975000 1.538900 4.217900 1.659400 43.175801 -11.580189 -1.489983 0.477900
16 0 Car 0 0 11.845729 349.220000 114.118000 379.460000 194.975000 1.538900 4.217900 1.659400 44.246645 -11.028520 -1.489983 0.477900
17 0 Car 0 0 11.786205 349.220000 114.118000 379.460000 194.975000 1.470800 3.763400 1.551600 45.242939 -10.591717 -1.521587 0.406400
22 1 Car 0 0 13.600156 349.220000 114.118000 379.460000 194.975000 1.624600 4.282700 1.664400 50.560606 -8.491940 -1.396824 -2.788400
23 1 Car 0 0 13.704323 349.220000 114.118000 379.460000 194.975000 1.624600 4.282700 1.664400 51.842988 -8.173010 -1.396824 -2.788400
24 1 Car 0 0 13.687973 349.220000 114.118000 379.460000 194.975000 1.624600 4.282700 1.664400 53.062311 -7.922975 -1.396824 -2.788400
25 1 Car 0 0 13.489038 349.220000 114.118000 379.460000 194.975000 1.570800 4.128500 1.682800 54.223155 -7.589237 -1.311529 -2.966900
31 2 Car 0 0 9.909389 349.220000 114.118000 379.460000 194.975000 1.444700 3.550100 1.488700 5.011448 -3.887596 -1.690046 -0.023000
32 2 Car 0 0 10.032884 349.220000 114.118000 379.460000 194.975000 1.435200 3.179500 1.448600 5.992112 -3.872481 -1.642316 -0.051000
33 2 Car 0 0 10.068689 349.220000 114.118000 379.460000 194.975000 1.407400 3.289000 1.471400 6.941377 -3.825443 -1.654060 0.004100
33 3 Car 0 0 11.116674 349.220000 114.118000 379.460000 194.975000 1.532800 3.867900 1.612400 63.943410 -6.040809 -1.149173 0.115200
34 2 Car 0 0 9.907305 349.220000 114.118000 379.460000 194.975000 1.408000 3.221500 1.471500 7.817622 -3.813544 -1.644416 -0.000200
34 3 Car 0 0 11.293856 349.220000 114.118000 379.460000 194.975000 1.580100 4.141000 1.696700 65.200025 -5.919985 -1.151434 0.057300
35 2 Car 0 0 9.616252 349.220000 114.118000 379.460000 194.975000 1.391400 3.284200 1.478600 8.600659 -3.733593 -1.649084 0.055800
35 3 Car 0 0 11.293856 349.220000 114.118000 379.460000 194.975000 1.580100 4.141000 1.696700 65.200183 -5.918189 -1.151434 0.057300
36 2 Car 0 0 9.430801 349.220000 114.118000 379.460000 194.975000 1.387800 3.061700 1.442100 9.416993 -3.725345 -1.632995 0.005300
37 2 Car 0 0 9.285807 349.220000 114.118000 379.460000 194.975000 1.430200 3.189800 1.481600 10.236937 -3.696073 -1.679279 0.040600
37 4 Car 0 0 9.182374 349.220000 114.118000 379.460000 194.975000 1.347200 3.428800 1.440200 9.901391 -7.708414 -1.654658 -0.007900
38 2 Car 0 0 9.158854 349.220000 114.118000 379.460000 194.975000 1.371600 3.212700 1.445500 11.049649 -3.692050 -1.596211 -0.003000
38 4 Car 0 0 9.257530 349.220000 114.118000 379.460000 194.975000 1.390800 3.415300 1.481400 10.690649 -7.707318 -1.701585 0.009100
39 2 Car 0 0 9.164872 349.220000 114.118000 379.460000 194.975000 1.369800 3.318400 1.478400 11.967731 -3.692787 -1.428572 0.010100
39 4 Car 0 0 9.319566 349.220000 114.118000 379.460000 194.975000 1.392500 3.432000 1.496200 11.601577 -7.675920 -1.520136 0.013100
40 2 Car 0 0 9.147600 349.220000 114.118000 379.460000 194.975000 1.411600 3.325200 1.500500 12.861292 -3.725549 -1.506656 0.022100
40 4 Car 0 0 9.172158 349.220000 114.118000 379.460000 194.975000 1.305200 3.205900 1.420600 12.420844 -7.659809 -1.422519 0.021100
41 2 Car 0 0 9.119245 349.220000 114.118000 379.460000 194.975000 1.391200 3.267000 1.494500 13.747749 -3.685014 -1.631379 0.023300
41 4 Car 0 0 9.222145 349.220000 114.118000 379.460000 194.975000 1.408200 3.327500 1.500600 13.359416 -7.667010 -1.653525 0.020400
42 2 Car 0 0 9.110145 349.220000 114.118000 379.460000 194.975000 1.327000 3.206000 1.452400 14.644022 -3.636942 -1.576962 0.005500
42 4 Car 0 0 9.283924 349.220000 114.118000 379.460000 194.975000 1.399900 3.394900 1.491500 14.318273 -7.638451 -1.671020 0.037100
43 2 Car 0 0 9.182624 349.220000 114.118000 379.460000 194.975000 1.349000 3.336200 1.463300 15.645911 -3.620811 -1.578329 -0.003300
43 4 Car 0 0 9.210242 349.220000 114.118000 379.460000 194.975000 1.342200 3.276000 1.463900 15.179822 -7.558124 -1.620346 0.070200
44 2 Car 0 0 9.243693 349.220000 114.118000 379.460000 194.975000 1.404400 3.347800 1.531400 16.642504 -3.609401 -1.619458 0.002200
44 4 Car 0 0 9.255680 349.220000 114.118000 379.460000 194.975000 1.336500 3.383000 1.482400 16.146749 -7.577927 -1.597743 -0.003000
45 2 Car 0 0 9.296331 349.220000 114.118000 379.460000 194.975000 1.383000 3.137800 1.451200 17.638654 -3.573845 -1.602324 -0.013900
45 4 Car 0 0 9.217293 349.220000 114.118000 379.460000 194.975000 1.364600 3.194800 1.472400 17.031539 -7.598610 -1.624626 0.016600
46 2 Car 0 0 9.374708 349.220000 114.118000 379.460000 194.975000 1.345200 3.184900 1.454900 18.680711 -3.507256 -1.251256 0.025200
46 4 Car 0 0 9.285466 349.220000 114.118000 379.460000 194.975000 1.328200 3.346900 1.453900 18.027571 -7.550491 -1.291624 0.015900
47 2 Car 0 0 9.472562 349.220000 114.118000 379.460000 194.975000 1.382500 3.308800 1.472800 19.770667 -3.482911 -1.594993 0.011700
47 4 Car 0 0 9.302795 349.220000 114.118000 379.460000 194.975000 1.342200 3.296100 1.457600 18.971892 -7.508696 -1.599934 0.042300
48 2 Car 0 0 9.544205 349.220000 114.118000 379.460000 194.975000 1.327000 3.099200 1.445600 20.833689 -3.473375 -1.546665 0.002700
48 4 Car 0 0 9.351548 349.220000 114.118000 379.460000 194.975000 1.339900 3.523100 1.477200 19.964480 -7.535026 -1.610853 0.009600
48 5 Car 0 0 8.040463 349.220000 114.118000 379.460000 194.975000 1.484000 4.021600 1.602900 9.030093 -7.690715 -1.747004 -0.000700
49 2 Car 0 0 9.645337 349.220000 114.118000 379.460000 194.975000 1.386900 3.170600 1.464800 21.957156 -3.453814 -1.560125 0.015500
49 4 Car 0 0 9.369366 349.220000 114.118000 379.460000 194.975000 1.337800 3.278400 1.464300 20.920832 -7.512206 -1.585531 0.043800
49 5 Car 0 0 8.156464 349.220000 114.118000 379.460000 194.975000 1.438000 3.923600 1.532200 9.803172 -7.727225 -1.650881 0.025200
50 2 Car 0 0 9.717008 349.220000 114.118000 379.460000 194.975000 1.325700 3.071500 1.442600 23.047458 -3.350490 -1.119349 0.039200
50 4 Car 0 0 9.403779 349.220000 114.118000 379.460000 194.975000 1.278600 3.304000 1.429100 21.903636 -7.431500 -1.159467 0.006100
50 5 Car 0 0 8.145666 349.220000 114.118000 379.460000 194.975000 1.470700 4.177400 1.597300 10.519644 -7.690890 -1.513388 0.004300
51 2 Car 0 0 9.814501 349.220000 114.118000 379.460000 194.975000 1.380300 3.075400 1.460700 24.198142 -3.350135 -1.522414 0.042900
51 4 Car 0 0 9.474949 349.220000 114.118000 379.460000 194.975000 1.261000 3.462600 1.436700 22.946955 -7.418096 -1.549367 0.020900
51 5 Car 0 0 8.205462 349.220000 114.118000 379.460000 194.975000 1.433500 3.975100 1.548200 11.352689 -7.623027 -1.633048 0.030700
51 6 Car 0 0 7.661839 349.220000 114.118000 379.460000 194.975000 1.387900 3.337800 1.433700 4.695932 -3.293327 -1.659836 -0.000400
52 2 Car 0 0 9.962618 349.220000 114.118000 379.460000 194.975000 1.417400 3.369800 1.517300 25.454892 -3.335269 -1.536033 0.010700
52 4 Car 0 0 9.540742 349.220000 114.118000 379.460000 194.975000 1.327100 3.429600 1.458800 23.992121 -7.406851 -1.548280 0.019800
52 5 Car 0 0 8.250110 349.220000 114.118000 379.460000 194.975000 1.396500 3.925600 1.543600 12.193002 -7.645470 -1.619772 0.055600
52 6 Car 0 0 7.637215 349.220000 114.118000 379.460000 194.975000 1.376000 3.519800 1.438700 5.147255 -3.228021 -1.662489 -0.006900
53 2 Car 0 0 10.106472 349.220000 114.118000 379.460000 194.975000 1.442000 3.205100 1.513900 26.728973 -3.305588 -1.551267 0.042400
53 4 Car 0 0 9.623094 349.220000 114.118000 379.460000 194.975000 1.405200 3.471500 1.490700 25.073001 -7.422856 -1.595818 0.020000
53 5 Car 0 0 8.430343 349.220000 114.118000 379.460000 194.975000 1.427500 4.111600 1.584800 13.141204 -7.679003 -1.619597 0.039700
53 6 Car 0 0 7.720273 349.220000 114.118000 379.460000 194.975000 1.382500 3.409100 1.454500 5.933433 -3.248252 -1.690532 0.005900
54 2 Car 0 0 10.224062 349.220000 114.118000 379.460000 194.975000 1.454200 3.066600 1.479400 27.973702 -3.299422 -1.537150 -0.004800
54 4 Car 0 0 9.653069 349.220000 114.118000 379.460000 194.975000 1.426900 3.420100 1.499500 26.087657 -7.343034 -1.577265 0.064400
54 5 Car 0 0 8.576806 349.220000 114.118000 379.460000 194.975000 1.418200 4.236600 1.598600 14.098813 -7.672693 -1.581314 0.005300
54 6 Car 0 0 7.802770 349.220000 114.118000 379.460000 194.975000 1.360900 3.567800 1.485000 6.743542 -3.253458 -1.649256 0.031300
55 2 Car 0 0 10.346703 349.220000 114.118000 379.460000 194.975000 1.421700 3.224700 1.511700 29.245587 -3.242679 -1.559015 0.005000
55 4 Car 0 0 9.772418 349.220000 114.118000 379.460000 194.975000 1.408000 3.405400 1.485000 27.251519 -7.291283 -1.598145 -0.004200
55 5 Car 0 0 8.449571 349.220000 114.118000 379.460000 194.975000 1.403600 3.791200 1.570600 14.841800 -7.605572 -1.624847 0.036600
55 6 Car 0 0 7.803310 349.220000 114.118000 379.460000 194.975000 1.379300 3.439600 1.479900 7.514302 -3.198670 -1.673520 0.038200
56 2 Car 0 0 10.469914 349.220000 114.118000 379.460000 194.975000 1.520700 3.229500 1.545600 30.537331 -3.249446 -1.564074 0.029900
56 4 Car 0 0 9.814358 349.220000 114.118000 379.460000 194.975000 1.300000 3.228200 1.443100 28.301614 -7.263138 -1.425819 0.061100
56 5 Car 0 0 8.576143 349.220000 114.118000 379.460000 194.975000 1.339800 3.823500 1.525300 15.809672 -7.593732 -1.584197 0.026200
56 6 Car 0 0 7.835170 349.220000 114.118000 379.460000 194.975000 1.365400 3.447700 1.477800 8.310741 -3.181285 -1.648267 0.029300
57 2 Car 0 0 10.588252 349.220000 114.118000 379.460000 194.975000 1.462100 3.052100 1.513800 31.835245 -3.281036 -1.107359 0.031700
57 4 Car 0 0 9.888473 349.220000 114.118000 379.460000 194.975000 1.459200 3.458700 1.558900 29.421056 -7.338075 -1.181655 0.060800
57 5 Car 0 0 8.696870 349.220000 114.118000 379.460000 194.975000 1.392900 3.777000 1.562000 16.797238 -7.622180 -1.395654 0.036500
57 6 Car 0 0 7.847547 349.220000 114.118000 379.460000 194.975000 1.361800 3.397800 1.458600 9.101541 -3.230968 -1.552399 -0.005800
58 2 Car 0 0 10.699734 349.220000 114.118000 379.460000 194.975000 1.462500 3.128600 1.530300 33.137760 -3.190162 -1.490276 0.045500
58 4 Car 0 0 9.966727 349.220000 114.118000 379.460000 194.975000 1.331400 3.200800 1.450300 30.556859 -7.249422 -1.594715 0.071800
58 5 Car 0 0 8.881368 349.220000 114.118000 379.460000 194.975000 1.357900 3.855100 1.546100 17.878319 -7.592918 -1.627710 0.046800
58 6 Car 0 0 7.879689 349.220000 114.118000 379.460000 194.975000 1.326600 3.369700 1.444500 9.923754 -3.177133 -1.621971 0.027900
59 2 Car 0 0 10.872008 349.220000 114.118000 379.460000 194.975000 1.478300 3.309700 1.546700 34.583171 -3.103127 -1.488957 0.031600
59 4 Car 0 0 10.083140 349.220000 114.118000 379.460000 194.975000 1.284700 3.249800 1.414000 31.773636 -7.103984 -1.480496 0.128700
59 5 Car 0 0 9.055416 349.220000 114.118000 379.460000 194.975000 1.393700 3.947800 1.560500 18.979440 -7.518938 -1.631773 0.047900
59 6 Car 0 0 7.955518 349.220000 114.118000 379.460000 194.975000 1.349900 3.483200 1.458300 10.785355 -3.131225 -1.648497 0.017700
60 2 Car 0 0 11.050613 349.220000 114.118000 379.460000 194.975000 1.432300 3.479900 1.521700 36.075064 -3.070537 -1.486238 0.019900
60 4 Car 0 0 10.221995 349.220000 114.118000 379.460000 194.975000 1.284700 3.249800 1.414000 33.050363 -7.016609 -1.480496 0.128700
60 5 Car 0 0 9.158769 349.220000 114.118000 379.460000 194.975000 1.317000 3.788400 1.523000 20.023430 -7.542691 -1.576794 0.011700
60 6 Car 0 0 8.085232 349.220000 114.118000 379.460000 194.975000 1.359200 3.602100 1.505700 11.721470 -3.129532 -1.653939 0.041900
61 2 Car 0 0 11.213686 349.220000 114.118000 379.460000 194.975000 1.384600 3.349500 1.471400 37.558121 -3.004723 -1.402266 0.059100
61 4 Car 0 0 10.333981 349.220000 114.118000 379.460000 194.975000 1.453800 3.261900 1.512200 34.308798 -7.037026 -1.550541 0.159300
61 5 Car 0 0 9.325041 349.220000 114.118000 379.460000 194.975000 1.377300 3.969800 1.550100 21.167074 -7.494131 -1.601667 0.051600
61 6 Car 0 0 8.166726 349.220000 114.118000 379.460000 194.975000 1.383100 3.550900 1.497900 12.620844 -3.083856 -1.646767 0.008900
62 2 Car 0 0 11.353690 349.220000 114.118000 379.460000 194.975000 1.394300 3.467400 1.524100 39.006593 -2.888809 -0.871865 0.002100
62 4 Car 0 0 10.408171 349.220000 114.118000 379.460000 194.975000 1.453800 3.261900 1.512200 35.481241 -6.828425 -1.550541 0.159300
62 5 Car 0 0 9.477261 349.220000 114.118000 379.460000 194.975000 1.394300 3.896300 1.602900 22.318918 -7.462766 -1.219482 -0.026900
62 6 Car 0 0 8.179378 349.220000 114.118000 379.460000 194.975000 1.395400 3.330400 1.480500 13.446759 -3.015030 -1.459376 0.015600
63 2 Car 0 0 11.482005 349.220000 114.118000 379.460000 194.975000 1.354600 3.456000 1.508100 40.451337 -2.894099 -1.567885 0.007700
63 4 Car 0 0 10.529150 349.220000 114.118000 379.460000 194.975000 1.431800 3.532000 1.518100 36.780378 -6.862212 -1.475316 0.053400
63 5 Car 0 0 9.660040 349.220000 114.118000 379.460000 194.975000 1.358100 4.121600 1.584900 23.542776 -7.376262 -1.576875 0.061600
63 6 Car 0 0 8.275393 349.220000 114.118000 379.460000 194.975000 1.297900 3.485100 1.459500 14.397704 -3.020036 -1.585641 0.037400
64 2 Car 0 0 11.622761 349.220000 114.118000 379.460000 194.975000 1.347200 3.172000 1.491200 41.929114 -2.810478 -1.445499 0.066500
64 4 Car 0 0 10.700501 349.220000 114.118000 379.460000 194.975000 1.428600 3.634500 1.515300 38.203469 -6.919835 -1.366438 0.028300
64 5 Car 0 0 9.821825 349.220000 114.118000 379.460000 194.975000 1.489600 4.058800 1.623700 24.773769 -7.408385 -1.641626 -0.065200
64 6 Car 0 0 8.343157 349.220000 114.118000 379.460000 194.975000 1.396800 3.389100 1.505600 15.317368 -3.012538 -1.637154 0.011700
65 2 Car 0 0 11.768441 349.220000 114.118000 379.460000 194.975000 1.403100 3.266000 1.544300 43.438537 -2.755833 -1.428847 0.047400
65 4 Car 0 0 10.867479 349.220000 114.118000 379.460000 194.975000 1.431900 3.992200 1.570900 39.640541 -6.901949 -1.328445 0.043400
65 5 Car 0 0 10.025857 349.220000 114.118000 379.460000 194.975000 1.430200 4.253100 1.599200 26.095552 -7.347287 -1.619466 0.051300
65 6 Car 0 0 8.471238 349.220000 114.118000 379.460000 194.975000 1.378700 3.573500 1.540900 16.337771 -2.976335 -1.635469 0.030700
65 7 Car 0 0 8.742963 349.220000 114.118000 379.460000 194.975000 1.488200 3.940400 1.555900 5.145076 -3.580227 -1.644947 0.002000
66 2 Car 0 0 11.935210 349.220000 114.118000 379.460000 194.975000 1.407700 3.691400 1.548800 45.013016 -2.713220 -0.725493 -0.031600
66 4 Car 0 0 11.001897 349.220000 114.118000 379.460000 194.975000 1.510900 3.843500 1.600300 41.027163 -6.862669 -0.709269 -0.029600
66 5 Car 0 0 10.234408 349.220000 114.118000 379.460000 194.975000 1.502500 4.286500 1.614900 27.462286 -7.286319 -1.171375 0.002900
66 6 Car 0 0 8.545898 349.220000 114.118000 379.460000 194.975000 1.373700 3.291900 1.509800 17.297685 -2.936275 -1.337681 0.017300
66 7 Car 0 0 8.789608 349.220000 114.118000 379.460000 194.975000 1.517300 3.936800 1.578200 5.831442 -3.581899 -1.607660 0.022700
67 2 Car 0 0 12.091235 349.220000 114.118000 379.460000 194.975000 1.321200 3.508000 1.507000 46.585860 -2.633873 -1.390146 -0.000500
67 4 Car 0 0 11.086438 349.220000 114.118000 379.460000 194.975000 1.510900 3.843500 1.600300 42.319233 -6.631556 -0.709269 -0.029600
67 5 Car 0 0 10.370142 349.220000 114.118000 379.460000 194.975000 1.400500 3.860900 1.563200 28.732947 -7.260691 -1.522416 0.047600
67 6 Car 0 0 8.660279 349.220000 114.118000 379.460000 194.975000 1.403900 3.371600 1.511400 18.333524 -2.927964 -1.628764 0.020200
67 7 Car 0 0 8.766117 349.220000 114.118000 379.460000 194.975000 1.436700 3.975400 1.530500 6.633151 -3.583272 -1.645766 0.002600
68 2 Car 0 0 12.194827 349.220000 114.118000 379.460000 194.975000 1.402100 3.454700 1.534900 48.054867 -2.689039 -0.725605 0.059800
68 4 Car 0 0 11.175142 349.220000 114.118000 379.460000 194.975000 1.453700 3.622100 1.532000 43.627340 -6.695509 -0.842538 0.084800
68 5 Car 0 0 10.523948 349.220000 114.118000 379.460000 194.975000 1.476300 4.153900 1.651300 30.056941 -7.292983 -1.141281 0.003000
68 6 Car 0 0 8.789630 349.220000 114.118000 379.460000 194.975000 1.375700 3.589100 1.555700 19.413194 -2.966918 -1.348746 0.019100
68 7 Car 0 0 8.683222 349.220000 114.118000 379.460000 194.975000 1.473800 3.964500 1.586900 7.444460 -3.593796 -1.571762 0.026000
69 2 Car 0 0 12.300582 349.220000 114.118000 379.460000 194.975000 1.402100 3.454700 1.534900 49.525310 -2.591130 -0.725605 0.059800
69 4 Car 0 0 11.320464 349.220000 114.118000 379.460000 194.975000 1.453700 3.622100 1.532000 45.054847 -6.519819 -0.842538 0.084800
69 5 Car 0 0 10.679844 349.220000 114.118000 379.460000 194.975000 1.448200 4.063500 1.597400 31.408076 -7.219658 -1.519911 0.015200
69 6 Car 0 0 8.881378 349.220000 114.118000 379.460000 194.975000 1.394600 3.442100 1.527500 20.457053 -2.894592 -1.613189 0.007700
69 7 Car 0 0 8.618943 349.220000 114.118000 379.460000 194.975000 1.474200 3.967300 1.583300 8.261571 -3.534403 -1.676132 0.033100
70 2 Car 0 0 12.401734 349.220000 114.118000 379.460000 194.975000 1.379300 3.418700 1.512000 50.988145 -2.486886 -1.441021 -0.015500
70 5 Car 0 0 10.803458 349.220000 114.118000 379.460000 194.975000 1.504700 3.851000 1.635800 32.716244 -7.163389 -1.558382 0.044600
70 6 Car 0 0 8.979533 349.220000 114.118000 379.460000 194.975000 1.364100 3.412800 1.511700 21.517312 -2.829696 -1.565602 0.041200
70 7 Car 0 0 8.606546 349.220000 114.118000 379.460000 194.975000 1.500700 3.917200 1.583900 9.107240 -3.515687 -1.661420 0.029800
70 4 Car 0 0 11.320464 349.220000 114.118000 379.460000 194.975000 1.453700 3.622100 1.532000 45.054875 -6.522505 -0.842538 0.084800
71 2 Car 0 0 12.532263 349.220000 114.118000 379.460000 194.975000 1.482700 3.844000 1.594600 52.525345 -2.419548 -1.403086 0.006600
71 5 Car 0 0 10.932869 349.220000 114.118000 379.460000 194.975000 1.477000 4.090800 1.605400 34.051895 -7.091892 -1.502353 0.050800
71 6 Car 0 0 9.105933 349.220000 114.118000 379.460000 194.975000 1.409100 3.594800 1.554000 22.647144 -2.805932 -1.564395 0.012600
71 7 Car 0 0 8.622529 349.220000 114.118000 379.460000 194.975000 1.505700 3.966000 1.610300 9.978181 -3.498084 -1.677479 0.005300
72 2 Car 0 0 12.701479 349.220000 114.118000 379.460000 194.975000 1.569200 3.840800 1.634500 54.171800 -2.367481 -1.396598 0.059900
72 5 Car 0 0 11.036659 349.220000 114.118000 379.460000 194.975000 1.427700 3.934800 1.571100 35.350020 -7.001382 -1.515842 0.038700
72 6 Car 0 0 9.213436 349.220000 114.118000 379.460000 194.975000 1.394200 3.314400 1.501600 23.757452 -2.750137 -1.607667 0.051500
72 7 Car 0 0 8.673560 349.220000 114.118000 379.460000 194.975000 1.486300 3.960600 1.597100 10.882795 -3.445124 -1.641260 0.013300
73 2 Car 0 0 12.811623 349.220000 114.118000 379.460000 194.975000 1.417500 3.670500 1.522100 55.706540 -2.300829 -1.416214 0.086600
73 5 Car 0 0 11.154440 349.220000 114.118000 379.460000 194.975000 1.524600 4.001400 1.627900 36.695991 -6.981847 -1.504086 0.070800
73 6 Car 0 0 9.330007 349.220000 114.118000 379.460000 194.975000 1.445500 3.608000 1.551800 24.903329 -2.715708 -1.582360 0.025100
73 7 Car 0 0 8.756659 349.220000 114.118000 379.460000 194.975000 1.523600 3.910700 1.618600 11.833560 -3.439290 -1.674518 0.032400
74 2 Car 0 0 12.919779 349.220000 114.118000 379.460000 194.975000 1.483700 3.725300 1.543000 57.231558 -2.106004 -1.345612 0.090200
74 5 Car 0 0 11.297345 349.220000 114.118000 379.460000 194.975000 1.566600 4.011700 1.616500 38.101249 -6.907579 -1.544706 0.081300
74 6 Car 0 0 9.392451 349.220000 114.118000 379.460000 194.975000 1.374100 3.463200 1.544800 25.960902 -2.716796 -1.530380 0.048100
74 7 Car 0 0 8.852779 349.220000 114.118000 379.460000 194.975000 1.496600 4.091800 1.605100 12.809721 -3.465310 -1.662463 0.017100
75 2 Car 0 0 12.984872 349.220000 114.118000 379.460000 194.975000 1.483700 3.725300 1.543000 58.680623 -2.183318 -1.345612 0.090200
75 5 Car 0 0 11.380426 349.220000 114.118000 379.460000 194.975000 1.510300 3.947600 1.647700 39.407609 -6.903067 -0.949105 0.082400
75 6 Car 0 0 9.485038 349.220000 114.118000 379.460000 194.975000 1.374600 3.387700 1.511100 27.082788 -2.743938 -1.151708 0.050100
75 7 Car 0 0 8.927222 349.220000 114.118000 379.460000 194.975000 1.472000 3.927100 1.606900 13.778209 -3.472909 -1.435982 0.001000
76 2 Car 0 0 13.159712 349.220000 114.118000 379.460000 194.975000 1.538500 4.119400 1.658400 60.358353 -2.151437 -1.268586 0.001600
76 5 Car 0 0 11.484259 349.220000 114.118000 379.460000 194.975000 1.469900 3.978600 1.605800 40.762891 -6.879549 -1.443421 0.035400
76 6 Car 0 0 9.574996 349.220000 114.118000 379.460000 194.975000 1.446400 3.617600 1.549600 28.220050 -2.662938 -1.564225 0.068700
76 7 Car 0 0 8.987584 349.220000 114.118000 379.460000 194.975000 1.451800 3.863100 1.570900 14.750455 -3.396595 -1.599026 0.037500
77 2 Car 0 0 13.299317 349.220000 114.118000 379.460000 194.975000 1.533800 3.750200 1.619600 61.982336 -2.067241 -1.287421 0.023600
77 5 Car 0 0 11.590910 349.220000 114.118000 379.460000 194.975000 1.518900 3.957800 1.608500 42.137164 -6.811392 -1.439798 0.086600
77 6 Car 0 0 9.672777 349.220000 114.118000 379.460000 194.975000 1.459900 3.534600 1.577400 29.377144 -2.602725 -1.584589 0.041100
77 7 Car 0 0 9.098351 349.220000 114.118000 379.460000 194.975000 1.468800 3.933000 1.599900 15.791844 -3.372249 -1.604833 -0.002500
78 5 Car 0 0 11.681149 349.220000 114.118000 379.460000 194.975000 1.495600 3.939300 1.583900 43.483605 -6.611892 -1.448165 0.150800
78 6 Car 0 0 9.753602 349.220000 114.118000 379.460000 194.975000 1.370400 3.391100 1.497300 30.509418 -2.500574 -1.432030 0.088100
78 7 Car 0 0 9.239479 349.220000 114.118000 379.460000 194.975000 1.506500 4.027800 1.630200 16.893959 -3.340795 -1.637227 0.010700
78 2 Car 0 0 13.299317 349.220000 114.118000 379.460000 194.975000 1.533800 3.750200 1.619600 61.982650 -2.071198 -1.287421 0.023600
78 8 Car 0 0 6.743147 349.220000 114.118000 379.460000 194.975000 1.535500 3.438300 1.603100 33.322332 -18.820849 -1.842756 0.755700
79 6 Car 0 0 9.812847 349.220000 114.118000 379.460000 194.975000 1.413300 3.250700 1.516300 31.613806 -2.472338 -1.556422 0.040100
79 7 Car 0 0 9.344615 349.220000 114.118000 379.460000 194.975000 1.460500 3.967300 1.590500 17.966342 -3.280488 -1.582887 0.015400
79 8 Car 0 0 6.799772 349.220000 114.118000 379.460000 194.975000 1.583900 3.555700 1.652400 33.728347 -18.498706 -1.855783 0.747000
79 5 Car 0 0 11.681149 349.220000 114.118000 379.460000 194.975000 1.495600 3.939300 1.583900 43.483410 -6.612581 -1.448165 0.150800
80 6 Car 0 0 9.912444 349.220000 114.118000 379.460000 194.975000 1.389000 3.486600 1.547900 32.803781 -2.423730 -1.558849 0.071100
80 7 Car 0 0 9.449240 349.220000 114.118000 379.460000 194.975000 1.474000 4.010500 1.606700 19.060522 -3.270041 -1.595845 0.018700
80 8 Car 0 0 6.744157 349.220000 114.118000 379.460000 194.975000 1.515600 3.497700 1.597100 34.146605 -18.105719 -1.764162 0.756100
80 2 Car 0 0 13.864573 349.220000 114.118000 379.460000 194.975000 1.558200 4.084900 1.662000 67.108078 -1.758409 -1.333680 0.073400
80 9 Car 0 0 8.030819 349.220000 114.118000 379.460000 194.975000 1.642400 3.617400 1.518100 4.606257 -3.595842 -1.715352 -0.022100
81 6 Car 0 0 10.035812 349.220000 114.118000 379.460000 194.975000 1.354400 3.520300 1.489200 34.058882 -2.351110 -1.478388 0.052300
81 7 Car 0 0 9.560291 349.220000 114.118000 379.460000 194.975000 1.533100 3.889500 1.635800 20.180353 -3.269167 -1.591064 0.024500
81 8 Car 0 0 6.570409 349.220000 114.118000 379.460000 194.975000 1.498700 3.343100 1.568600 34.554477 -17.697088 -1.767385 0.741000
81 2 Car 0 0 13.909362 349.220000 114.118000 379.460000 194.975000 1.522600 3.906400 1.624500 68.604448 -1.662117 -1.302899 0.081900
81 9 Car 0 0 8.032777 349.220000 114.118000 379.460000 194.975000 1.596000 3.746000 1.563800 5.134461 -3.673197 -1.621109 0.020400
81 5 Car 0 0 12.093501 349.220000 114.118000 379.460000 194.975000 1.495600 3.939300 1.583900 47.887290 -6.397606 -1.448165 0.150800
82 6 Car 0 0 10.118534 349.220000 114.118000 379.460000 194.975000 1.406500 3.440300 1.537300 35.249827 -2.367010 -1.495798 0.065800
82 7 Car 0 0 9.670691 349.220000 114.118000 379.460000 194.975000 1.481300 3.800300 1.622800 21.317341 -3.249359 -1.545856 0.012800
82 8 Car 0 0 6.370666 349.220000 114.118000 379.460000 194.975000 1.494700 3.517800 1.556300 34.969172 -17.333663 -1.740510 0.703700
82 9 Car 0 0 7.815529 349.220000 114.118000 379.460000 194.975000 1.690000 4.031300 1.591000 5.738564 -3.702866 -1.668991 0.008600
82 2 Car 0 0 13.909362 349.220000 114.118000 379.460000 194.975000 1.522600 3.906400 1.624500 68.604352 -1.668163 -1.302899 0.081900
82 5 Car 0 0 12.093501 349.220000 114.118000 379.460000 194.975000 1.495600 3.939300 1.583900 47.886800 -6.401933 -1.448165 0.150800
83 6 Car 0 0 10.204162 349.220000 114.118000 379.460000 194.975000 1.431000 3.541000 1.544700 36.450679 -2.291791 -1.498901 0.084800
83 7 Car 0 0 9.806088 349.220000 114.118000 379.460000 194.975000 1.521600 3.947900 1.660500 22.514519 -3.226105 -1.590723 0.010700
83 8 Car 0 0 6.067972 349.220000 114.118000 379.460000 194.975000 1.392000 3.284100 1.475400 35.298184 -17.009566 -1.707047 0.698100
83 9 Car 0 0 7.890500 349.220000 114.118000 379.460000 194.975000 1.672300 3.982500 1.573500 6.556851 -3.706336 -1.665023 0.013600
84 6 Car 0 0 10.324922 349.220000 114.118000 379.460000 194.975000 1.463700 3.644600 1.559200 37.737352 -2.250486 -1.471499 0.036700
84 7 Car 0 0 9.968147 349.220000 114.118000 379.460000 194.975000 1.479700 3.991200 1.612800 23.781384 -3.172405 -1.555274 0.018900
84 9 Car 0 0 7.891833 349.220000 114.118000 379.460000 194.975000 1.636300 4.058600 1.633500 7.341144 -3.617842 -1.643831 0.004100
84 8 Car 0 0 6.067972 349.220000 114.118000 379.460000 194.975000 1.392000 3.284100 1.475400 35.297425 -17.011394 -1.707047 0.698100
85 6 Car 0 0 10.434872 349.220000 114.118000 379.460000 194.975000 1.471400 3.585700 1.571900 39.018267 -2.186861 -1.457280 0.090000
85 7 Car 0 0 10.109389 349.220000 114.118000 379.460000 194.975000 1.512500 3.957900 1.639700 25.040292 -3.165119 -1.578296 0.027100
85 9 Car 0 0 7.980078 349.220000 114.118000 379.460000 194.975000 1.671600 4.021500 1.626000 8.188691 -3.601309 -1.666813 -0.015100
85 8 Car 0 0 5.954164 349.220000 114.118000 379.460000 194.975000 1.400500 3.679200 1.485300 36.215382 -16.376566 -1.409480 0.686400
86 6 Car 0 0 10.476239 349.220000 114.118000 379.460000 194.975000 1.411300 3.321700 1.514900 40.158321 -2.163281 -1.427172 0.068700
86 7 Car 0 0 10.262492 349.220000 114.118000 379.460000 194.975000 1.471200 3.923400 1.627600 26.341671 -3.128466 -1.529759 0.058800
86 9 Car 0 0 8.026941 349.220000 114.118000 379.460000 194.975000 1.675200 3.962800 1.655100 9.021863 -3.587891 -1.655768 -0.020000
86 8 Car 0 0 5.954164 349.220000 114.118000 379.460000 194.975000 1.400500 3.679200 1.485300 36.215224 -16.377465 -1.409480 0.686400
87 6 Car 0 0 10.586266 349.220000 114.118000 379.460000 194.975000 1.474800 3.849500 1.593100 41.449593 -2.152457 -1.485340 0.044400
87 7 Car 0 0 10.378720 349.220000 114.118000 379.460000 194.975000 1.458600 3.695600 1.567700 27.594086 -3.066607 -1.517329 0.031300
87 9 Car 0 0 8.116438 349.220000 114.118000 379.460000 194.975000 1.704000 3.952500 1.632300 9.900521 -3.550443 -1.710934 0.038600
88 6 Car 0 0 10.718971 349.220000 114.118000 379.460000 194.975000 1.438000 3.636900 1.551400 42.812195 -2.087509 -1.436823 0.054600
88 7 Car 0 0 10.525565 349.220000 114.118000 379.460000 194.975000 1.504800 4.011500 1.638500 28.924838 -3.053860 -1.526610 0.014300
88 9 Car 0 0 8.133954 349.220000 114.118000 379.460000 194.975000 1.625800 3.954500 1.607200 10.729521 -3.539570 -1.626925 0.009500
89 6 Car 0 0 10.832310 349.220000 114.118000 379.460000 194.975000 1.443900 3.653500 1.558600 44.147987 -2.063900 -1.423170 0.028800
89 7 Car 0 0 10.697164 349.220000 114.118000 379.460000 194.975000 1.480300 3.809400 1.605500 30.328151 -3.021609 -1.492491 0.018200
89 9 Car 0 0 8.279744 349.220000 114.118000 379.460000 194.975000 1.612300 3.986600 1.666900 11.697465 -3.529083 -1.633255 0.017700
89 8 Car 0 0 5.217906 349.220000 114.118000 379.460000 194.975000 1.498500 3.422200 1.587200 37.438670 -15.464944 -1.710951 0.603100
90 7 Car 0 0 10.876993 349.220000 114.118000 379.460000 194.975000 1.533700 3.969400 1.681800 31.776231 -2.998068 -0.996785 0.041800
90 9 Car 0 0 8.367957 349.220000 114.118000 379.460000 194.975000 1.596300 3.921400 1.635900 12.625386 -3.495775 -1.434252 0.004000
90 8 Car 0 0 5.067178 349.220000 114.118000 379.460000 194.975000 1.475800 3.367500 1.572300 37.767649 -15.236253 -1.009755 0.637100
90 6 Car 0 0 10.832310 349.220000 114.118000 379.460000 194.975000 1.443900 3.653500 1.558600 44.147604 -2.066416 -1.423170 0.028800
91 7 Car 0 0 11.016207 349.220000 114.118000 379.460000 194.975000 1.421200 3.641200 1.539500 33.165180 -2.972590 -1.425431 0.016200
91 9 Car 0 0 8.445298 349.220000 114.118000 379.460000 194.975000 1.595900 4.073000 1.685000 13.554551 -3.466005 -1.610172 0.008700
91 8 Car 0 0 5.008614 349.220000 114.118000 379.460000 194.975000 1.532600 3.284900 1.581500 38.123571 -14.935981 -1.661171 0.670200
91 6 Car 0 0 11.111521 349.220000 114.118000 379.460000 194.975000 1.441900 3.584700 1.553300 46.928363 -1.856565 -1.407236 -0.040800
91 10 Car 0 0 8.647424 349.220000 114.118000 379.460000 194.975000 1.439400 3.800400 1.520900 4.811172 -3.599983 -1.673260 -0.035700
92 7 Car 0 0 11.176702 349.220000 114.118000 379.460000 194.975000 1.534600 3.876700 1.680800 34.615536 -2.925322 -1.477461 0.059200
92 9 Car 0 0 8.516507 349.220000 114.118000 379.460000 194.975000 1.578800 4.009700 1.654100 14.490680 -3.457659 -1.597245 0.018900
92 8 Car 0 0 4.988106 349.220000 114.118000 379.460000 194.975000 1.480500 3.726400 1.593900 38.500748 -14.656194 -1.676551 0.626100
92 10 Car 0 0 8.804609 349.220000 114.118000 379.460000 194.975000 1.363700 3.136400 1.400800 5.722845 -3.603136 -1.635428 -0.022000
92 6 Car 0 0 11.111521 349.220000 114.118000 379.460000 194.975000 1.441900 3.584700 1.553300 46.928071 -1.857694 -1.407236 -0.040800
93 7 Car 0 0 11.366950 349.220000 114.118000 379.460000 194.975000 1.580900 4.053900 1.675800 36.156281 -2.879095 -1.517659 0.058800
93 9 Car 0 0 8.644437 349.220000 114.118000 379.460000 194.975000 1.654700 4.024400 1.675200 15.516556 -3.453695 -1.628570 0.004000
93 8 Car 0 0 4.884684 349.220000 114.118000 379.460000 194.975000 1.499800 3.567500 1.588100 38.787364 -14.387994 -1.592505 0.640200
93 10 Car 0 0 9.013463 349.220000 114.118000 379.460000 194.975000 1.403700 3.423000 1.495700 6.752263 -3.585856 -1.620688 -0.010400
93 6 Car 0 0 11.300644 349.220000 114.118000 379.460000 194.975000 1.395000 3.762500 1.544700 49.530290 -1.865291 -1.358598 0.026600
94 7 Car 0 0 11.525866 349.220000 114.118000 379.460000 194.975000 1.504900 3.798100 1.555400 37.655248 -2.827624 -1.489556 0.042100
94 9 Car 0 0 8.741309 349.220000 114.118000 379.460000 194.975000 1.554500 3.889200 1.657700 16.520830 -3.420491 -1.621730 0.008300
94 8 Car 0 0 4.704697 349.220000 114.118000 379.460000 194.975000 1.369800 3.472700 1.510100 39.041835 -14.183535 -1.570120 0.623700
94 10 Car 0 0 9.157597 349.220000 114.118000 379.460000 194.975000 1.420000 3.448200 1.491300 7.739518 -3.568984 -1.671610 -0.014600
94 6 Car 0 0 11.341652 349.220000 114.118000 379.460000 194.975000 1.436600 3.768900 1.550100 50.779262 -1.819388 -1.392901 0.012200
95 7 Car 0 0 11.634982 349.220000 114.118000 379.460000 194.975000 1.468100 3.629100 1.546000 39.054432 -2.696563 -0.758215 0.079000
95 9 Car 0 0 8.830793 349.220000 114.118000 379.460000 194.975000 1.693900 3.932200 1.647600 17.527529 -3.343814 -1.387412 0.010900
95 8 Car 0 0 4.497388 349.220000 114.118000 379.460000 194.975000 1.491600 3.453500 1.584000 39.217718 -13.993731 -1.018074 0.649800
95 10 Car 0 0 9.115854 349.220000 114.118000 379.460000 194.975000 1.363400 3.217200 1.444700 8.609267 -3.525476 -1.493497 0.003400
95 6 Car 0 0 11.341652 349.220000 114.118000 379.460000 194.975000 1.436600 3.768900 1.550100 50.779035 -1.819785 -1.392901 0.012200
95 11 Car 0 0 10.479082 349.220000 114.118000 379.460000 194.975000 1.405300 3.738500 1.494600 8.842151 -7.538750 -1.498254 0.001500
96 7 Car 0 0 11.777359 349.220000 114.118000 379.460000 194.975000 1.516200 3.993600 1.600600 40.537484 -2.624632 -1.393667 0.098300
96 9 Car 0 0 8.923569 349.220000 114.118000 379.460000 194.975000 1.613800 4.093500 1.704800 18.559621 -3.327561 -1.579752 0.020700
96 8 Car 0 0 4.317342 349.220000 114.118000 379.460000 194.975000 1.423700 3.567500 1.553100 39.443610 -13.867563 -1.570760 0.622700
96 10 Car 0 0 9.221866 349.220000 114.118000 379.460000 194.975000 1.383600 3.172500 1.461300 9.586058 -3.525853 -1.628451 0.017400
96 11 Car 0 0 10.516439 349.220000 114.118000 379.460000 194.975000 1.403000 3.732700 1.497300 9.682163 -7.488403 -1.664472 -0.013900
97 7 Car 0 0 11.970102 349.220000 114.118000 379.460000 194.975000 1.535300 3.833200 1.582700 42.160331 -2.570051 -1.428286 0.047400
97 9 Car 0 0 9.044920 349.220000 114.118000 379.460000 194.975000 1.658600 4.126700 1.723100 19.654013 -3.359267 -1.631627 -0.000300
97 8 Car 0 0 4.177080 349.220000 114.118000 379.460000 194.975000 1.425500 3.552500 1.547400 39.671871 -13.726933 -1.572437 0.632800
97 10 Car 0 0 9.319172 349.220000 114.118000 379.460000 194.975000 1.424600 3.412100 1.515900 10.578989 -3.551559 -1.647613 -0.012400
97 11 Car 0 0 10.450750 349.220000 114.118000 379.460000 194.975000 1.412700 4.101700 1.553300 10.585898 -7.470692 -1.623520 0.022900
98 7 Car 0 0 12.147812 349.220000 114.118000 379.460000 194.975000 1.488400 3.918400 1.588700 43.780353 -2.551011 -1.443884 0.053500
98 9 Car 0 0 9.129666 349.220000 114.118000 379.460000 194.975000 1.655600 4.008600 1.670400 20.704729 -3.353911 -1.554262 -0.001100
98 8 Car 0 0 4.007807 349.220000 114.118000 379.460000 194.975000 1.384700 3.351400 1.497500 39.866767 -13.634753 -1.559108 0.591800
98 10 Car 0 0 9.384489 349.220000 114.118000 379.460000 194.975000 1.391500 3.364100 1.493000 11.566659 -3.528201 -1.618910 0.009300
98 11 Car 0 0 10.231587 349.220000 114.118000 379.460000 194.975000 1.391800 4.092800 1.551000 11.467015 -7.404648 -1.623745 0.001800
99 7 Car 0 0 12.299977 349.220000 114.118000 379.460000 194.975000 1.548200 3.762700 1.605800 45.362796 -2.568836 -1.460044 0.036600
99 9 Car 0 0 9.184825 349.220000 114.118000 379.460000 194.975000 1.560600 3.836600 1.653200 21.714354 -3.339239 -1.522977 -0.003800
99 8 Car 0 0 3.875158 349.220000 114.118000 379.460000 194.975000 1.388600 3.560300 1.530500 40.074645 -13.471868 -1.489726 0.592700
99 10 Car 0 0 9.393926 349.220000 114.118000 379.460000 194.975000 1.363800 3.370400 1.492600 12.511821 -3.570271 -1.616105 -0.015000
99 11 Car 0 0 10.236594 349.220000 114.118000 379.460000 194.975000 1.379700 4.282800 1.586300 12.483899 -7.475976 -1.632447 -0.006000
100 7 Car 0 0 12.436269 349.220000 114.118000 379.460000 194.975000 1.523600 3.821900 1.650900 46.918432 -2.481455 -1.340754 0.045700
100 9 Car 0 0 9.294132 349.220000 114.118000 379.460000 194.975000 1.636400 4.013200 1.650200 22.827840 -3.284095 -1.512279 0.008000
100 8 Car 0 0 3.830201 349.220000 114.118000 379.460000 194.975000 1.508800 3.699400 1.602100 40.357133 -13.311789 -1.575788 0.622300
100 10 Car 0 0 9.476467 349.220000 114.118000 379.460000 194.975000 1.367100 3.229200 1.484900 13.538723 -3.526022 -1.614593 0.024600
100 11 Car 0 0 10.208794 349.220000 114.118000 379.460000 194.975000 1.383300 4.209800 1.574800 13.473961 -7.433928 -1.606898 0.014800
101 7 Car 0 0 12.593280 349.220000 114.118000 379.460000 194.975000 1.521800 3.995400 1.595700 48.529425 -2.282709 -0.530891 0.088100
101 9 Car 0 0 9.423101 349.220000 114.118000 379.460000 194.975000 1.649400 4.124600 1.661400 23.994807 -3.234342 -1.206302 0.006400
101 8 Car 0 0 3.698065 349.220000 114.118000 379.460000 194.975000 1.409700 3.367400 1.513100 40.502277 -13.129570 -0.853712 0.602300
101 10 Car 0 0 9.551428 349.220000 114.118000 379.460000 194.975000 1.408000 3.254200 1.521600 14.566856 -3.498674 -1.400636 -0.027600
101 11 Car 0 0 10.184092 349.220000 114.118000 379.460000 194.975000 1.432600 4.352000 1.623100 14.468231 -7.365335 -1.378576 0.021900
102 7 Car 0 0 12.720377 349.220000 114.118000 379.460000 194.975000 1.572400 4.040600 1.636400 50.093265 -2.284447 -1.297043 -0.018800
102 9 Car 0 0 9.527643 349.220000 114.118000 379.460000 194.975000 1.654700 4.244000 1.631500 25.137407 -3.202360 -1.564116 -0.011800
102 8 Car 0 0 3.531442 349.220000 114.118000 379.460000 194.975000 1.420500 3.557900 1.523100 40.701012 -13.037094 -1.554057 0.579300
102 10 Car 0 0 9.667672 349.220000 114.118000 379.460000 194.975000 1.425300 3.337200 1.546100 15.659958 -3.502102 -1.641930 0.004400
102 11 Car 0 0 10.163018 349.220000 114.118000 379.460000 194.975000 1.349000 4.238200 1.574600 15.469186 -7.403063 -1.618186 0.001200
103 9 Car 0 0 9.643563 349.220000 114.118000 379.460000 194.975000 1.645200 4.082700 1.636900 26.316306 -3.169568 -1.546973 -0.009200
103 8 Car 0 0 3.301713 349.220000 114.118000 379.460000 194.975000 1.465600 3.560300 1.558800 40.814837 -12.994482 -1.589973 0.592200
103 10 Car 0 0 9.726796 349.220000 114.118000 379.460000 194.975000 1.440600 3.243300 1.546200 16.698332 -3.454022 -1.613105 0.022500
103 11 Car 0 0 10.224412 349.220000 114.118000 379.460000 194.975000 1.409700 4.183100 1.592000 16.541386 -7.395153 -1.632156 0.016300
103 7 Car 0 0 12.720377 349.220000 114.118000 379.460000 194.975000 1.572400 4.040600 1.636400 50.092853 -2.288198 -1.297043 -0.018800
104 9 Car 0 0 9.694443 349.220000 114.118000 379.460000 194.975000 1.578000 3.987000 1.624300 27.383787 -3.172026 -1.500447 -0.005500
104 8 Car 0 0 3.105496 349.220000 114.118000 379.460000 194.975000 1.422800 3.429900 1.505100 40.920827 -12.936909 -1.493917 0.604100
104 10 Car 0 0 9.868898 349.220000 114.118000 379.460000 194.975000 1.407000 3.584000 1.547100 17.859443 -3.429025 -1.622421 0.013900
104 11 Car 0 0 10.223975 349.220000 114.118000 379.460000 194.975000 1.364400 4.275200 1.588800 17.560406 -7.381477 -1.623073 0.026800
104 7 Car 0 0 12.989897 349.220000 114.118000 379.460000 194.975000 1.556300 3.747700 1.619300 53.249247 -2.063275 -1.417946 0.089500
105 9 Car 0 0 9.766750 349.220000 114.118000 379.460000 194.975000 1.670200 3.899300 1.701800 28.498567 -3.130577 -1.512376 0.039200
105 8 Car 0 0 2.884393 349.220000 114.118000 379.460000 194.975000 1.406500 3.442400 1.483200 40.982243 -12.878581 -1.513978 0.601700
105 10 Car 0 0 9.887619 349.220000 114.118000 379.460000 194.975000 1.337800 3.238800 1.482600 18.872317 -3.434091 -1.569823 -0.001200
105 11 Car 0 0 10.284981 349.220000 114.118000 379.460000 194.975000 1.444200 4.422100 1.614600 18.649069 -7.352124 -1.633061 0.029400
105 7 Car 0 0 13.037405 349.220000 114.118000 379.460000 194.975000 1.507300 3.494500 1.577900 54.653189 -2.012635 -1.374699 -0.016500
106 9 Car 0 0 9.841984 349.220000 114.118000 379.460000 194.975000 1.617000 3.930900 1.673800 29.626479 -3.090236 -1.430757 -0.009300
106 8 Car 0 0 2.696788 349.220000 114.118000 379.460000 194.975000 1.480300 3.630900 1.531000 41.086856 -12.861090 -1.576155 0.611800
106 10 Car 0 0 9.969616 349.220000 114.118000 379.460000 194.975000 1.351900 3.177700 1.470900 19.980603 -3.407123 -1.598063 -0.001200
106 11 Car 0 0 10.267195 349.220000 114.118000 379.460000 194.975000 1.370600 4.276100 1.597700 19.652587 -7.334464 -1.547662 0.022500
106 7 Car 0 0 13.037405 349.220000 114.118000 379.460000 194.975000 1.507300 3.494500 1.577900 54.652700 -2.013628 -1.374699 -0.016500
107 9 Car 0 0 9.929334 349.220000 114.118000 379.460000 194.975000 1.644700 3.822400 1.584100 30.786788 -3.015064 -1.516636 0.027300
107 8 Car 0 0 2.610086 349.220000 114.118000 379.460000 194.975000 1.449500 3.633700 1.511300 41.265156 -12.733472 -1.558261 0.598500
107 10 Car 0 0 10.042620 349.220000 114.118000 379.460000 194.975000 1.400900 3.152200 1.475400 21.087598 -3.388087 -1.601982 -0.009700
107 11 Car 0 0 10.322395 349.220000 114.118000 379.460000 194.975000 1.365300 4.151100 1.567400 20.751586 -7.305870 -1.569537 0.031700
108 9 Car 0 0 9.995204 349.220000 114.118000 379.460000 194.975000 1.633200 3.930700 1.610000 31.919373 -2.991474 -1.524847 0.034100
108 8 Car 0 0 2.477813 349.220000 114.118000 379.460000 194.975000 1.451300 3.623400 1.527500 41.376832 -12.671020 -1.568947 0.626200
108 10 Car 0 0 10.141842 349.220000 114.118000 379.460000 194.975000 1.404900 3.399600 1.526600 22.248636 -3.338057 -1.554799 0.043000
108 11 Car 0 0 10.405325 349.220000 114.118000 379.460000 194.975000 1.463500 4.416800 1.644700 21.894050 -7.313416 -1.577195 -0.011600
109 9 Car 0 0 10.089193 349.220000 114.118000 379.460000 194.975000 1.680600 4.071600 1.632400 33.117509 -2.976816 -1.515973 -0.003300
109 8 Car 0 0 2.332196 349.220000 114.118000 379.460000 194.975000 1.433400 3.752500 1.544600 41.487539 -12.621249 -1.334910 0.602000
109 10 Car 0 0 10.219363 349.220000 114.118000 379.460000 194.975000 1.400000 3.079100 1.485100 23.393719 -3.359603 -1.558328 -0.009600
109 11 Car 0 0 10.363931 349.220000 114.118000 379.460000 194.975000 1.372700 4.045800 1.575100 22.871270 -7.296934 -1.540274 0.024000
110 9 Car 0 0 10.165689 349.220000 114.118000 379.460000 194.975000 1.690600 4.101600 1.672400 34.290684 -3.011313 -1.079753 0.042300
110 8 Car 0 0 2.229323 349.220000 114.118000 379.460000 194.975000 1.476300 3.764300 1.577600 41.654082 -12.577422 -1.061370 0.567400
110 10 Car 0 0 10.329247 349.220000 114.118000 379.460000 194.975000 1.414000 3.351300 1.522400 24.602791 -3.397836 -1.211949 0.020500
110 11 Car 0 0 10.426679 349.220000 114.118000 379.460000 194.975000 1.495300 4.370000 1.647400 23.996536 -7.342885 -1.289562 -0.010700
111 9 Car 0 0 10.213837 349.220000 114.118000 379.460000 194.975000 1.632700 3.967200 1.668200 35.420071 -2.886837 -1.416168 0.013100
111 8 Car 0 0 1.854192 349.220000 114.118000 379.460000 194.975000 1.518800 3.743400 1.606400 41.545394 -12.594197 -1.674819 0.561200
111 10 Car 0 0 10.417679 349.220000 114.118000 379.460000 194.975000 1.388700 3.332800 1.515300 25.799557 -3.319366 -1.522332 0.025000
111 11 Car 0 0 10.413916 349.220000 114.118000 379.460000 194.975000 1.350500 4.085100 1.550400 25.022828 -7.273683 -1.512499 0.021000
112 9 Car 0 0 10.332802 349.220000 114.118000 379.460000 194.975000 1.705900 4.082300 1.651400 36.693143 -2.784744 -1.535919 0.031700
112 8 Car 0 0 1.482684 349.220000 114.118000 379.460000 194.975000 1.512800 3.626200 1.590400 41.411806 -12.612912 -1.621873 0.618100
112 10 Car 0 0 10.515240 349.220000 114.118000 379.460000 194.975000 1.364100 3.318600 1.487200 27.017705 -3.270729 -1.499667 0.029100
112 11 Car 0 0 10.446513 349.220000 114.118000 379.460000 194.975000 1.413800 4.086900 1.609000 26.111309 -7.246875 -1.575757 0.046400
113 9 Car 0 0 10.417957 349.220000 114.118000 379.460000 194.975000 1.759500 4.073300 1.638800 37.912393 -2.710220 -1.535460 0.027500
113 8 Car 0 0 1.192595 349.220000 114.118000 379.460000 194.975000 1.486100 3.548000 1.582600 41.405315 -12.673314 -1.605902 0.521500
113 10 Car 0 0 10.599792 349.220000 114.118000 379.460000 194.975000 1.466700 3.195900 1.511200 28.227317 -3.232478 -1.548519 -0.002600
113 11 Car 0 0 10.545639 349.220000 114.118000 379.460000 194.975000 1.442600 4.233200 1.617200 27.316424 -7.193482 -1.532947 0.061300
114 9 Car 0 0 10.442014 349.220000 114.118000 379.460000 194.975000 1.600800 3.912400 1.647300 39.017504 -2.733326 -1.444997 -0.000300
114 8 Car 0 0 0.900679 349.220000 114.118000 379.460000 194.975000 1.425000 3.454600 1.512600 41.321593 -12.642776 -1.563005 0.609400
114 10 Car 0 0 10.694001 349.220000 114.118000 379.460000 194.975000 1.351700 3.326700 1.503700 29.465879 -3.177205 -1.508617 0.073100
114 11 Car 0 0 10.615114 349.220000 114.118000 379.460000 194.975000 1.449500 4.172300 1.592900 28.487081 -7.143250 -1.544474 0.034500
115 9 Car 0 0 10.469029 349.220000 114.118000 379.460000 194.975000 1.571400 3.637800 1.638900 40.115796 -2.648410 -1.365993 0.032000
115 8 Car 0 0 0.546704 349.220000 114.118000 379.460000 194.975000 1.435000 3.393100 1.519600 41.245227 -12.699558 -1.514164 0.560700
115 10 Car 0 0 10.765606 349.220000 114.118000 379.460000 194.975000 1.382300 3.330700 1.501200 30.671847 -3.108950 -1.497654 0.059500
115 11 Car 0 0 10.586328 349.220000 114.118000 379.460000 194.975000 1.403800 4.012100 1.563400 29.495286 -7.133962 -1.524643 0.027300
116 9 Car 0 0 10.571140 349.220000 114.118000 379.460000 194.975000 1.637000 3.842600 1.631200 41.380462 -2.563528 -0.829441 0.030300
116 8 Car 0 0 0.357687 349.220000 114.118000 379.460000 194.975000 1.409700 3.399900 1.502100 41.204359 -12.677099 -0.861512 0.552400
116 10 Car 0 0 10.803163 349.220000 114.118000 379.460000 194.975000 1.372100 3.383100 1.534000 31.815785 -3.001276 -1.025198 0.042600
116 11 Car 0 0 10.657210 349.220000 114.118000 379.460000 194.975000 1.425400 4.299700 1.648200 30.680480 -7.096150 -1.028104 0.030000
117 9 Car 0 0 10.679190 349.220000 114.118000 379.460000 194.975000 1.566700 3.849900 1.635300 42.683445 -2.562992 -1.403152 -0.030500
117 8 Car 0 0 0.069387 349.220000 114.118000 379.460000 194.975000 1.410800 3.273200 1.478000 41.168196 -12.709610 -1.526458 0.596100
117 10 Car 0 0 10.883290 349.220000 114.118000 379.460000 194.975000 1.437500 3.311800 1.544100 33.059679 -2.965499 -1.485615 0.068200
117 11 Car 0 0 10.695322 349.220000 114.118000 379.460000 194.975000 1.368700 4.195000 1.588600 31.814606 -7.056976 -1.408035 0.044400
118 9 Car 0 0 10.774256 349.220000 114.118000 379.460000 194.975000 1.640900 3.834000 1.670400 43.966384 -2.484622 -1.452076 0.059400
118 8 Car 0 0 0.175168 349.220000 114.118000 379.460000 194.975000 1.415700 3.554000 1.504900 41.205812 -12.684198 -1.539486 0.586900
118 10 Car 0 0 10.944417 349.220000 114.118000 379.460000 194.975000 1.443100 3.304200 1.551900 34.279010 -3.019506 -1.453346 0.036500
118 11 Car 0 0 10.716129 349.220000 114.118000 379.460000 194.975000 1.456900 4.094500 1.609700 32.920319 -7.000419 -1.425673 0.055700
119 9 Car 0 0 10.852863 349.220000 114.118000 379.460000 194.975000 1.641000 3.779600 1.680600 45.224419 -2.484091 -1.380300 -0.026400
119 8 Car 0 0 -0.024019 349.220000 114.118000 379.460000 194.975000 1.396000 3.431400 1.476800 41.188816 -12.709516 -1.524333 0.584400
119 10 Car 0 0 11.007905 349.220000 114.118000 379.460000 194.975000 1.521800 3.468300 1.616300 35.504860 -2.991934 -1.491844 0.044200
119 11 Car 0 0 10.758282 349.220000 114.118000 379.460000 194.975000 1.489300 4.149900 1.604000 34.068114 -6.923941 -1.451132 0.064700
120 9 Car 0 0 10.924837 349.220000 114.118000 379.460000 194.975000 1.631000 3.761400 1.682900 46.474638 -2.520577 -1.371617 -0.002400
120 8 Car 0 0 0.084804 349.220000 114.118000 379.460000 194.975000 1.440600 3.438300 1.520400 41.263454 -12.682353 -1.541746 0.577800
120 10 Car 0 0 11.079077 349.220000 114.118000 379.460000 194.975000 1.470000 3.502300 1.621900 36.754987 -2.959956 -1.480057 0.064000
120 11 Car 0 0 10.765865 349.220000 114.118000 379.460000 194.975000 1.401800 3.992300 1.627200 35.162752 -6.925155 -1.467693 0.041300
121 9 Car 0 0 11.017539 349.220000 114.118000 379.460000 194.975000 1.611500 3.789500 1.646800 47.776960 -2.517714 -1.325731 -0.059500
121 8 Car 0 0 0.067598 349.220000 114.118000 379.460000 194.975000 1.361200 3.627800 1.478400 41.266316 -12.675255 -1.471150 0.582300
121 10 Car 0 0 11.141468 349.220000 114.118000 379.460000 194.975000 1.389400 3.408300 1.518400 37.994820 -2.926503 -1.373512 0.048900
121 11 Car 0 0 10.838654 349.220000 114.118000 379.460000 194.975000 1.463900 4.165200 1.624000 36.384019 -6.868639 -1.409181 0.060900
122 9 Car 0 0 11.141592 349.220000 114.118000 379.460000 194.975000 1.645200 4.281300 1.649600 49.161790 -2.484684 -0.547701 -0.109800
122 8 Car 0 0 0.093868 349.220000 114.118000 379.460000 194.975000 1.444300 3.611500 1.533200 41.278342 -12.645858 -0.910474 0.582300
122 10 Car 0 0 11.175555 349.220000 114.118000 379.460000 194.975000 1.468300 3.469300 1.556900 39.178883 -2.801430 -0.833476 0.039900
122 11 Car 0 0 10.892924 349.220000 114.118000 379.460000 194.975000 1.443400 4.152800 1.611100 37.576431 -6.794098 -0.867024 0.056500
123 9 Car 0 0 11.191297 349.220000 114.118000 379.460000 194.975000 1.533700 3.635500 1.595400 50.395548 -2.321037 -1.197240 -0.058800
123 8 Car 0 0 0.119063 349.220000 114.118000 379.460000 194.975000 1.398000 3.577300 1.504100 41.275610 -12.649414 -1.536354 0.580600
123 10 Car 0 0 11.268734 349.220000 114.118000 379.460000 194.975000 1.446700 3.737900 1.592000 40.499655 -2.769056 -1.425906 0.015800
123 11 Car 0 0 10.966392 349.220000 114.118000 379.460000 194.975000 1.456800 4.457600 1.669900 38.820493 -6.776713 -1.442445 0.078500
124 9 Car 0 0 11.281328 349.220000 114.118000 379.460000 194.975000 1.556100 3.691900 1.612200 51.715058 -2.237754 -0.301567 -0.045400
124 8 Car 0 0 -0.031549 349.220000 114.118000 379.460000 194.975000 1.397200 3.396400 1.493100 41.235269 -12.675943 -0.845191 0.617800
124 10 Car 0 0 11.359103 349.220000 114.118000 379.460000 194.975000 1.464100 3.800900 1.582400 41.818890 -2.733145 -0.735223 0.002400
124 11 Car 0 0 11.007093 349.220000 114.118000 379.460000 194.975000 1.429000 4.243800 1.612700 40.002732 -6.771005 -0.762340 0.069100
125 8 Car 0 0 0.013034 349.220000 114.118000 379.460000 194.975000 1.455800 3.701400 1.541900 41.343855 -12.681043 -1.551359 0.585200
125 10 Car 0 0 11.411052 349.220000 114.118000 379.460000 194.975000 1.458400 3.854300 1.602300 43.068449 -2.664893 -1.437276 0.060900
125 11 Car 0 0 11.055343 349.220000 114.118000 379.460000 194.975000 1.555800 4.368100 1.686400 41.206831 -6.755199 -1.455024 0.023700
125 9 Car 0 0 11.281328 349.220000 114.118000 379.460000 194.975000 1.556100 3.691900 1.612200 51.715033 -2.231279 -0.301567 -0.045400
126 8 Car 0 0 -0.066701 349.220000 114.118000 379.460000 194.975000 1.401500 3.688500 1.521700 41.304520 -12.696178 -0.807260 0.551600
126 10 Car 0 0 11.480876 349.220000 114.118000 379.460000 194.975000 1.524700 3.979800 1.650400 44.357379 -2.533297 -0.710065 0.091200
126 11 Car 0 0 11.058504 349.220000 114.118000 379.460000 194.975000 1.554000 4.156300 1.711700 42.320869 -6.620986 -0.735563 0.056500
126 9 Car 0 0 11.523131 349.220000 114.118000 379.460000 194.975000 1.580700 3.708600 1.615800 54.483458 -1.998946 -0.388994 -0.038300
127 8 Car 0 0 -0.147748 349.220000 114.118000 379.460000 194.975000 1.499200 3.995200 1.600000 41.233700 -12.731157 -1.600726 0.594400
127 10 Car 0 0 11.569019 349.220000 114.118000 379.460000 194.975000 1.372500 3.971000 1.572800 45.710464 -2.524808 -1.351782 0.035300
127 11 Car 0 0 11.126209 349.220000 114.118000 379.460000 194.975000 1.534400 4.398000 1.692300 43.575662 -6.614930 -1.415666 0.046400
127 9 Car 0 0 11.603794 349.220000 114.118000 379.460000 194.975000 1.565700 3.694800 1.605200 55.812012 -1.940584 -1.176401 -0.028500
128 10 Car 0 0 11.627449 349.220000 114.118000 379.460000 194.975000 1.420100 3.869100 1.565700 47.004569 -2.579094 -1.280831 0.012000
128 11 Car 0 0 11.153926 349.220000 114.118000 379.460000 194.975000 1.543000 4.236200 1.677200 44.753626 -6.684144 -1.395398 -0.019400
128 9 Car 0 0 11.686522 349.220000 114.118000 379.460000 194.975000 1.543600 3.570700 1.589500 57.154142 -1.885543 -1.083520 -0.029100
128 8 Car 0 0 -0.147748 349.220000 114.118000 379.460000 194.975000 1.499200 3.995200 1.600000 41.232870 -12.732911 -1.600726 0.594400
129 10 Car 0 0 11.638626 349.220000 114.118000 379.460000 194.975000 1.424000 3.473500 1.533300 48.191436 -2.468155 -1.342640 0.020500
129 11 Car 0 0 11.175521 349.220000 114.118000 379.460000 194.975000 1.464300 3.953500 1.595200 45.915482 -6.589643 -1.347496 -0.006200
129 9 Car 0 0 11.686522 349.220000 114.118000 379.460000 194.975000 1.543600 3.570700 1.589500 57.153801 -1.884546 -1.083520 -0.029100
130 10 Car 0 0 11.724344 349.220000 114.118000 379.460000 194.975000 1.454200 3.698500 1.573600 49.542565 -2.375130 -1.351273 0.007500
130 11 Car 0 0 11.249081 349.220000 114.118000 379.460000 194.975000 1.479900 4.497300 1.674800 47.193983 -6.490066 -1.298570 0.062800
130 9 Car 0 0 11.949273 349.220000 114.118000 379.460000 194.975000 1.529700 3.680300 1.610600 60.014447 -1.839427 -1.030246 0.028900
131 10 Car 0 0 11.793475 349.220000 114.118000 379.460000 194.975000 1.452400 3.757400 1.575200 50.876797 -2.425241 -1.342170 -0.006300
131 11 Car 0 0 11.256962 349.220000 114.118000 379.460000 194.975000 1.521000 4.103000 1.639700 48.335343 -6.456813 -1.350479 0.019600
131 9 Car 0 0 12.007767 349.220000 114.118000 379.460000 194.975000 1.566200 3.712300 1.628800 61.315852 -1.901224 -1.134009 -0.090300
132 10 Car 0 0 11.860495 349.220000 114.118000 379.460000 194.975000 1.419200 3.760200 1.549000 52.203976 -2.358210 -1.332744 0.072900
132 11 Car 0 0 11.278485 349.220000 114.118000 379.460000 194.975000 1.486200 3.818600 1.610300 49.503791 -6.365847 -1.289406 0.050100
132 9 Car 0 0 12.007767 349.220000 114.118000 379.460000 194.975000 1.566200 3.712300 1.628800 61.315375 -1.902863 -1.134009 -0.090300
133 10 Car 0 0 11.931291 349.220000 114.118000 379.460000 194.975000 1.442600 3.771500 1.545000 53.549487 -2.354098 -1.272050 0.024900
133 11 Car 0 0 11.304609 349.220000 114.118000 379.460000 194.975000 1.478000 3.967200 1.623700 50.694456 -6.352869 -1.374328 -0.001800
134 10 Car 0 0 12.011637 349.220000 114.118000 379.460000 194.975000 1.439000 3.859300 1.550900 54.924057 -2.339949 -1.367090 -0.000700
134 11 Car 0 0 11.368783 349.220000 114.118000 379.460000 194.975000 1.499500 4.046900 1.646800 51.968652 -6.271813 -1.414500 0.007700
135 10 Car 0 0 12.070088 349.220000 114.118000 379.460000 194.975000 1.472300 3.620100 1.563900 56.259217 -2.197937 -1.270697 0.041300
135 11 Car 0 0 11.388826 349.220000 114.118000 379.460000 194.975000 1.482700 3.886100 1.619500 53.150927 -6.254384 -1.444559 0.046900
136 10 Car 0 0 12.156406 349.220000 114.118000 379.460000 194.975000 1.506700 3.497800 1.563900 57.664930 -2.234638 -1.324435 -0.083200
136 11 Car 0 0 11.438864 349.220000 114.118000 379.460000 194.975000 1.457400 3.905600 1.581600 54.403093 -6.202911 -1.455769 0.034100
136 12 Car 0 0 0.947227 349.220000 114.118000 379.460000 194.975000 1.415700 3.705700 1.533900 41.320395 -12.650097 -1.545722 0.584400
137 10 Car 0 0 12.250620 349.220000 114.118000 379.460000 194.975000 1.518100 4.003900 1.622500 59.086255 -2.123374 -0.166496 -0.009600
137 11 Car 0 0 11.500848 349.220000 114.118000 379.460000 194.975000 1.533300 4.022900 1.648400 55.686024 -6.038755 -0.450931 0.036500
137 12 Car 0 0 1.038569 349.220000 114.118000 379.460000 194.975000 1.401000 3.350200 1.504100 41.173519 -12.666066 -0.872864 0.582300
138 10 Car 0 0 12.340473 349.220000 114.118000 379.460000 194.975000 1.528500 3.884400 1.602200 60.516767 -2.138273 -1.107624 0.028300
138 11 Car 0 0 11.514251 349.220000 114.118000 379.460000 194.975000 1.533300 4.022900 1.648400 56.867087 -6.032242 -0.450931 0.036500
138 12 Car 0 0 0.896383 349.220000 114.118000 379.460000 194.975000 1.381900 3.490100 1.492300 41.211715 -12.674096 -1.498508 0.613700
139 10 Car 0 0 12.408083 349.220000 114.118000 379.460000 194.975000 1.512200 3.897400 1.596700 61.910927 -2.309129 -0.410920 -0.016600
139 11 Car 0 0 11.567915 349.220000 114.118000 379.460000 194.975000 1.508400 3.768600 1.616400 58.150544 -6.114110 -0.584185 0.081500
139 12 Car 0 0 0.870031 349.220000 114.118000 379.460000 194.975000 1.445500 3.474400 1.547100 41.213762 -12.762084 -1.041735 0.571500
140 10 Car 0 0 12.476451 349.220000 114.118000 379.460000 194.975000 1.532800 3.792200 1.609800 63.303181 -2.183066 -1.296213 -0.004500
140 11 Car 0 0 11.594708 349.220000 114.118000 379.460000 194.975000 1.508400 3.768600 1.616400 59.363159 -5.963418 -0.584185 0.081500
140 12 Car 0 0 0.551368 349.220000 114.118000 379.460000 194.975000 1.398200 3.445300 1.488800 41.229591 -12.698727 -1.503382 0.584300
141 10 Car 0 0 12.546120 349.220000 114.118000 379.460000 194.975000 1.498400 3.615900 1.570600 64.700947 -1.987282 -1.119500 -0.040400
141 11 Car 0 0 11.659235 349.220000 114.118000 379.460000 194.975000 1.490700 3.776500 1.590300 60.666251 -5.864754 -1.239063 0.005900
141 12 Car 0 0 0.410917 349.220000 114.118000 379.460000 194.975000 1.370100 3.521200 1.487400 41.280910 -12.683334 -1.546662 0.580900
142 11 Car 0 0 11.761240 349.220000 114.118000 379.460000 194.975000 1.490700 3.776500 1.590300 62.065670 -5.762776 -1.239063 0.005900
142 12 Car 0 0 0.185912 349.220000 114.118000 379.460000 194.975000 1.403500 3.457500 1.516100 41.348055 -12.633508 -1.528044 0.626100
142 10 Car 0 0 12.546120 349.220000 114.118000 379.460000 194.975000 1.498400 3.615900 1.570600 64.700590 -1.991180 -1.119500 -0.040400
143 11 Car 0 0 11.833838 349.220000 114.118000 379.460000 194.975000 1.564700 3.915900 1.645800 63.400863 -5.556035 -0.212035 0.048500
143 12 Car 0 0 -0.070782 349.220000 114.118000 379.460000 194.975000 1.413300 3.578200 1.522700 41.374823 -12.561322 -0.876360 0.550400
144 11 Car 0 0 11.865740 349.220000 114.118000 379.460000 194.975000 1.500800 3.890000 1.600600 64.682020 -5.594138 -1.238173 0.043500
144 12 Car 0 0 -0.092909 349.220000 114.118000 379.460000 194.975000 1.359500 3.560100 1.481400 41.499328 -12.543526 -1.488018 0.584700
144 10 Car 0 0 12.894609 349.220000 114.118000 379.460000 194.975000 1.463900 3.641500 1.549300 69.182368 -1.803643 -1.270937 -0.065600
144 13 Car 0 0 0.000000 349.220000 114.118000 379.460000 194.975000 1.869200 4.192100 1.782600 -0.021108 -0.016657 -0.851205 0.026300
145 12 Car 0 0 -0.209771 349.220000 114.118000 379.460000 194.975000 1.428900 3.396200 1.509200 41.446802 -12.502481 -0.863782 0.575200
145 11 Car 0 0 11.865740 349.220000 114.118000 379.460000 194.975000 1.500800 3.890000 1.600600 64.681480 -5.598204 -1.238173 0.043500
145 10 Car 0 0 12.894609 349.220000 114.118000 379.460000 194.975000 1.463900 3.641500 1.549300 69.182059 -1.807982 -1.270937 -0.065600
146 12 Car 0 0 -0.279379 349.220000 114.118000 379.460000 194.975000 1.395600 3.624500 1.504600 41.599070 -12.478580 -1.521219 0.551700
147 12 Car 0 0 -0.349969 349.220000 114.118000 379.460000 194.975000 1.411100 3.526200 1.503100 41.695156 -12.445540 -1.506944 0.551700
148 12 Car 0 0 -0.551254 349.220000 114.118000 379.460000 194.975000 1.464500 3.528400 1.533900 41.747551 -12.386824 -0.886275 0.546500
149 12 Car 0 0 -0.750591 349.220000 114.118000 379.460000 194.975000 1.474600 3.723400 1.562000 41.927481 -12.291888 -1.581299 0.555300
150 12 Car 0 0 -0.885531 349.220000 114.118000 379.460000 194.975000 1.427900 3.562200 1.542300 42.050974 -12.204096 -1.489285 0.529700
151 12 Car 0 0 -1.065903 349.220000 114.118000 379.460000 194.975000 1.463400 3.730300 1.545600 42.208953 -12.077837 -1.535898 0.567500
152 12 Car 0 0 -1.137728 349.220000 114.118000 379.460000 194.975000 1.409200 3.574000 1.506700 42.341340 -11.976485 -1.518622 0.557100
153 12 Car 0 0 -1.138942 349.220000 114.118000 379.460000 194.975000 1.404000 3.551200 1.489900 42.503182 -11.908279 -1.499818 0.564100
154 12 Car 0 0 -1.244340 349.220000 114.118000 379.460000 194.975000 1.421200 3.556600 1.502700 42.637237 -11.785087 -1.543516 0.555100
155 12 Car 0 0 -1.356107 349.220000 114.118000 379.460000 194.975000 1.421400 3.403300 1.501600 42.835240 -11.657715 -1.568994 0.562000
156 12 Car 0 0 -1.450367 349.220000 114.118000 379.460000 194.975000 1.387900 3.439400 1.467600 43.049135 -11.527338 -1.458930 0.547100
157 12 Car 0 0 -1.563437 349.220000 114.118000 379.460000 194.975000 1.382900 3.505000 1.492000 43.295516 -11.380941 -1.403872 0.524000
158 12 Car 0 0 -1.672672 349.220000 114.118000 379.460000 194.975000 1.338900 3.467300 1.476200 43.584640 -11.235690 -1.434233 0.540600
159 12 Car 0 0 -1.769647 349.220000 114.118000 379.460000 194.975000 1.357200 3.459700 1.468500 43.818469 -11.060464 -1.442942 0.552800
160 12 Car 0 0 -1.875742 349.220000 114.118000 379.460000 194.975000 1.348200 3.482800 1.471200 44.113804 -10.895633 -1.459828 0.559400
161 12 Car 0 0 -1.947002 349.220000 114.118000 379.460000 194.975000 1.376100 3.512700 1.491500 44.394093 -10.750490 -1.454222 0.519900
162 12 Car 0 0 -2.047714 349.220000 114.118000 379.460000 194.975000 1.395800 3.497900 1.524500 44.726360 -10.587935 -0.736440 0.538800
163 12 Car 0 0 -2.132037 349.220000 114.118000 379.460000 194.975000 1.412600 3.385900 1.508400 45.042289 -10.412163 -1.459823 0.496000
164 12 Car 0 0 -2.243650 349.220000 114.118000 379.460000 194.975000 1.427500 3.603500 1.544800 45.413998 -10.227390 -1.497447 0.511800
165 12 Car 0 0 -2.341487 349.220000 114.118000 379.460000 194.975000 1.440900 3.334000 1.526200 45.752221 -10.017382 -1.467138 0.514700
166 12 Car 0 0 -2.404119 349.220000 114.118000 379.460000 194.975000 1.398100 3.170300 1.486000 46.079510 -9.863916 -1.480256 0.462000
167 12 Car 0 0 -2.520085 349.220000 114.118000 379.460000 194.975000 1.453100 3.333200 1.532200 46.507359 -9.691070 -1.505533 0.438000
168 12 Car 0 0 -2.630502 349.220000 114.118000 379.460000 194.975000 1.486300 3.352300 1.547300 46.949510 -9.524468 -1.504760 0.442300
169 12 Car 0 0 -2.743601 349.220000 114.118000 379.460000 194.975000 1.504100 3.515100 1.606700 47.425597 -9.342884 -1.576917 0.423000
170 12 Car 0 0 -2.844303 349.220000 114.118000 379.460000 194.975000 1.482800 3.258800 1.537000 47.876351 -9.171774 -1.527877 0.413200
171 12 Car 0 0 -2.953465 349.220000 114.118000 379.460000 194.975000 1.503400 3.654200 1.591200 48.352122 -8.973598 -1.496586 0.370100
172 12 Car 0 0 -3.105962 349.220000 114.118000 379.460000 194.975000 1.440200 3.500800 1.538900 48.926358 -8.770092 -1.552882 0.377800
173 12 Car 0 0 -3.228584 349.220000 114.118000 379.460000 194.975000 1.429500 3.534200 1.516700 49.441866 -8.605733 -1.594219 0.333100
174 12 Car 0 0 -3.379430 349.220000 114.118000 379.460000 194.975000 1.561700 3.689900 1.636500 50.015101 -8.419129 -1.577905 0.356500
175 12 Car 0 0 -3.516462 349.220000 114.118000 379.460000 194.975000 1.477500 3.623700 1.561800 50.576071 -8.245495 -1.504521 0.371300
176 12 Car 0 0 -3.660566 349.220000 114.118000 379.460000 194.975000 1.525100 3.796900 1.637200 51.144698 -8.092866 -1.514508 0.329100
177 12 Car 0 0 -3.766214 349.220000 114.118000 379.460000 194.975000 1.547800 3.970200 1.637400 51.628947 -7.985967 -1.465577 0.085600
178 12 Car 0 0 -3.926868 349.220000 114.118000 379.460000 194.975000 1.560100 3.745600 1.627200 52.276479 -7.845271 -1.695640 0.162800
179 12 Car 0 0 -4.053844 349.220000 114.118000 379.460000 194.975000 1.508100 3.620700 1.572700 52.859576 -7.708907 -1.696814 0.209100
180 12 Car 0 0 -4.220364 349.220000 114.118000 379.460000 194.975000 1.519600 3.828800 1.627700 53.493546 -7.622568 -1.808103 0.115900
181 12 Car 0 0 -4.309825 349.220000 114.118000 379.460000 194.975000 1.518400 3.596300 1.601300 54.028661 -7.409979 -1.030774 0.168900
182 12 Car 0 0 -4.466850 349.220000 114.118000 379.460000 194.975000 1.467500 3.640700 1.568100 54.621105 -7.350952 -1.130867 0.156400
183 12 Car 0 0 -4.666054 349.220000 114.118000 379.460000 194.975000 1.506400 3.827000 1.616100 55.322252 -7.152539 -0.934681 0.093500
184 12 Car 0 0 -4.847125 349.220000 114.118000 379.460000 194.975000 1.574700 3.708700 1.652800 55.997618 -6.905231 -0.878484 0.168800
185 12 Car 0 0 -4.975741 349.220000 114.118000 379.460000 194.975000 1.479800 3.562500 1.572500 56.554238 -6.599882 -1.036036 0.149900
186 12 Car 0 0 -5.071899 349.220000 114.118000 379.460000 194.975000 1.429700 3.661500 1.565300 57.056104 -6.442250 -1.968289 0.052900
187 12 Car 0 0 -5.219661 349.220000 114.118000 379.460000 194.975000 1.473900 3.740200 1.586000 57.587564 -6.149716 -2.101150 0.154500
188 12 Car 0 0 -5.370263 349.220000 114.118000 379.460000 194.975000 1.472700 3.697100 1.581000 58.136844 -5.908361 -2.194485 0.140800
189 12 Car 0 0 -5.468112 349.220000 114.118000 379.460000 194.975000 1.469700 3.634800 1.563200 58.600822 -5.620122 -2.242845 0.125000
190 12 Car 0 0 -5.587384 349.220000 114.118000 379.460000 194.975000 1.540100 3.868100 1.667400 59.055001 -5.379184 -2.367024 0.144900
191 12 Car 0 0 -5.704404 349.220000 114.118000 379.460000 194.975000 1.540100 3.868100 1.667400 59.513484 -5.060698 -2.367024 0.144900
192 12 Car 0 0 -5.825568 349.220000 114.118000 379.460000 194.975000 1.615700 3.719100 1.719800 59.962985 -4.764514 -2.396477 0.057100
193 12 Car 0 0 -5.889289 349.220000 114.118000 379.460000 194.975000 1.585000 3.717700 1.680900 60.286696 -4.514263 -2.402973 0.037700
194 12 Car 0 0 -5.974241 349.220000 114.118000 379.460000 194.975000 1.585000 3.717700 1.680900 60.659211 -4.176698 -2.402973 0.037700
199 14 Car 0 0 6.038519 349.220000 114.118000 379.460000 194.975000 1.534500 3.869600 1.599500 62.447524 -3.204520 -1.790456 0.121100
200 14 Car 0 0 6.203172 349.220000 114.118000 379.460000 194.975000 1.509500 3.812000 1.594200 62.624676 -3.194131 -1.755724 0.102900
201 14 Car 0 0 6.475602 349.220000 114.118000 379.460000 194.975000 1.466200 3.813900 1.614100 62.862115 -3.116716 -0.824807 0.100900
202 14 Car 0 0 6.656534 349.220000 114.118000 379.460000 194.975000 1.466200 3.813900 1.614100 63.163661 -3.386973 -0.824807 0.100900
203 14 Car 0 0 6.850168 349.220000 114.118000 379.460000 194.975000 1.436100 3.607900 1.533500 63.438876 -3.561924 -1.737725 0.168700
204 14 Car 0 0 7.050938 349.220000 114.118000 379.460000 194.975000 1.429700 3.673200 1.542500 63.712814 -4.090098 -1.714273 -0.008900
205 14 Car 0 0 7.218542 349.220000 114.118000 379.460000 194.975000 1.432600 3.546700 1.548200 64.010329 -4.729227 -1.762200 0.045400
213 15 Car 0 0 0.000000 349.220000 114.118000 379.460000 194.975000 1.497400 3.374200 1.576000 -12.603546 2.225594 -1.300030 -0.123800
