105 0 Car 0 0 0.534240 349.220000 114.118000 379.460000 194.975000 1.507812 1.687051 4.041130 21.299981 -8.659364 -1.922849 -0.847243
106 0 Car 0 0 0.726363 349.220000 114.118000 379.460000 194.975000 1.507812 1.687051 4.041130 20.894040 -8.192536 -1.894707 -0.868650
107 0 Car 0 0 0.462073 349.220000 114.118000 379.460000 194.975000 1.507812 1.687051 4.041130 20.468479 -7.765847 -1.870203 -0.890057
108 0 Car 0 0 0.404109 349.220000 114.118000 379.460000 194.975000 1.507812 1.687051 4.041130 20.072745 -7.390127 -1.845700 -0.911464
109 0 Car 0 0 0.446029 349.220000 114.118000 379.460000 194.975000 1.507812 1.687051 4.041130 19.610569 -7.034027 -1.855561 -0.929746
109 1 Car 0 0 3.448812 349.220000 114.118000 379.460000 194.975000 1.523438 1.697113 4.518535 10.474153 8.270703 -1.485917 0.010405
110 0 Car 0 0 0.521494 349.220000 114.118000 379.460000 194.975000 1.507812 1.687051 4.041130 19.137387 -6.675618 -1.865423 -0.948028
110 1 Car 0 0 3.448812 349.220000 114.118000 379.460000 194.975000 1.523438 1.697113 4.518535 9.776706 8.449461 -1.485917 0.010405
111 0 Car 0 0 0.515341 349.220000 114.118000 379.460000 194.975000 1.507812 1.687051 4.041130 18.651213 -6.295661 -1.875286 -0.966311
112 0 Car 0 0 0.580888 349.220000 114.118000 379.460000 194.975000 1.507812 1.687051 4.041130 18.178529 -5.943476 -1.885147 -0.984593
113 0 Car 0 0 0.663831 349.220000 114.118000 379.460000 194.975000 1.507812 1.687051 4.041130 17.701452 -5.583456 -1.895009 -1.002875
113 2 Car 0 0 0.507979 349.220000 114.118000 379.460000 194.975000 1.460938 1.583189 3.934669 21.974866 -4.268929 -1.848221 -1.668485
114 0 Car 0 0 0.559094 349.220000 114.118000 379.460000 194.975000 1.507812 1.687051 4.041130 17.198680 -5.246044 -1.883158 -1.021501
114 2 Car 0 0 0.295094 349.220000 114.118000 379.460000 194.975000 1.460938 1.583189 3.934669 21.448345 -3.854289 -1.845335 -1.686752
115 0 Car 0 0 0.535000 349.220000 114.118000 379.460000 194.975000 1.507812 1.687051 4.041130 16.719915 -4.947615 -1.871308 -1.040127
115 2 Car 0 0 0.353976 349.220000 114.118000 379.460000 194.975000 1.460938 1.583189 3.934669 20.947887 -3.474463 -1.842449 -1.705019
116 0 Car 0 0 0.532951 349.220000 114.118000 379.460000 194.975000 1.507812 1.687051 4.041130 16.229707 -4.645529 -1.859458 -1.058753
116 2 Car 0 0 0.458150 349.220000 114.118000 379.460000 194.975000 1.460938 1.583189 3.934669 20.431750 -3.085111 -1.839562 -1.723286
116 3 Car 0 0 0.635204 349.220000 114.118000 379.460000 194.975000 1.596000 1.698089 3.562650 27.312193 -1.955702 -1.801212 -1.720470
117 0 Car 0 0 0.446721 349.220000 114.118000 379.460000 194.975000 1.507812 1.687051 4.041130 15.723806 -4.330664 -1.847608 -1.077379
117 2 Car 0 0 0.365465 349.220000 114.118000 379.460000 194.975000 1.460938 1.583189 3.934669 19.873332 -2.712964 -1.814464 -1.740930
117 3 Car 0 0 0.315958 349.220000 114.118000 379.460000 194.975000 1.596000 1.698089 3.562650 26.742933 -1.440108 -1.775619 -1.738654
117 4 Car 0 0 0.172347 349.220000 114.118000 379.460000 194.975000 1.500000 1.675028 4.026695 21.995825 5.864962 -1.600242 1.447925
118 0 Car 0 0 0.432205 349.220000 114.118000 379.460000 194.975000 1.507812 1.687051 4.041130 15.244331 -4.034937 -1.835758 -1.096005
118 2 Car 0 0 0.379513 349.220000 114.118000 379.460000 194.975000 1.460938 1.583189 3.934669 19.333511 -2.377494 -1.789366 -1.758574
118 3 Car 0 0 0.359804 349.220000 114.118000 379.460000 194.975000 1.596000 1.698089 3.562650 26.202214 -0.956864 -1.750025 -1.756837
118 4 Car 0 0 -0.014850 349.220000 114.118000 379.460000 194.975000 1.500000 1.675028 4.026695 21.288998 6.246190 -1.604643 1.429711
119 0 Car 0 0 0.431453 349.220000 114.118000 379.460000 194.975000 1.507812 1.687051 4.041130 14.714587 -3.778010 -1.809487 -1.109985
119 2 Car 0 0 0.426741 349.220000 114.118000 379.460000 194.975000 1.460938 1.583189 3.934669 18.789219 -2.043865 -1.764267 -1.776217
119 3 Car 0 0 0.451263 349.220000 114.118000 379.460000 194.975000 1.596000 1.698089 3.562650 25.650060 -0.472463 -1.724433 -1.775021
119 4 Car 0 0 -0.232009 349.220000 114.118000 379.460000 194.975000 1.500000 1.675028 4.026695 20.574549 6.628760 -1.609043 1.411496
120 0 Car 0 0 0.364293 349.220000 114.118000 379.460000 194.975000 1.507812 1.687051 4.041130 14.163961 -3.520379 -1.783217 -1.123965
120 2 Car 0 0 0.395997 349.220000 114.118000 379.460000 194.975000 1.460938 1.583189 3.934669 18.230035 -1.699366 -1.739170 -1.793861
120 3 Car 0 0 0.351452 349.220000 114.118000 379.460000 194.975000 1.596000 1.698089 3.562650 25.026872 -0.055247 -1.710155 -1.786541
120 4 Car 0 0 -0.125048 349.220000 114.118000 379.460000 194.975000 1.500000 1.675028 4.026695 19.906066 7.024853 -1.613264 1.393282
120 5 Car 0 0 1.515865 349.220000 114.118000 379.460000 194.975000 1.524000 1.728591 3.894227 29.923332 1.126169 -1.699302 -1.832766
121 0 Car 0 0 0.406747 349.220000 114.118000 379.460000 194.975000 1.507812 1.687051 4.041130 13.636342 -3.288594 -1.756946 -1.137945
121 2 Car 0 0 0.467788 349.220000 114.118000 379.460000 194.975000 1.460938 1.583189 3.934669 17.688708 -1.388286 -1.714072 -1.811505
121 3 Car 0 0 0.402927 349.220000 114.118000 379.460000 194.975000 1.596000 1.698089 3.562650 24.422587 0.306057 -1.695878 -1.798062
121 4 Car 0 0 -0.308512 349.220000 114.118000 379.460000 194.975000 1.500000 1.675028 4.026695 19.179674 7.338747 -1.662022 1.384846
121 5 Car 0 0 1.399551 349.220000 114.118000 379.460000 194.975000 1.524000 1.728591 3.894227 29.255698 1.560048 -1.698251 -1.848192
122 0 Car 0 0 0.355933 349.220000 114.118000 379.460000 194.975000 1.507812 1.687051 4.041130 13.100376 -3.140793 -1.732008 -1.151925
122 2 Car 0 0 0.398420 349.220000 114.118000 379.460000 194.975000 1.460938 1.583189 3.934669 17.100090 -1.240289 -1.720256 -1.816865
122 3 Car 0 0 0.511232 349.220000 114.118000 379.460000 194.975000 1.596000 1.698089 3.562650 23.820607 0.613622 -1.681600 -1.809583
122 4 Car 0 0 -0.359638 349.220000 114.118000 379.460000 194.975000 1.500000 1.675028 4.026695 18.485969 7.552652 -1.712048 1.376409
122 5 Car 0 0 1.419299 349.220000 114.118000 379.460000 194.975000 1.524000 1.728591 3.894227 28.572850 1.978314 -1.697201 -1.863619
122 6 Car 0 0 0.959304 349.220000 114.118000 379.460000 194.975000 1.365956 1.508586 3.485915 33.766776 3.615998 -1.630506 -1.830638
123 0 Car 0 0 0.259177 349.220000 114.118000 379.460000 194.975000 1.507812 1.687051 4.041130 12.547917 -3.011271 -1.707070 -1.165905
123 2 Car 0 0 0.281598 349.220000 114.118000 379.460000 194.975000 1.460938 1.583189 3.934669 16.490780 -1.136869 -1.726441 -1.822225
123 3 Car 0 0 0.466655 349.220000 114.118000 379.460000 194.975000 1.596000 1.698089 3.562650 23.208792 0.836095 -1.714878 -1.821104
123 4 Car 0 0 -0.394922 349.220000 114.118000 379.460000 194.975000 1.500000 1.675028 4.026695 17.802404 7.742281 -1.762075 1.367973
123 5 Car 0 0 1.018766 349.220000 114.118000 379.460000 194.975000 1.524000 1.728591 3.894227 27.967493 2.216480 -1.727382 -1.875296
123 6 Car 0 0 1.092809 349.220000 114.118000 379.460000 194.975000 1.365956 1.508586 3.485915 33.119965 3.838264 -1.693221 -1.834788
124 0 Car 0 0 0.243549 349.220000 114.118000 379.460000 194.975000 1.507812 1.687051 4.041130 11.960396 -2.972688 -1.699667 -1.165695
124 2 Car 0 0 0.290092 349.220000 114.118000 379.460000 194.975000 1.460938 1.583189 3.934669 15.922950 -1.065871 -1.732626 -1.827584
124 3 Car 0 0 0.506076 349.220000 114.118000 379.460000 194.975000 1.596000 1.698089 3.562650 22.635751 0.981435 -1.748155 -1.832625
124 4 Car 0 0 -0.393810 349.220000 114.118000 379.460000 194.975000 1.500000 1.675028 4.026695 17.165407 7.828849 -1.811328 1.359537
124 5 Car 0 0 0.735370 349.220000 114.118000 379.460000 194.975000 1.524000 1.728591 3.894227 27.464251 2.365723 -1.757561 -1.886973
124 6 Car 0 0 0.962623 349.220000 114.118000 379.460000 194.975000 1.365956 1.508586 3.485915 32.552220 3.985820 -1.755936 -1.838939
125 0 Car 0 0 0.297411 349.220000 114.118000 379.460000 194.975000 1.507812 1.687051 4.041130 11.345084 -2.946705 -1.692262 -1.165486
125 2 Car 0 0 0.360703 349.220000 114.118000 379.460000 194.975000 1.460938 1.583189 3.934669 15.339823 -0.997444 -1.738810 -1.832944
125 3 Car 0 0 0.409810 349.220000 114.118000 379.460000 194.975000 1.596000 1.698089 3.562650 22.030678 1.001741 -1.759975 -1.829748
125 4 Car 0 0 -0.418791 349.220000 114.118000 379.460000 194.975000 1.500000 1.675028 4.026695 16.531725 7.893194 -1.860581 1.351100
125 5 Car 0 0 0.625127 349.220000 114.118000 379.460000 194.975000 1.524000 1.728591 3.894227 26.945039 2.509170 -1.787742 -1.898650
125 6 Car 0 0 0.702986 349.220000 114.118000 379.460000 194.975000 1.365956 1.508586 3.485915 31.949121 4.116310 -1.818651 -1.843090
126 0 Car 0 0 0.392825 349.220000 114.118000 379.460000 194.975000 1.507812 1.687051 4.041130 10.726868 -2.928192 -1.684858 -1.165277
126 2 Car 0 0 0.455419 349.220000 114.118000 379.460000 194.975000 1.460938 1.583189 3.934669 14.748261 -0.946319 -1.744995 -1.838304
126 3 Car 0 0 0.370266 349.220000 114.118000 379.460000 194.975000 1.596000 1.698089 3.562650 21.431984 0.974581 -1.771795 -1.826871
126 4 Car 0 0 -0.377311 349.220000 114.118000 379.460000 194.975000 1.500000 1.675028 4.026695 15.944174 7.890547 -1.927203 1.356748
126 5 Car 0 0 0.514945 349.220000 114.118000 379.460000 194.975000 1.524000 1.728591 3.894227 26.305602 2.424058 -1.762956 -1.883140
126 6 Car 0 0 0.608078 349.220000 114.118000 379.460000 194.975000 1.365956 1.508586 3.485915 31.396939 4.127868 -1.832734 -1.847240
127 0 Car 0 0 0.358485 349.220000 114.118000 379.460000 194.975000 1.507812 1.687051 4.041130 10.097531 -2.942314 -1.675901 -1.165068
127 2 Car 0 0 0.501399 349.220000 114.118000 379.460000 194.975000 1.460938 1.583189 3.934669 14.099182 -0.942739 -1.709902 -1.830244
127 3 Car 0 0 0.368976 349.220000 114.118000 379.460000 194.975000 1.596000 1.698089 3.562650 20.823146 0.943929 -1.783615 -1.823994
127 4 Car 0 0 -0.331641 349.220000 114.118000 379.460000 194.975000 1.500000 1.675028 4.026695 15.364829 7.864154 -1.993826 1.362396
127 5 Car 0 0 0.406964 349.220000 114.118000 379.460000 194.975000 1.524000 1.728591 3.894227 25.629060 2.268607 -1.738169 -1.867631
127 6 Car 0 0 0.496536 349.220000 114.118000 379.460000 194.975000 1.365956 1.508586 3.485915 30.839244 4.078095 -1.846817 -1.851391
128 0 Car 0 0 0.345338 349.220000 114.118000 379.460000 194.975000 1.507812 1.687051 4.041130 9.499703 -2.983212 -1.666943 -1.164858
128 2 Car 0 0 0.560366 349.220000 114.118000 379.460000 194.975000 1.460938 1.583189 3.934669 13.466315 -0.994620 -1.674807 -1.822184
128 3 Car 0 0 0.400202 349.220000 114.118000 379.460000 194.975000 1.596000 1.698089 3.562650 20.213602 0.828578 -1.724980 -1.821117
128 4 Car 0 0 -0.271365 349.220000 114.118000 379.460000 194.975000 1.500000 1.675028 4.026695 14.827832 7.764894 -1.941110 1.368044
128 5 Car 0 0 0.458918 349.220000 114.118000 379.460000 194.975000 1.524000 1.728591 3.894227 24.969995 2.077446 -1.713382 -1.852121
128 6 Car 0 0 0.272079 349.220000 114.118000 379.460000 194.975000 1.365956 1.508586 3.485915 30.298128 3.974205 -1.860900 -1.855542
129 0 Car 0 0 0.360005 349.220000 114.118000 379.460000 194.975000 1.507812 1.687051 4.041130 8.846403 -3.071019 -1.651708 -1.152671
129 2 Car 0 0 0.551995 349.220000 114.118000 379.460000 194.975000 1.460938 1.583189 3.934669 12.840520 -1.108118 -1.637669 -1.814124
129 3 Car 0 0 0.489364 349.220000 114.118000 379.460000 194.975000 1.596000 1.698089 3.562650 19.603581 0.688453 -1.666344 -1.818240
129 4 Car 0 0 -0.249833 349.220000 114.118000 379.460000 194.975000 1.500000 1.675028 4.026695 14.292386 7.631842 -1.888394 1.373692
129 5 Car 0 0 0.499361 349.220000 114.118000 379.460000 194.975000 1.524000 1.728591 3.894227 24.336450 1.877606 -1.688596 -1.836612
129 6 Car 0 0 0.280441 349.220000 114.118000 379.460000 194.975000 1.365956 1.508586 3.485915 29.695062 3.709145 -1.723331 -1.843363
130 0 Car 0 0 0.338504 349.220000 114.118000 379.460000 194.975000 1.507812 1.687051 4.041130 8.164813 -3.157974 -1.636472 -1.140483
130 2 Car 0 0 0.474604 349.220000 114.118000 379.460000 194.975000 1.460938 1.583189 3.934669 12.199029 -1.235001 -1.600531 -1.806064
130 3 Car 0 0 0.460273 349.220000 114.118000 379.460000 194.975000 1.596000 1.698089 3.562650 18.965806 0.484734 -1.605417 -1.804740
130 4 Car 0 0 -0.263319 349.220000 114.118000 379.460000 194.975000 1.500000 1.675028 4.026695 13.742424 7.500917 -1.835678 1.379340
130 5 Car 0 0 0.468515 349.220000 114.118000 379.460000 194.975000 1.524000 1.728591 3.894227 23.740653 1.669253 -1.621142 -1.832754
130 6 Car 0 0 0.319059 349.220000 114.118000 379.460000 194.975000 1.365956 1.508586 3.485915 29.050607 3.364162 -1.585761 -1.831185
131 0 Car 0 0 0.342615 349.220000 114.118000 379.460000 194.975000 1.507812 1.687051 4.041130 7.506907 -3.253293 -1.621236 -1.128295
131 2 Car 0 0 0.440020 349.220000 114.118000 379.460000 194.975000 1.460938 1.583189 3.934669 11.590707 -1.370508 -1.563392 -1.798004
131 3 Car 0 0 0.456996 349.220000 114.118000 379.460000 194.975000 1.596000 1.698089 3.562650 18.356148 0.256346 -1.544489 -1.791239
131 4 Car 0 0 -0.248085 349.220000 114.118000 379.460000 194.975000 1.500000 1.675028 4.026695 13.223338 7.328894 -1.838480 1.393598
131 5 Car 0 0 0.490257 349.220000 114.118000 379.460000 194.975000 1.524000 1.728591 3.894227 23.211180 1.447520 -1.553686 -1.828896
131 6 Car 0 0 0.248518 349.220000 114.118000 379.460000 194.975000 1.365956 1.508586 3.485915 28.428226 3.004499 -1.448192 -1.819007
132 0 Car 0 0 0.349921 349.220000 114.118000 379.460000 194.975000 1.507812 1.687051 4.041130 6.839869 -3.347215 -1.606000 -1.116107
132 2 Car 0 0 0.431403 349.220000 114.118000 379.460000 194.975000 1.460938 1.583189 3.934669 10.938111 -1.529505 -1.572120 -1.783144
132 3 Car 0 0 0.425860 349.220000 114.118000 379.460000 194.975000 1.596000 1.698089 3.562650 17.743448 -0.004038 -1.542104 -1.777738
132 4 Car 0 0 -0.235873 349.220000 114.118000 379.460000 194.975000 1.500000 1.675028 4.026695 12.701183 7.140962 -1.841282 1.407857
132 5 Car 0 0 0.582997 349.220000 114.118000 379.460000 194.975000 1.524000 1.728591 3.894227 22.675164 1.212213 -1.486232 -1.825038
132 6 Car 0 0 0.229756 349.220000 114.118000 379.460000 194.975000 1.365956 1.508586 3.485915 27.799230 2.598576 -1.425972 -1.806829
132 7 Car 0 0 0.351032 349.220000 114.118000 379.460000 194.975000 1.444000 1.595116 3.791789 22.847591 9.252323 -1.870483 1.289079
133 0 Car 0 0 0.328722 349.220000 114.118000 379.460000 194.975000 1.507812 1.687051 4.041130 6.160045 -3.433086 -1.590765 -1.103920
133 2 Car 0 0 0.383981 349.220000 114.118000 379.460000 194.975000 1.460938 1.583189 3.934669 10.268212 -1.686570 -1.580850 -1.768284
133 3 Car 0 0 0.364152 349.220000 114.118000 379.460000 194.975000 1.596000 1.698089 3.562650 17.119166 -0.270140 -1.539718 -1.764238
133 4 Car 0 0 -0.220712 349.220000 114.118000 379.460000 194.975000 1.500000 1.675028 4.026695 12.168627 6.954547 -1.844083 1.422115
133 5 Car 0 0 0.578180 349.220000 114.118000 379.460000 194.975000 1.524000 1.728591 3.894227 22.071362 0.928197 -1.513100 -1.810223
133 6 Car 0 0 0.221039 349.220000 114.118000 379.460000 194.975000 1.365956 1.508586 3.485915 27.164775 2.184820 -1.403752 -1.794650
133 7 Car 0 0 0.299554 349.220000 114.118000 379.460000 194.975000 1.444000 1.595116 3.791789 22.331739 8.923417 -1.868436 1.308103
134 2 Car 0 0 0.353494 349.220000 114.118000 379.460000 194.975000 1.460938 1.583189 3.934669 9.617251 -1.843549 -1.589579 -1.753423
134 3 Car 0 0 0.314699 349.220000 114.118000 379.460000 194.975000 1.596000 1.698089 3.562650 16.521603 -0.534946 -1.537332 -1.750737
134 4 Car 0 0 -0.205089 349.220000 114.118000 379.460000 194.975000 1.500000 1.675028 4.026695 11.653185 6.769380 -1.846884 1.436373
134 5 Car 0 0 0.530621 349.220000 114.118000 379.460000 194.975000 1.524000 1.728591 3.894227 21.462386 0.618471 -1.539967 -1.795408
134 6 Car 0 0 0.229859 349.220000 114.118000 379.460000 194.975000 1.365956 1.508586 3.485915 26.611001 1.800281 -1.517732 -1.779828
134 7 Car 0 0 0.325259 349.220000 114.118000 379.460000 194.975000 1.444000 1.595116 3.791789 21.824318 8.594782 -1.866388 1.327128
134 0 Car 0 0 0.328722 349.220000 114.118000 379.460000 194.975000 1.507812 1.687051 4.041130 5.519258 -3.512772 -1.590765 -1.103920
134 8 Car 0 0 0.252780 349.220000 114.118000 379.460000 194.975000 1.422414 1.512803 3.707634 27.450074 9.970799 -1.738883 1.354367
135 2 Car 0 0 0.307050 349.220000 114.118000 379.460000 194.975000 1.460938 1.583189 3.934669 8.957008 -1.997537 -1.598308 -1.738563
135 3 Car 0 0 0.341322 349.220000 114.118000 379.460000 194.975000 1.596000 1.698089 3.562650 15.863505 -0.778997 -1.550743 -1.736348
135 4 Car 0 0 -0.180343 349.220000 114.118000 379.460000 194.975000 1.500000 1.675028 4.026695 11.130232 6.587239 -1.849686 1.450632
135 5 Car 0 0 0.446695 349.220000 114.118000 379.460000 194.975000 1.524000 1.728591 3.894227 20.840656 0.301826 -1.566835 -1.780594
135 6 Car 0 0 0.260623 349.220000 114.118000 379.460000 194.975000 1.365956 1.508586 3.485915 26.059315 1.417014 -1.631712 -1.765006
135 7 Car 0 0 0.331150 349.220000 114.118000 379.460000 194.975000 1.444000 1.595116 3.791789 21.309657 8.265930 -1.864341 1.346152
135 8 Car 0 0 0.256924 349.220000 114.118000 379.460000 194.975000 1.422414 1.512803 3.707634 26.953205 9.567956 -1.761463 1.374256
136 2 Car 0 0 0.216558 349.220000 114.118000 379.460000 194.975000 1.460938 1.583189 3.934669 8.277436 -2.150009 -1.607037 -1.723703
136 3 Car 0 0 0.354038 349.220000 114.118000 379.460000 194.975000 1.596000 1.698089 3.562650 15.176769 -1.010013 -1.564152 -1.721958
136 4 Car 0 0 -0.191645 349.220000 114.118000 379.460000 194.975000 1.500000 1.675028 4.026695 10.561358 6.419447 -1.835225 1.463834
136 5 Car 0 0 0.309099 349.220000 114.118000 379.460000 194.975000 1.524000 1.728591 3.894227 20.200561 -0.019217 -1.593703 -1.765779
136 6 Car 0 0 0.191537 349.220000 114.118000 379.460000 194.975000 1.365956 1.508586 3.485915 25.430301 1.046154 -1.531169 -1.753093
136 7 Car 0 0 0.297237 349.220000 114.118000 379.460000 194.975000 1.444000 1.595116 3.791789 20.783843 7.937022 -1.862294 1.365176
136 8 Car 0 0 0.201242 349.220000 114.118000 379.460000 194.975000 1.422414 1.512803 3.707634 26.439761 9.159673 -1.784041 1.394144
137 2 Car 0 0 0.220425 349.220000 114.118000 379.460000 194.975000 1.460938 1.583189 3.934669 7.603424 -2.273629 -1.612878 -1.710037
137 3 Car 0 0 0.368821 349.220000 114.118000 379.460000 194.975000 1.596000 1.698089 3.562650 14.504677 -1.227506 -1.577562 -1.707569
137 4 Car 0 0 -0.203012 349.220000 114.118000 379.460000 194.975000 1.500000 1.675028 4.026695 10.002151 6.268210 -1.820762 1.477036
137 5 Car 0 0 0.131401 349.220000 114.118000 379.460000 194.975000 1.524000 1.728591 3.894227 19.588179 -0.327170 -1.620570 -1.750964
137 6 Car 0 0 0.152560 349.220000 114.118000 379.460000 194.975000 1.365956 1.508586 3.485915 24.802975 0.705255 -1.551638 -1.741180
137 7 Car 0 0 0.251348 349.220000 114.118000 379.460000 194.975000 1.444000 1.595116 3.791789 20.270906 7.621895 -1.860246 1.384200
137 8 Car 0 0 0.074275 349.220000 114.118000 379.460000 194.975000 1.422414 1.512803 3.707634 25.938524 8.767358 -1.806620 1.414033
138 2 Car 0 0 0.260581 349.220000 114.118000 379.460000 194.975000 1.460938 1.583189 3.934669 6.912142 -2.386230 -1.618720 -1.696371
138 3 Car 0 0 0.375530 349.220000 114.118000 379.460000 194.975000 1.596000 1.698089 3.562650 13.826333 -1.449887 -1.590972 -1.693179
138 4 Car 0 0 -0.212856 349.220000 114.118000 379.460000 194.975000 1.500000 1.675028 4.026695 9.436375 6.116922 -1.806300 1.490238
138 5 Car 0 0 0.141460 349.220000 114.118000 379.460000 194.975000 1.524000 1.728591 3.894227 18.945381 -0.612101 -1.596821 -1.737493
138 6 Car 0 0 0.121383 349.220000 114.118000 379.460000 194.975000 1.365956 1.508586 3.485915 24.166583 0.357496 -1.572108 -1.729267
138 7 Car 0 0 0.271429 349.220000 114.118000 379.460000 194.975000 1.444000 1.595116 3.791789 19.722833 7.321468 -1.819965 1.397672
138 8 Car 0 0 0.119320 349.220000 114.118000 379.460000 194.975000 1.422414 1.512803 3.707634 25.390627 8.386673 -1.767781 1.420748
139 2 Car 0 0 0.276446 349.220000 114.118000 379.460000 194.975000 1.460938 1.583189 3.934669 6.211120 -2.485568 -1.624560 -1.682705
139 3 Car 0 0 0.354595 349.220000 114.118000 379.460000 194.975000 1.596000 1.698089 3.562650 13.144324 -1.662168 -1.604382 -1.678790
139 4 Car 0 0 -0.190200 349.220000 114.118000 379.460000 194.975000 1.500000 1.675028 4.026695 8.860959 5.976417 -1.791837 1.503440
139 5 Car 0 0 0.165692 349.220000 114.118000 379.460000 194.975000 1.524000 1.728591 3.894227 18.282231 -0.864667 -1.573073 -1.724021
139 6 Car 0 0 0.170223 349.220000 114.118000 379.460000 194.975000 1.365956 1.508586 3.485915 23.523551 0.024706 -1.592577 -1.717354
139 7 Car 0 0 0.284929 349.220000 114.118000 379.460000 194.975000 1.444000 1.595116 3.791789 19.156280 7.046325 -1.779683 1.411143
139 8 Car 0 0 0.112156 349.220000 114.118000 379.460000 194.975000 1.422414 1.512803 3.707634 24.823878 8.029357 -1.728943 1.427462
140 3 Car 0 0 0.335455 349.220000 114.118000 379.460000 194.975000 1.596000 1.698089 3.562650 12.445803 -1.844554 -1.582402 -1.666620
140 4 Car 0 0 -0.133678 349.220000 114.118000 379.460000 194.975000 1.500000 1.675028 4.026695 8.276313 5.840807 -1.777375 1.516642
140 5 Car 0 0 0.128182 349.220000 114.118000 379.460000 194.975000 1.524000 1.728591 3.894227 17.603869 -1.110769 -1.549324 -1.710550
140 6 Car 0 0 0.253654 349.220000 114.118000 379.460000 194.975000 1.365956 1.508586 3.485915 22.860763 -0.312679 -1.613048 -1.705441
140 7 Car 0 0 0.268678 349.220000 114.118000 379.460000 194.975000 1.444000 1.595116 3.791789 18.578890 6.773622 -1.739402 1.424615
140 8 Car 0 0 0.119851 349.220000 114.118000 379.460000 194.975000 1.422414 1.512803 3.707634 24.232959 7.684062 -1.669716 1.447347
140 2 Car 0 0 0.276446 349.220000 114.118000 379.460000 194.975000 1.460938 1.583189 3.934669 5.491528 -2.566448 -1.624560 -1.682705
141 3 Car 0 0 0.332143 349.220000 114.118000 379.460000 194.975000 1.596000 1.698089 3.562650 11.764418 -2.012309 -1.560421 -1.654449
141 5 Car 0 0 0.050296 349.220000 114.118000 379.460000 194.975000 1.524000 1.728591 3.894227 16.944259 -1.348613 -1.525576 -1.697078
141 6 Car 0 0 0.296471 349.220000 114.118000 379.460000 194.975000 1.365956 1.508586 3.485915 22.208294 -0.618574 -1.488277 -1.693527
141 7 Car 0 0 0.301451 349.220000 114.118000 379.460000 194.975000 1.444000 1.595116 3.791789 17.973230 6.532166 -1.701011 1.438086
141 8 Car 0 0 0.092578 349.220000 114.118000 379.460000 194.975000 1.422414 1.512803 3.707634 23.654822 7.356815 -1.610490 1.467231
141 4 Car 0 0 -0.133678 349.220000 114.118000 379.460000 194.975000 1.500000 1.675028 4.026695 7.722649 5.741152 -1.777375 1.516642
142 3 Car 0 0 0.298737 349.220000 114.118000 379.460000 194.975000 1.596000 1.698089 3.562650 11.058660 -2.174841 -1.538353 -1.642279
142 5 Car 0 0 -0.088058 349.220000 114.118000 379.460000 194.975000 1.524000 1.728591 3.894227 16.257926 -1.583924 -1.501826 -1.683607
142 6 Car 0 0 0.322297 349.220000 114.118000 379.460000 194.975000 1.365956 1.508586 3.485915 21.522040 -0.909864 -1.363506 -1.681614
142 7 Car 0 0 0.320010 349.220000 114.118000 379.460000 194.975000 1.444000 1.595116 3.791789 17.332550 6.307621 -1.662619 1.451558
142 8 Car 0 0 0.007403 349.220000 114.118000 379.460000 194.975000 1.422414 1.512803 3.707634 23.055090 7.035876 -1.551263 1.487116
143 3 Car 0 0 0.297468 349.220000 114.118000 379.460000 194.975000 1.596000 1.698089 3.562650 10.364118 -2.300575 -1.564413 -1.630109
143 5 Car 0 0 -0.125647 349.220000 114.118000 379.460000 194.975000 1.524000 1.728591 3.894227 15.575721 -1.771902 -1.526014 -1.674341
143 6 Car 0 0 0.308954 349.220000 114.118000 379.460000 194.975000 1.365956 1.508586 3.485915 20.851851 -1.129716 -1.412653 -1.669701
143 7 Car 0 0 0.333442 349.220000 114.118000 379.460000 194.975000 1.444000 1.595116 3.791789 16.725514 6.128176 -1.690578 1.460830
143 8 Car 0 0 0.057952 349.220000 114.118000 379.460000 194.975000 1.422414 1.512803 3.707634 22.473977 6.805731 -1.590017 1.485929
144 3 Car 0 0 0.300716 349.220000 114.118000 379.460000 194.975000 1.596000 1.698089 3.562650 9.654324 -2.416424 -1.590472 -1.617939
144 5 Car 0 0 -0.123218 349.220000 114.118000 379.460000 194.975000 1.524000 1.728591 3.894227 14.871396 -1.940558 -1.550200 -1.665076
144 6 Car 0 0 0.300628 349.220000 114.118000 379.460000 194.975000 1.365956 1.508586 3.485915 20.168081 -1.333152 -1.461800 -1.657788
144 7 Car 0 0 0.321673 349.220000 114.118000 379.460000 194.975000 1.444000 1.595116 3.791789 16.115352 5.952685 -1.718537 1.470101
144 8 Car 0 0 0.135254 349.220000 114.118000 379.460000 194.975000 1.422414 1.512803 3.707634 21.881476 6.601725 -1.628772 1.484741
145 3 Car 0 0 0.303402 349.220000 114.118000 379.460000 194.975000 1.596000 1.698089 3.562650 8.956036 -2.507031 -1.603065 -1.609559
145 5 Car 0 0 -0.152123 349.220000 114.118000 379.460000 194.975000 1.524000 1.728591 3.894227 14.162029 -2.095756 -1.574387 -1.655811
145 6 Car 0 0 0.310315 349.220000 114.118000 379.460000 194.975000 1.365956 1.508586 3.485915 19.480101 -1.523457 -1.510947 -1.645875
145 7 Car 0 0 0.282225 349.220000 114.118000 379.460000 194.975000 1.444000 1.595116 3.791789 15.502594 5.784391 -1.746495 1.479373
145 8 Car 0 0 0.179489 349.220000 114.118000 379.460000 194.975000 1.422414 1.512803 3.707634 21.278904 6.422930 -1.667525 1.483554
146 3 Car 0 0 0.273616 349.220000 114.118000 379.460000 194.975000 1.596000 1.698089 3.562650 8.244358 -2.586709 -1.615659 -1.601178
146 5 Car 0 0 -0.165280 349.220000 114.118000 379.460000 194.975000 1.524000 1.728591 3.894227 13.439311 -2.219146 -1.599464 -1.646546
146 6 Car 0 0 0.329416 349.220000 114.118000 379.460000 194.975000 1.365956 1.508586 3.485915 18.770550 -1.706937 -1.560095 -1.633961
146 7 Car 0 0 0.240128 349.220000 114.118000 379.460000 194.975000 1.444000 1.595116 3.791789 14.869432 5.635934 -1.780688 1.488644
146 8 Car 0 0 0.145553 349.220000 114.118000 379.460000 194.975000 1.422414 1.512803 3.707634 20.663258 6.250939 -1.706279 1.482367
