2 0 Car 0 0 0.805053 349.220000 114.118000 379.460000 194.975000 1.411824 1.480149 3.630527 41.612124 20.997562 -1.249081 1.530656
3 0 Car 0 0 0.673952 349.220000 114.118000 379.460000 194.975000 1.411824 1.480149 3.630527 40.448933 20.966234 -1.170975 1.531221
3 1 Car 0 0 14.753862 349.220000 114.118000 379.460000 194.975000 1.381664 1.510562 4.101504 7.959359 -3.177971 -1.587330 -1.609695
4 0 Car 0 0 0.825581 349.220000 114.118000 379.460000 194.975000 1.411824 1.480149 3.630527 39.282359 20.872715 -1.240012 1.534049
4 1 Car 0 0 14.879628 349.220000 114.118000 379.460000 194.975000 1.381664 1.510562 4.101504 8.213815 -3.184336 -1.560313 -1.609695
5 0 Car 0 0 0.743754 349.220000 114.118000 379.460000 194.975000 1.411824 1.480149 3.630527 38.157517 20.751075 -1.309048 1.536876
5 1 Car 0 0 14.999222 349.220000 114.118000 379.460000 194.975000 1.381664 1.510562 4.101504 8.621995 -3.210450 -1.560235 -1.609695
5 2 Car 0 0 0.446506 349.220000 114.118000 379.460000 194.975000 1.315632 1.513865 3.547118 42.258399 20.936374 -1.118051 1.545001
6 0 Car 0 0 0.603898 349.220000 114.118000 379.460000 194.975000 1.411824 1.480149 3.630527 36.995324 20.627691 -1.378085 1.539703
6 1 Car 0 0 15.135538 349.220000 114.118000 379.460000 194.975000 1.381664 1.510562 4.101504 8.938861 -3.224777 -1.549128 -1.609695
6 2 Car 0 0 0.541060 349.220000 114.118000 379.460000 194.975000 1.315632 1.513865 3.547118 41.132461 20.809469 -1.206239 1.548017
7 0 Car 0 0 0.498795 349.220000 114.118000 379.460000 194.975000 1.411824 1.480149 3.630527 35.865304 20.530117 -1.447121 1.542530
7 1 Car 0 0 15.109524 349.220000 114.118000 379.460000 194.975000 1.381664 1.510562 4.101504 9.265738 -3.233021 -1.526155 -1.609695
7 2 Car 0 0 0.447086 349.220000 114.118000 379.460000 194.975000 1.315632 1.513865 3.547118 40.029629 20.704618 -1.294428 1.551033
8 0 Car 0 0 0.467333 349.220000 114.118000 379.460000 194.975000 1.411824 1.480149 3.630527 34.694244 20.435400 -1.516158 1.545358
8 1 Car 0 0 15.178024 349.220000 114.118000 379.460000 194.975000 1.381664 1.510562 4.101504 9.552257 -3.241550 -1.590089 -1.609695
8 2 Car 0 0 0.413072 349.220000 114.118000 379.460000 194.975000 1.315632 1.513865 3.547118 38.892954 20.595832 -1.382616 1.554049
9 0 Car 0 0 0.464698 349.220000 114.118000 379.460000 194.975000 1.411824 1.480149 3.630527 33.577546 20.370096 -1.513493 1.550814
9 1 Car 0 0 15.134546 349.220000 114.118000 379.460000 194.975000 1.381664 1.510562 4.101504 9.890348 -3.236350 -1.580998 -1.609695
9 2 Car 0 0 0.293905 349.220000 114.118000 379.460000 194.975000 1.315632 1.513865 3.547118 37.790485 20.497336 -1.470804 1.557065
10 0 Car 0 0 0.519903 349.220000 114.118000 379.460000 194.975000 1.411824 1.480149 3.630527 32.455607 20.313537 -1.510826 1.556271
10 1 Car 0 0 15.079870 349.220000 114.118000 379.460000 194.975000 1.381664 1.510562 4.101504 10.217003 -3.226823 -1.571908 -1.609695
10 2 Car 0 0 0.264858 349.220000 114.118000 379.460000 194.975000 1.315632 1.513865 3.547118 36.709779 20.413289 -1.462316 1.558796
11 0 Car 0 0 0.590104 349.220000 114.118000 379.460000 194.975000 1.411824 1.480149 3.630527 31.332154 20.249661 -1.508160 1.561727
11 1 Car 0 0 15.027594 349.220000 114.118000 379.460000 194.975000 1.381664 1.510562 4.101504 10.541730 -3.221404 -1.562817 -1.609695
11 2 Car 0 0 0.260827 349.220000 114.118000 379.460000 194.975000 1.315632 1.513865 3.547118 35.581567 20.270555 -1.461037 1.560178
12 0 Car 0 0 0.659655 349.220000 114.118000 379.460000 194.975000 1.411824 1.480149 3.630527 30.183603 20.179437 -1.505495 1.567183
12 1 Car 0 0 15.074355 349.220000 114.118000 379.460000 194.975000 1.381664 1.510562 4.101504 10.847448 -3.213787 -1.553727 -1.609695
12 2 Car 0 0 0.381771 349.220000 114.118000 379.460000 194.975000 1.315632 1.513865 3.547118 34.421262 20.179177 -1.459757 1.561559
13 0 Car 0 0 0.712623 349.220000 114.118000 379.460000 194.975000 1.411824 1.480149 3.630527 29.079969 20.108637 -1.502829 1.572640
13 1 Car 0 0 15.037989 349.220000 114.118000 379.460000 194.975000 1.381664 1.510562 4.101504 11.187810 -3.207055 -1.544636 -1.609695
13 2 Car 0 0 0.372898 349.220000 114.118000 379.460000 194.975000 1.315632 1.513865 3.547118 33.312578 20.135246 -1.458478 1.562941
14 0 Car 0 0 0.694766 349.220000 114.118000 379.460000 194.975000 1.411824 1.480149 3.630527 27.987660 20.060679 -1.499610 1.574073
14 1 Car 0 0 15.014827 349.220000 114.118000 379.460000 194.975000 1.381664 1.510562 4.101504 11.540937 -3.191424 -1.555125 -1.611755
14 2 Car 0 0 0.300445 349.220000 114.118000 379.460000 194.975000 1.315632 1.513865 3.547118 32.195343 20.100442 -1.457197 1.564323
15 0 Car 0 0 0.654940 349.220000 114.118000 379.460000 194.975000 1.411824 1.480149 3.630527 26.788685 20.046157 -1.496061 1.575226
15 1 Car 0 0 15.065148 349.220000 114.118000 379.460000 194.975000 1.381664 1.510562 4.101504 11.878232 -3.168333 -1.565614 -1.613815
15 2 Car 0 0 0.220810 349.220000 114.118000 379.460000 194.975000 1.315632 1.513865 3.547118 31.041196 20.098955 -1.555033 1.564867
16 0 Car 0 0 0.602646 349.220000 114.118000 379.460000 194.975000 1.411824 1.480149 3.630527 25.706062 20.040345 -1.492857 1.576324
16 1 Car 0 0 15.047437 349.220000 114.118000 379.460000 194.975000 1.381664 1.510562 4.101504 12.250797 -3.148810 -1.576102 -1.615876
16 2 Car 0 0 0.249751 349.220000 114.118000 379.460000 194.975000 1.315632 1.513865 3.547118 29.921174 20.084346 -1.502957 1.565412
17 0 Car 0 0 0.543623 349.220000 114.118000 379.460000 194.975000 1.411824 1.480149 3.630527 24.502054 20.063694 -1.489290 1.576614
17 1 Car 0 0 15.083956 349.220000 114.118000 379.460000 194.975000 1.381664 1.510562 4.101504 12.591986 -3.128172 -1.586591 -1.617936
17 2 Car 0 0 0.366720 349.220000 114.118000 379.460000 194.975000 1.315632 1.513865 3.547118 28.762240 20.075103 -1.450880 1.565956
18 1 Car 0 0 15.064841 349.220000 114.118000 379.460000 194.975000 1.381664 1.510562 4.101504 12.962739 -3.110034 -1.597080 -1.619996
18 2 Car 0 0 0.489648 349.220000 114.118000 379.460000 194.975000 1.315632 1.513865 3.547118 27.650271 20.060106 -1.398804 1.566501
18 0 Car 0 0 0.543623 349.220000 114.118000 379.460000 194.975000 1.411824 1.480149 3.630527 23.401368 20.100662 -1.489290 1.576614
19 1 Car 0 0 15.053164 349.220000 114.118000 379.460000 194.975000 1.381664 1.510562 4.101504 13.340118 -3.091807 -1.611141 -1.620640
19 2 Car 0 0 0.596967 349.220000 114.118000 379.460000 194.975000 1.315632 1.513865 3.547118 26.519267 20.030116 -1.346727 1.567045
20 1 Car 0 0 15.095215 349.220000 114.118000 379.460000 194.975000 1.381664 1.510562 4.101504 13.698689 -3.041889 -1.624580 -1.621284
20 2 Car 0 0 0.607528 349.220000 114.118000 379.460000 194.975000 1.315632 1.513865 3.547118 25.330374 20.031360 -1.399627 1.566116
21 1 Car 0 0 15.088990 349.220000 114.118000 379.460000 194.975000 1.381664 1.510562 4.101504 14.095005 -2.994014 -1.638329 -1.621928
21 2 Car 0 0 0.607528 349.220000 114.118000 379.460000 194.975000 1.315632 1.513865 3.547118 24.225989 20.071478 -1.399627 1.566116
22 1 Car 0 0 15.074802 349.220000 114.118000 379.460000 194.975000 1.381664 1.510562 4.101504 14.476267 -2.950925 -1.652079 -1.622571
23 1 Car 0 0 15.112119 349.220000 114.118000 379.460000 194.975000 1.381664 1.510562 4.101504 14.835340 -2.905920 -1.665830 -1.623215
24 1 Car 0 0 15.102359 349.220000 114.118000 379.460000 194.975000 1.381664 1.510562 4.101504 15.235117 -2.816286 -1.651049 -1.629652
25 1 Car 0 0 15.082600 349.220000 114.118000 379.460000 194.975000 1.381664 1.510562 4.101504 15.620167 -2.704496 -1.636266 -1.636089
26 1 Car 0 0 15.107900 349.220000 114.118000 379.460000 194.975000 1.381664 1.510562 4.101504 15.984946 -2.591497 -1.621485 -1.642526
27 1 Car 0 0 15.089877 349.220000 114.118000 379.460000 194.975000 1.381664 1.510562 4.101504 16.382528 -2.487424 -1.606704 -1.648963
28 1 Car 0 0 15.068499 349.220000 114.118000 379.460000 194.975000 1.381664 1.510562 4.101504 16.765582 -2.380810 -1.591922 -1.655400
29 1 Car 0 0 15.108509 349.220000 114.118000 379.460000 194.975000 1.381664 1.510562 4.101504 17.172393 -2.236314 -1.589647 -1.655400
30 1 Car 0 0 15.116227 349.220000 114.118000 379.460000 194.975000 1.381664 1.510562 4.101504 17.624213 -2.076475 -1.587374 -1.655400
30 3 Car 0 0 14.629966 349.220000 114.118000 379.460000 194.975000 1.598096 1.659369 3.553793 6.623714 -3.228147 -1.580653 -1.663345
31 1 Car 0 0 15.113143 349.220000 114.118000 379.460000 194.975000 1.381664 1.510562 4.101504 18.062584 -1.918083 -1.585100 -1.655400
31 3 Car 0 0 14.694904 349.220000 114.118000 379.460000 194.975000 1.598096 1.659369 3.553793 6.865073 -3.107392 -1.578502 -1.666339
32 1 Car 0 0 15.149575 349.220000 114.118000 379.460000 194.975000 1.381664 1.510562 4.101504 18.477912 -1.758893 -1.582826 -1.655400
32 3 Car 0 0 14.780274 349.220000 114.118000 379.460000 194.975000 1.598096 1.659369 3.553793 7.179926 -2.979786 -1.576350 -1.669332
33 1 Car 0 0 15.151360 349.220000 114.118000 379.460000 194.975000 1.381664 1.510562 4.101504 18.930322 -1.608081 -1.580552 -1.655400
33 3 Car 0 0 14.668725 349.220000 114.118000 379.460000 194.975000 1.598096 1.659369 3.553793 7.499890 -2.857340 -1.574199 -1.672326
34 1 Car 0 0 15.184269 349.220000 114.118000 379.460000 194.975000 1.381664 1.510562 4.101504 19.336816 -1.426866 -1.592952 -1.660407
34 3 Car 0 0 14.735260 349.220000 114.118000 379.460000 194.975000 1.598096 1.659369 3.553793 7.821644 -2.724054 -1.576156 -1.672326
35 1 Car 0 0 15.183407 349.220000 114.118000 379.460000 194.975000 1.381664 1.510562 4.101504 19.775040 -1.245577 -1.605351 -1.665415
35 3 Car 0 0 14.687289 349.220000 114.118000 379.460000 194.975000 1.598096 1.659369 3.553793 8.180147 -2.592690 -1.578112 -1.672326
36 1 Car 0 0 15.176763 349.220000 114.118000 379.460000 194.975000 1.381664 1.510562 4.101504 20.199002 -1.060557 -1.617750 -1.670423
36 3 Car 0 0 14.628982 349.220000 114.118000 379.460000 194.975000 1.598096 1.659369 3.553793 8.527374 -2.459590 -1.580069 -1.672326
37 1 Car 0 0 15.211135 349.220000 114.118000 379.460000 194.975000 1.381664 1.510562 4.101504 20.600719 -0.876147 -1.630149 -1.675431
37 3 Car 0 0 14.686307 349.220000 114.118000 379.460000 194.975000 1.598096 1.659369 3.553793 8.854055 -2.326376 -1.582025 -1.672326
38 1 Car 0 0 15.213262 349.220000 114.118000 379.460000 194.975000 1.381664 1.510562 4.101504 21.039536 -0.697511 -1.642549 -1.680439
38 3 Car 0 0 14.657998 349.220000 114.118000 379.460000 194.975000 1.598096 1.659369 3.553793 9.214006 -2.196524 -1.583982 -1.672326
39 1 Car 0 0 15.195170 349.220000 114.118000 379.460000 194.975000 1.381664 1.510562 4.101504 21.427159 -0.518804 -1.655842 -1.685352
39 3 Car 0 0 14.618482 349.220000 114.118000 379.460000 194.975000 1.598096 1.659369 3.553793 9.550625 -2.057084 -1.585869 -1.674410
40 1 Car 0 0 15.211728 349.220000 114.118000 379.460000 194.975000 1.381664 1.510562 4.101504 21.790862 -0.339213 -1.669135 -1.690265
40 3 Car 0 0 14.657801 349.220000 114.118000 379.460000 194.975000 1.598096 1.659369 3.553793 9.867761 -1.915565 -1.587756 -1.676493
41 1 Car 0 0 15.194643 349.220000 114.118000 379.460000 194.975000 1.381664 1.510562 4.101504 22.184818 -0.164470 -1.682429 -1.695177
41 3 Car 0 0 14.629717 349.220000 114.118000 379.460000 194.975000 1.598096 1.659369 3.553793 10.216240 -1.776941 -1.589643 -1.678576
42 1 Car 0 0 15.173171 349.220000 114.118000 379.460000 194.975000 1.381664 1.510562 4.101504 22.569380 -0.012798 -1.622757 -1.700090
42 3 Car 0 0 14.595608 349.220000 114.118000 379.460000 194.975000 1.598096 1.659369 3.553793 10.551478 -1.634260 -1.591531 -1.680660
43 1 Car 0 0 15.191349 349.220000 114.118000 379.460000 194.975000 1.381664 1.510562 4.101504 22.935108 0.128906 -1.563086 -1.705003
43 3 Car 0 0 14.632015 349.220000 114.118000 379.460000 194.975000 1.598096 1.659369 3.553793 10.866839 -1.493123 -1.593418 -1.682743
44 1 Car 0 0 15.174801 349.220000 114.118000 379.460000 194.975000 1.381664 1.510562 4.101504 23.328127 0.277542 -1.527705 -1.705003
44 3 Car 0 0 14.627027 349.220000 114.118000 379.460000 194.975000 1.598096 1.659369 3.553793 11.238550 -1.368162 -1.591953 -1.682743
45 1 Car 0 0 15.154187 349.220000 114.118000 379.460000 194.975000 1.381664 1.510562 4.101504 23.709073 0.420311 -1.492323 -1.705003
45 3 Car 0 0 14.617221 349.220000 114.118000 379.460000 194.975000 1.598096 1.659369 3.553793 11.601341 -1.251411 -1.590488 -1.682743
46 1 Car 0 0 15.172171 349.220000 114.118000 379.460000 194.975000 1.381664 1.510562 4.101504 24.069182 0.568856 -1.456942 -1.705003
46 3 Car 0 0 14.665114 349.220000 114.118000 379.460000 194.975000 1.598096 1.659369 3.553793 11.943618 -1.133150 -1.589023 -1.682743
47 1 Car 0 0 15.157348 349.220000 114.118000 379.460000 194.975000 1.381664 1.510562 4.101504 24.461760 0.714568 -1.528468 -1.705003
47 3 Car 0 0 14.664283 349.220000 114.118000 379.460000 194.975000 1.598096 1.659369 3.553793 12.321697 -1.011841 -1.587557 -1.682743
48 1 Car 0 0 15.179273 349.220000 114.118000 379.460000 194.975000 1.381664 1.510562 4.101504 24.823865 0.851033 -1.599993 -1.705003
48 3 Car 0 0 14.711742 349.220000 114.118000 379.460000 194.975000 1.598096 1.659369 3.553793 12.664579 -0.895221 -1.586092 -1.682743
49 1 Car 0 0 15.162663 349.220000 114.118000 379.460000 194.975000 1.381664 1.510562 4.101504 25.205861 0.973289 -1.610990 -1.700828
49 3 Car 0 0 14.725446 349.220000 114.118000 379.460000 194.975000 1.598096 1.659369 3.553793 13.066720 -0.804780 -1.588674 -1.682743
50 1 Car 0 0 15.142298 349.220000 114.118000 379.460000 194.975000 1.381664 1.510562 4.101504 25.573130 1.091088 -1.621987 -1.696653
50 3 Car 0 0 14.733975 349.220000 114.118000 379.460000 194.975000 1.598096 1.659369 3.553793 13.457071 -0.722759 -1.591255 -1.682743
50 4 Car 0 0 0.940027 349.220000 114.118000 379.460000 194.975000 1.467936 1.622439 4.316936 55.903943 27.229282 -1.593509 1.469724
51 1 Car 0 0 15.161163 349.220000 114.118000 379.460000 194.975000 1.381664 1.510562 4.101504 25.923434 1.184064 -1.603698 -1.692477
51 3 Car 0 0 14.788312 349.220000 114.118000 379.460000 194.975000 1.598096 1.659369 3.553793 13.822135 -0.642170 -1.593836 -1.682743
51 4 Car 0 0 0.550736 349.220000 114.118000 379.460000 194.975000 1.467936 1.622439 4.316936 54.858242 27.044956 -1.560499 1.472729
52 1 Car 0 0 15.149169 349.220000 114.118000 379.460000 194.975000 1.381664 1.510562 4.101504 26.307800 1.268771 -1.585410 -1.688302
52 3 Car 0 0 14.805229 349.220000 114.118000 379.460000 194.975000 1.598096 1.659369 3.553793 14.230377 -0.560997 -1.596418 -1.682743
52 4 Car 0 0 0.091891 349.220000 114.118000 379.460000 194.975000 1.467936 1.622439 4.316936 53.857589 26.860441 -1.527489 1.475733
53 1 Car 0 0 15.131341 349.220000 114.118000 379.460000 194.975000 1.381664 1.510562 4.101504 26.678400 1.366229 -1.567121 -1.684127
53 3 Car 0 0 14.811993 349.220000 114.118000 379.460000 194.975000 1.598096 1.659369 3.553793 14.622767 -0.468983 -1.598999 -1.682743
53 4 Car 0 0 -0.216467 349.220000 114.118000 379.460000 194.975000 1.467936 1.622439 4.316936 52.831980 26.707650 -1.494480 1.478738
54 3 Car 0 0 14.846067 349.220000 114.118000 379.460000 194.975000 1.598096 1.659369 3.553793 14.955513 -0.370069 -1.605982 -1.682743
54 4 Car 0 0 -0.327019 349.220000 114.118000 379.460000 194.975000 1.467936 1.622439 4.316936 51.738986 26.531352 -1.438574 1.481064
54 1 Car 0 0 15.131341 349.220000 114.118000 379.460000 194.975000 1.381664 1.510562 4.101504 25.485077 1.247754 -1.567121 -1.684127
55 3 Car 0 0 14.837746 349.220000 114.118000 379.460000 194.975000 1.598096 1.659369 3.553793 15.317553 -0.260934 -1.612966 -1.682743
55 4 Car 0 0 -0.199333 349.220000 114.118000 379.460000 194.975000 1.467936 1.622439 4.316936 50.675537 26.368941 -1.382668 1.483391
55 1 Car 0 0 14.495551 349.220000 114.118000 379.460000 194.975000 1.381664 1.510562 4.101504 25.971617 1.368970 -1.542235 -1.679471
56 3 Car 0 0 14.823625 349.220000 114.118000 379.460000 194.975000 1.598096 1.659369 3.553793 15.664942 -0.156876 -1.619949 -1.682743
56 4 Car 0 0 -0.159925 349.220000 114.118000 379.460000 194.975000 1.467936 1.622439 4.316936 49.585982 26.268101 -1.366336 1.485718
56 1 Car 0 0 14.518707 349.220000 114.118000 379.460000 194.975000 1.381664 1.510562 4.101504 26.366700 1.455990 -1.576430 -1.677143
57 3 Car 0 0 14.855812 349.220000 114.118000 379.460000 194.975000 1.598096 1.659369 3.553793 15.990950 -0.058257 -1.626932 -1.682743
57 4 Car 0 0 -0.162252 349.220000 114.118000 379.460000 194.975000 1.467936 1.622439 4.316936 48.481050 26.170801 -1.382215 1.488044
57 1 Car 0 0 14.599063 349.220000 114.118000 379.460000 194.975000 1.381664 1.510562 4.101504 26.748228 1.565051 -1.610627 -1.674815
58 3 Car 0 0 14.849720 349.220000 114.118000 379.460000 194.975000 1.598096 1.659369 3.553793 16.352328 0.045054 -1.633916 -1.682743
58 4 Car 0 0 -0.170019 349.220000 114.118000 379.460000 194.975000 1.467936 1.622439 4.316936 47.409148 26.095516 -1.550109 1.490371
58 1 Car 0 0 14.655485 349.220000 114.118000 379.460000 194.975000 1.381664 1.510562 4.101504 27.199784 1.684348 -1.644822 -1.672487
59 3 Car 0 0 14.830464 349.220000 114.118000 379.460000 194.975000 1.598096 1.659369 3.553793 16.681823 0.127705 -1.698673 -1.682743
59 4 Car 0 0 -0.156369 349.220000 114.118000 379.460000 194.975000 1.467936 1.622439 4.316936 46.313764 25.989136 -1.747367 1.492423
59 1 Car 0 0 14.754259 349.220000 114.118000 379.460000 194.975000 1.381664 1.510562 4.101504 27.749957 1.758736 -1.669224 -1.664664
60 3 Car 0 0 14.853051 349.220000 114.118000 379.460000 194.975000 1.598096 1.659369 3.553793 16.988248 0.210499 -1.763430 -1.682743
60 4 Car 0 0 -0.142080 349.220000 114.118000 379.460000 194.975000 1.467936 1.622439 4.316936 45.191956 25.901002 -1.892321 1.494474
60 1 Car 0 0 14.884536 349.220000 114.118000 379.460000 194.975000 1.381664 1.510562 4.101504 28.274985 1.826623 -1.693625 -1.656841
61 3 Car 0 0 14.840020 349.220000 114.118000 379.460000 194.975000 1.598096 1.659369 3.553793 17.326967 0.293638 -1.681156 -1.682743
61 4 Car 0 0 -0.097679 349.220000 114.118000 379.460000 194.975000 1.467936 1.622439 4.316936 44.108545 25.788446 -1.674190 1.496526
61 1 Car 0 0 15.019849 349.220000 114.118000 379.460000 194.975000 1.381664 1.510562 4.101504 28.947417 1.875680 -1.718027 -1.649017
62 3 Car 0 0 14.821883 349.220000 114.118000 379.460000 194.975000 1.598096 1.659369 3.553793 17.652715 0.384578 -1.598882 -1.682743
62 4 Car 0 0 -0.012816 349.220000 114.118000 379.460000 194.975000 1.467936 1.622439 4.316936 43.014234 25.687748 -1.456059 1.498578
62 1 Car 0 0 15.135523 349.220000 114.118000 379.460000 194.975000 1.381664 1.510562 4.101504 29.600552 1.936698 -1.550041 -1.641194
63 3 Car 0 0 14.849792 349.220000 114.118000 379.460000 194.975000 1.598096 1.659369 3.553793 17.955873 0.470146 -1.516607 -1.682743
63 4 Car 0 0 0.059534 349.220000 114.118000 379.460000 194.975000 1.467936 1.622439 4.316936 41.885571 25.558537 -1.333976 1.500629
63 1 Car 0 0 15.211493 349.220000 114.118000 379.460000 194.975000 1.381664 1.510562 4.101504 30.059062 1.973077 -1.567251 -1.636571
64 3 Car 0 0 14.831825 349.220000 114.118000 379.460000 194.975000 1.598096 1.659369 3.553793 18.272271 0.535359 -1.541072 -1.682743
64 4 Car 0 0 0.141314 349.220000 114.118000 379.460000 194.975000 1.467936 1.622439 4.316936 40.808382 25.428350 -1.344106 1.503645
64 1 Car 0 0 15.231161 349.220000 114.118000 379.460000 194.975000 1.381664 1.510562 4.101504 30.507646 2.009740 -1.584462 -1.631948
65 3 Car 0 0 14.808904 349.220000 114.118000 379.460000 194.975000 1.598096 1.659369 3.553793 18.571262 0.591548 -1.565537 -1.682743
65 4 Car 0 0 0.221291 349.220000 114.118000 379.460000 194.975000 1.467936 1.622439 4.316936 39.716120 25.290932 -1.354236 1.506660
65 1 Car 0 0 15.236876 349.220000 114.118000 379.460000 194.975000 1.381664 1.510562 4.101504 30.921223 2.046052 -1.601673 -1.627324
66 3 Car 0 0 14.828905 349.220000 114.118000 379.460000 194.975000 1.598096 1.659369 3.553793 18.848034 0.643624 -1.590003 -1.682743
66 4 Car 0 0 0.240803 349.220000 114.118000 379.460000 194.975000 1.467936 1.622439 4.316936 38.599857 25.136211 -1.364367 1.509675
66 1 Car 0 0 15.244597 349.220000 114.118000 379.460000 194.975000 1.381664 1.510562 4.101504 31.221624 2.063960 -1.609223 -1.624301
67 3 Car 0 0 14.813531 349.220000 114.118000 379.460000 194.975000 1.598096 1.659369 3.553793 19.159694 0.703219 -1.614468 -1.682743
67 4 Car 0 0 0.222723 349.220000 114.118000 379.460000 194.975000 1.467936 1.622439 4.316936 37.517263 25.006435 -1.437065 1.512691
67 1 Car 0 0 15.209633 349.220000 114.118000 379.460000 194.975000 1.381664 1.510562 4.101504 31.542479 2.085850 -1.616774 -1.621278
68 3 Car 0 0 14.835320 349.220000 114.118000 379.460000 194.975000 1.598096 1.659369 3.553793 19.438819 0.757349 -1.638932 -1.682743
68 4 Car 0 0 0.187112 349.220000 114.118000 379.460000 194.975000 1.467936 1.622439 4.316936 36.405943 24.848114 -1.317827 1.515706
68 1 Car 0 0 15.213196 349.220000 114.118000 379.460000 194.975000 1.381664 1.510562 4.101504 31.825864 2.100614 -1.624325 -1.618255
69 3 Car 0 0 14.805905 349.220000 114.118000 379.460000 194.975000 1.598096 1.659369 3.553793 19.714184 0.790452 -1.634679 -1.676937
69 4 Car 0 0 0.172193 349.220000 114.118000 379.460000 194.975000 1.467936 1.622439 4.316936 35.355426 24.708484 -1.309770 1.519929
69 1 Car 0 0 15.213196 349.220000 114.118000 379.460000 194.975000 1.381664 1.510562 4.101504 30.699036 1.978573 -1.624325 -1.618255
70 3 Car 0 0 14.770607 349.220000 114.118000 379.460000 194.975000 1.598096 1.659369 3.553793 19.969114 0.805026 -1.630427 -1.671131
70 4 Car 0 0 0.146763 349.220000 114.118000 379.460000 194.975000 1.467936 1.622439 4.316936 34.298355 24.556614 -1.301714 1.524152
71 3 Car 0 0 14.776477 349.220000 114.118000 379.460000 194.975000 1.598096 1.659369 3.553793 20.198946 0.821989 -1.626173 -1.665325
71 4 Car 0 0 0.117223 349.220000 114.118000 379.460000 194.975000 1.467936 1.622439 4.316936 33.215741 24.407156 -1.293658 1.528375
72 3 Car 0 0 14.748321 349.220000 114.118000 379.460000 194.975000 1.598096 1.659369 3.553793 20.466436 0.840748 -1.621921 -1.659519
72 4 Car 0 0 0.096644 349.220000 114.118000 379.460000 194.975000 1.467936 1.622439 4.316936 32.173460 24.263618 -1.285601 1.532598
73 3 Car 0 0 14.717114 349.220000 114.118000 379.460000 194.975000 1.598096 1.659369 3.553793 20.718968 0.863536 -1.617667 -1.653713
73 4 Car 0 0 0.121586 349.220000 114.118000 379.460000 194.975000 1.467936 1.622439 4.316936 31.114396 24.130643 -1.277545 1.536821
74 3 Car 0 0 14.727615 349.220000 114.118000 379.460000 194.975000 1.598096 1.659369 3.553793 20.951102 0.841687 -1.613279 -1.648854
74 4 Car 0 0 0.095548 349.220000 114.118000 379.460000 194.975000 1.467936 1.622439 4.316936 30.017171 23.974754 -1.250392 1.541263
75 3 Car 0 0 14.703133 349.220000 114.118000 379.460000 194.975000 1.598096 1.659369 3.553793 21.220080 0.819124 -1.608889 -1.643995
75 4 Car 0 0 0.076649 349.220000 114.118000 379.460000 194.975000 1.467936 1.622439 4.316936 28.950596 23.838096 -1.223241 1.545705
76 3 Car 0 0 14.673901 349.220000 114.118000 379.460000 194.975000 1.598096 1.659369 3.553793 21.475925 0.795915 -1.604500 -1.639136
76 4 Car 0 0 0.076649 349.220000 114.118000 379.460000 194.975000 1.467936 1.622439 4.316936 27.919163 23.711369 -1.223241 1.545705
77 3 Car 0 0 14.683876 349.220000 114.118000 379.460000 194.975000 1.598096 1.659369 3.553793 21.709374 0.772552 -1.600111 -1.634276
78 3 Car 0 0 14.660822 349.220000 114.118000 379.460000 194.975000 1.598096 1.659369 3.553793 21.977504 0.752989 -1.595722 -1.629417
79 3 Car 0 0 14.630197 349.220000 114.118000 379.460000 194.975000 1.598096 1.659369 3.553793 22.227610 0.740577 -1.586548 -1.629417
80 3 Car 0 0 14.638863 349.220000 114.118000 379.460000 194.975000 1.598096 1.659369 3.553793 22.453036 0.732090 -1.577374 -1.629417
81 3 Car 0 0 14.613533 349.220000 114.118000 379.460000 194.975000 1.598096 1.659369 3.553793 22.714468 0.728543 -1.568200 -1.629417
82 3 Car 0 0 14.624630 349.220000 114.118000 379.460000 194.975000 1.598096 1.659369 3.553793 22.942205 0.717723 -1.559026 -1.629417
83 3 Car 0 0 14.602210 349.220000 114.118000 379.460000 194.975000 1.598096 1.659369 3.553793 23.203065 0.709642 -1.549852 -1.629417
84 3 Car 0 0 14.584819 349.220000 114.118000 379.460000 194.975000 1.598096 1.659369 3.553793 23.475586 0.713926 -1.551413 -1.629417
85 3 Car 0 0 14.608074 349.220000 114.118000 379.460000 194.975000 1.598096 1.659369 3.553793 23.731867 0.720611 -1.552975 -1.629417
86 3 Car 0 0 14.596357 349.220000 114.118000 379.460000 194.975000 1.598096 1.659369 3.553793 24.023601 0.732905 -1.554537 -1.629417
87 3 Car 0 0 14.578684 349.220000 114.118000 379.460000 194.975000 1.598096 1.659369 3.553793 24.302261 0.740307 -1.556098 -1.629417
88 3 Car 0 0 14.598355 349.220000 114.118000 379.460000 194.975000 1.598096 1.659369 3.553793 24.560729 0.745925 -1.557659 -1.629417
89 3 Car 0 0 14.597267 349.220000 114.118000 379.460000 194.975000 1.598096 1.659369 3.553793 24.881926 0.744609 -1.501309 -1.623970
90 3 Car 0 0 14.591860 349.220000 114.118000 379.460000 194.975000 1.598096 1.659369 3.553793 25.195447 0.745685 -1.444958 -1.618523
91 3 Car 0 0 14.627476 349.220000 114.118000 379.460000 194.975000 1.598096 1.659369 3.553793 25.485448 0.720531 -1.514238 -1.613076
92 3 Car 0 0 14.631083 349.220000 114.118000 379.460000 194.975000 1.598096 1.659369 3.553793 25.816577 0.690079 -1.583519 -1.607629
93 3 Car 0 0 14.669144 349.220000 114.118000 379.460000 194.975000 1.598096 1.659369 3.553793 26.108083 0.661066 -1.652800 -1.602182
93 5 Car 0 0 0.693250 349.220000 114.118000 379.460000 194.975000 1.427856 1.730417 3.866351 53.487783 23.834869 -0.822668 1.561030
94 3 Car 0 0 14.675734 349.220000 114.118000 379.460000 194.975000 1.598096 1.659369 3.553793 26.439662 0.648971 -1.657609 -1.596735
94 5 Car 0 0 0.619374 349.220000 114.118000 379.460000 194.975000 1.427856 1.730417 3.866351 52.313308 23.801226 -0.961936 1.561879
95 3 Car 0 0 14.678167 349.220000 114.118000 379.460000 194.975000 1.598096 1.659369 3.553793 26.753458 0.639424 -1.662417 -1.591288
95 5 Car 0 0 0.628808 349.220000 114.118000 379.460000 194.975000 1.427856 1.730417 3.866351 51.134543 23.752838 -1.101205 1.562728
95 6 Car 0 0 0.576820 349.220000 114.118000 379.460000 194.975000 1.500000 1.616267 4.047507 57.540996 23.973163 -1.084065 1.534914
96 3 Car 0 0 14.719466 349.220000 114.118000 379.460000 194.975000 1.598096 1.659369 3.553793 27.040526 0.627068 -1.667225 -1.585841
96 5 Car 0 0 0.473878 349.220000 114.118000 379.460000 194.975000 1.427856 1.730417 3.866351 49.933761 23.701944 -1.240473 1.563577
96 6 Car 0 0 0.426569 349.220000 114.118000 379.460000 194.975000 1.500000 1.616267 4.047507 56.339374 23.917124 -1.207432 1.535744
97 3 Car 0 0 14.731473 349.220000 114.118000 379.460000 194.975000 1.598096 1.659369 3.553793 27.373123 0.619035 -1.672034 -1.580394
97 5 Car 0 0 0.432531 349.220000 114.118000 379.460000 194.975000 1.427856 1.730417 3.866351 48.767616 23.675960 -1.227319 1.564250
97 6 Car 0 0 0.505356 349.220000 114.118000 379.460000 194.975000 1.500000 1.616267 4.047507 55.174422 23.867511 -1.330801 1.536574
98 3 Car 0 0 14.738019 349.220000 114.118000 379.460000 194.975000 1.598096 1.659369 3.553793 27.687736 0.608937 -1.676842 -1.574947
98 5 Car 0 0 0.428900 349.220000 114.118000 379.460000 194.975000 1.427856 1.730417 3.866351 47.582859 23.654151 -1.214165 1.564923
98 6 Car 0 0 0.567955 349.220000 114.118000 379.460000 194.975000 1.500000 1.616267 4.047507 53.961297 23.827753 -1.317624 1.537163
98 7 Car 0 0 0.427284 349.220000 114.118000 379.460000 194.975000 1.500000 1.791984 4.500000 61.248106 24.506234 -1.228723 1.497257
99 3 Car 0 0 14.794023 349.220000 114.118000 379.460000 194.975000 1.598096 1.659369 3.553793 27.993150 0.601420 -1.665334 -1.574947
99 5 Car 0 0 0.334105 349.220000 114.118000 379.460000 194.975000 1.427856 1.730417 3.866351 46.368697 23.632866 -1.201011 1.565596
99 6 Car 0 0 0.528788 349.220000 114.118000 379.460000 194.975000 1.500000 1.616267 4.047507 52.717941 23.790156 -1.304446 1.537752
99 7 Car 0 0 0.240990 349.220000 114.118000 379.460000 194.975000 1.500000 1.791984 4.500000 60.037599 24.473165 -1.225214 1.497930
100 3 Car 0 0 14.827140 349.220000 114.118000 379.460000 194.975000 1.598096 1.659369 3.553793 28.362968 0.597554 -1.653825 -1.574947
100 5 Car 0 0 0.365653 349.220000 114.118000 379.460000 194.975000 1.427856 1.730417 3.866351 45.199500 23.619646 -1.187857 1.566268
100 6 Car 0 0 0.572726 349.220000 114.118000 379.460000 194.975000 1.500000 1.616267 4.047507 51.513609 23.759314 -1.291269 1.538341
100 7 Car 0 0 0.182516 349.220000 114.118000 379.460000 194.975000 1.500000 1.791984 4.500000 58.869113 24.452122 -1.221706 1.498602
101 3 Car 0 0 14.852974 349.220000 114.118000 379.460000 194.975000 1.598096 1.659369 3.553793 28.712297 0.588058 -1.642316 -1.574947
101 5 Car 0 0 0.403656 349.220000 114.118000 379.460000 194.975000 1.427856 1.730417 3.866351 44.016300 23.591516 -1.174703 1.566941
101 6 Car 0 0 0.604536 349.220000 114.118000 379.460000 194.975000 1.500000 1.616267 4.047507 50.297004 23.714542 -1.278093 1.538930
101 7 Car 0 0 0.256578 349.220000 114.118000 379.460000 194.975000 1.500000 1.791984 4.500000 57.687090 24.411115 -1.218197 1.499275
102 3 Car 0 0 14.915568 349.220000 114.118000 379.460000 194.975000 1.598096 1.659369 3.553793 29.019935 0.582895 -1.630807 -1.574947
102 5 Car 0 0 0.411251 349.220000 114.118000 379.460000 194.975000 1.427856 1.730417 3.866351 42.750580 23.565670 -1.212727 1.567743
102 6 Car 0 0 0.549746 349.220000 114.118000 379.460000 194.975000 1.500000 1.616267 4.047507 49.048957 23.675292 -1.264915 1.539519
102 7 Car 0 0 0.388491 349.220000 114.118000 379.460000 194.975000 1.500000 1.791984 4.500000 56.419690 24.365808 -1.264448 1.500077
103 3 Car 0 0 14.955061 349.220000 114.118000 379.460000 194.975000 1.598096 1.659369 3.553793 29.393243 0.574552 -1.619299 -1.574947
103 5 Car 0 0 0.468097 349.220000 114.118000 379.460000 194.975000 1.427856 1.730417 3.866351 41.523830 23.531534 -1.250750 1.568545
103 6 Car 0 0 0.524733 349.220000 114.118000 379.460000 194.975000 1.500000 1.616267 4.047507 47.841685 23.633563 -1.310974 1.540434
103 7 Car 0 0 0.564000 349.220000 114.118000 379.460000 194.975000 1.500000 1.791984 4.500000 55.195013 24.298474 -1.310700 1.500879
104 3 Car 0 0 15.014201 349.220000 114.118000 379.460000 194.975000 1.598096 1.659369 3.553793 29.683982 0.553300 -1.654045 -1.574947
104 5 Car 0 0 0.429003 349.220000 114.118000 379.460000 194.975000 1.427856 1.730417 3.866351 40.252499 23.496823 -1.288774 1.569347
104 6 Car 0 0 0.424314 349.220000 114.118000 379.460000 194.975000 1.500000 1.616267 4.047507 46.584218 23.593102 -1.357032 1.541348
104 7 Car 0 0 0.559179 349.220000 114.118000 379.460000 194.975000 1.500000 1.791984 4.500000 53.923386 24.231497 -1.356951 1.501681
105 3 Car 0 0 15.043643 349.220000 114.118000 379.460000 194.975000 1.598096 1.659369 3.553793 30.024716 0.525216 -1.688791 -1.574947
105 5 Car 0 0 0.439389 349.220000 114.118000 379.460000 194.975000 1.427856 1.730417 3.866351 39.022407 23.466751 -1.326797 1.570149
105 6 Car 0 0 0.368041 349.220000 114.118000 379.460000 194.975000 1.500000 1.616267 4.047507 45.375674 23.559024 -1.403090 1.542263
105 7 Car 0 0 0.590801 349.220000 114.118000 379.460000 194.975000 1.500000 1.791984 4.500000 52.695176 24.169165 -1.403202 1.502483
106 3 Car 0 0 15.065733 349.220000 114.118000 379.460000 194.975000 1.598096 1.659369 3.553793 30.341213 0.496066 -1.723537 -1.574947
106 5 Car 0 0 0.445456 349.220000 114.118000 379.460000 194.975000 1.427856 1.730417 3.866351 37.774837 23.435493 -1.364822 1.570951
106 6 Car 0 0 0.318852 349.220000 114.118000 379.460000 194.975000 1.500000 1.616267 4.047507 44.147152 23.523181 -1.449149 1.543178
106 7 Car 0 0 0.602074 349.220000 114.118000 379.460000 194.975000 1.500000 1.791984 4.500000 51.449845 24.106323 -1.449453 1.503285
107 3 Car 0 0 15.088972 349.220000 114.118000 379.460000 194.975000 1.598096 1.659369 3.553793 30.652702 0.468426 -1.758282 -1.574947
107 5 Car 0 0 0.468703 349.220000 114.118000 379.460000 194.975000 1.427856 1.730417 3.866351 36.487834 23.405377 -1.340157 1.572006
107 6 Car 0 0 0.270989 349.220000 114.118000 379.460000 194.975000 1.500000 1.616267 4.047507 42.914954 23.487765 -1.495208 1.544092
107 7 Car 0 0 0.613101 349.220000 114.118000 379.460000 194.975000 1.500000 1.791984 4.500000 50.175284 24.047117 -1.376169 1.504340
108 3 Car 0 0 15.153810 349.220000 114.118000 379.460000 194.975000 1.598096 1.659369 3.553793 30.923735 0.439933 -1.793028 -1.574947
108 5 Car 0 0 0.421171 349.220000 114.118000 379.460000 194.975000 1.427856 1.730417 3.866351 35.171167 23.368082 -1.315492 1.573060
108 6 Car 0 0 0.200043 349.220000 114.118000 379.460000 194.975000 1.500000 1.616267 4.047507 41.601878 23.443857 -1.411497 1.545173
108 7 Car 0 0 0.537424 349.220000 114.118000 379.460000 194.975000 1.500000 1.791984 4.500000 48.869383 23.981717 -1.302885 1.505394
109 3 Car 0 0 15.186124 349.220000 114.118000 379.460000 194.975000 1.598096 1.659369 3.553793 31.244194 0.432543 -1.786528 -1.574947
109 5 Car 0 0 0.425893 349.220000 114.118000 379.460000 194.975000 1.427856 1.730417 3.866351 33.896153 23.343717 -1.290826 1.574114
109 6 Car 0 0 0.231196 349.220000 114.118000 379.460000 194.975000 1.500000 1.616267 4.047507 40.319221 23.410447 -1.327787 1.546253
109 7 Car 0 0 0.526649 349.220000 114.118000 379.460000 194.975000 1.500000 1.791984 4.500000 47.612610 23.932608 -1.229602 1.506448
110 3 Car 0 0 15.248261 349.220000 114.118000 379.460000 194.975000 1.598096 1.659369 3.553793 31.498230 0.424175 -1.780027 -1.574947
110 5 Car 0 0 0.385025 349.220000 114.118000 379.460000 194.975000 1.427856 1.730417 3.866351 32.578071 23.312173 -1.266161 1.575168
110 6 Car 0 0 0.231445 349.220000 114.118000 379.460000 194.975000 1.500000 1.616267 4.047507 38.996972 23.368222 -1.244076 1.547334
110 7 Car 0 0 0.470471 349.220000 114.118000 379.460000 194.975000 1.500000 1.791984 4.500000 46.307138 23.875403 -1.156318 1.507502
111 3 Car 0 0 15.281759 349.220000 114.118000 379.460000 194.975000 1.598096 1.659369 3.553793 31.812177 0.415272 -1.773527 -1.574947
111 5 Car 0 0 0.386021 349.220000 114.118000 379.460000 194.975000 1.427856 1.730417 3.866351 31.308144 23.282105 -1.241497 1.576223
111 6 Car 0 0 0.222264 349.220000 114.118000 379.460000 194.975000 1.500000 1.616267 4.047507 37.714079 23.333960 -1.360021 1.548414
111 7 Car 0 0 0.480190 349.220000 114.118000 379.460000 194.975000 1.500000 1.791984 4.500000 45.054114 23.812180 -1.346123 1.508557
112 3 Car 0 0 15.307210 349.220000 114.118000 379.460000 194.975000 1.598096 1.659369 3.553793 32.101328 0.405402 -1.767027 -1.574947
112 5 Car 0 0 0.404810 349.220000 114.118000 379.460000 194.975000 1.427856 1.730417 3.866351 29.974723 23.257665 -1.237522 1.577228
112 6 Car 0 0 0.200019 349.220000 114.118000 379.460000 194.975000 1.500000 1.616267 4.047507 36.414498 23.301830 -1.475966 1.549495
112 7 Car 0 0 0.580144 349.220000 114.118000 379.460000 194.975000 1.500000 1.791984 4.500000 43.654051 23.750555 -1.380528 1.509563
113 3 Car 0 0 15.374189 349.220000 114.118000 379.460000 194.975000 1.598096 1.659369 3.553793 32.344792 0.395056 -1.760527 -1.574947
113 5 Car 0 0 0.362202 349.220000 114.118000 379.460000 194.975000 1.427856 1.730417 3.866351 28.607518 23.229242 -1.233545 1.578232
113 6 Car 0 0 0.137844 349.220000 114.118000 379.460000 194.975000 1.500000 1.616267 4.047507 35.044406 23.270051 -1.471956 1.550404
113 7 Car 0 0 0.624085 349.220000 114.118000 379.460000 194.975000 1.500000 1.791984 4.500000 42.186738 23.679409 -1.414932 1.510570
114 3 Car 0 0 15.391776 349.220000 114.118000 379.460000 194.975000 1.598096 1.659369 3.553793 32.604629 0.413665 -1.761706 -1.574947
114 6 Car 0 0 0.128655 349.220000 114.118000 379.460000 194.975000 1.500000 1.616267 4.047507 33.707391 23.253900 -1.467947 1.551314
114 7 Car 0 0 0.703544 349.220000 114.118000 379.460000 194.975000 1.500000 1.791984 4.500000 40.769962 23.622062 -1.449337 1.511577
114 5 Car 0 0 0.362202 349.220000 114.118000 379.460000 194.975000 1.427856 1.730417 3.866351 27.314574 23.219372 -1.233545 1.578232
115 3 Car 0 0 15.395518 349.220000 114.118000 379.460000 194.975000 1.598096 1.659369 3.553793 32.824875 0.433297 -1.762883 -1.574947
115 6 Car 0 0 0.139162 349.220000 114.118000 379.460000 194.975000 1.500000 1.616267 4.047507 32.354767 23.233113 -1.463939 1.552224
115 7 Car 0 0 0.779019 349.220000 114.118000 379.460000 194.975000 1.500000 1.791984 4.500000 39.333356 23.556817 -1.483742 1.512584
116 3 Car 0 0 15.447795 349.220000 114.118000 379.460000 194.975000 1.598096 1.659369 3.553793 33.008295 0.452737 -1.764062 -1.574947
116 6 Car 0 0 0.130697 349.220000 114.118000 379.460000 194.975000 1.500000 1.616267 4.047507 30.974783 23.206599 -1.459930 1.553134
116 7 Car 0 0 0.799004 349.220000 114.118000 379.460000 194.975000 1.500000 1.791984 4.500000 37.856150 23.484485 -1.458027 1.513591
117 3 Car 0 0 15.466005 349.220000 114.118000 379.460000 194.975000 1.598096 1.659369 3.553793 33.247637 0.473827 -1.765240 -1.574947
117 6 Car 0 0 0.146987 349.220000 114.118000 379.460000 194.975000 1.500000 1.616267 4.047507 29.637534 23.186173 -1.455921 1.554044
117 7 Car 0 0 0.780184 349.220000 114.118000 379.460000 194.975000 1.500000 1.791984 4.500000 36.498513 23.438917 -1.454082 1.514526
118 3 Car 0 0 15.523731 349.220000 114.118000 379.460000 194.975000 1.598096 1.659369 3.553793 33.431960 0.491255 -1.766419 -1.574947
118 6 Car 0 0 0.162112 349.220000 114.118000 379.460000 194.975000 1.500000 1.616267 4.047507 28.237487 23.151969 -1.448691 1.555104
118 7 Car 0 0 0.665091 349.220000 114.118000 379.460000 194.975000 1.500000 1.791984 4.500000 35.098091 23.393867 -1.450138 1.515462
119 3 Car 0 0 15.522586 349.220000 114.118000 379.460000 194.975000 1.598096 1.659369 3.553793 33.623734 0.482241 -1.732737 -1.574947
119 7 Car 0 0 0.547860 349.220000 114.118000 379.460000 194.975000 1.500000 1.791984 4.500000 33.771173 23.366384 -1.446193 1.516397
119 6 Car 0 0 0.162112 349.220000 114.118000 379.460000 194.975000 1.500000 1.616267 4.047507 26.905685 23.139438 -1.448691 1.555104
120 3 Car 0 0 15.508864 349.220000 114.118000 379.460000 194.975000 1.598096 1.659369 3.553793 33.783277 0.463028 -1.699054 -1.574947
120 7 Car 0 0 0.446529 349.220000 114.118000 379.460000 194.975000 1.500000 1.791984 4.500000 32.422260 23.343300 -1.442249 1.517332
121 3 Car 0 0 15.494869 349.220000 114.118000 379.460000 194.975000 1.598096 1.659369 3.553793 33.937316 0.442586 -1.665372 -1.574947
121 7 Car 0 0 0.366731 349.220000 114.118000 379.460000 194.975000 1.500000 1.791984 4.500000 31.067641 23.318616 -1.438305 1.518268
122 3 Car 0 0 15.532451 349.220000 114.118000 379.460000 194.975000 1.598096 1.659369 3.553793 34.066714 0.422543 -1.631690 -1.574947
122 7 Car 0 0 0.269551 349.220000 114.118000 379.460000 194.975000 1.500000 1.791984 4.500000 29.665559 23.285604 -1.434225 1.519686
123 3 Car 0 0 15.526454 349.220000 114.118000 379.460000 194.975000 1.598096 1.659369 3.553793 34.242112 0.408798 -1.598007 -1.574947
123 7 Car 0 0 0.220171 349.220000 114.118000 379.460000 194.975000 1.500000 1.791984 4.500000 28.312489 23.258556 -1.430145 1.521104
124 3 Car 0 0 15.558720 349.220000 114.118000 379.460000 194.975000 1.598096 1.659369 3.553793 34.364827 0.390220 -1.611517 -1.574947
124 7 Car 0 0 0.220171 349.220000 114.118000 379.460000 194.975000 1.500000 1.791984 4.500000 26.855514 23.231924 -1.430145 1.521104
125 3 Car 0 0 15.543805 349.220000 114.118000 379.460000 194.975000 1.598096 1.659369 3.553793 34.525307 0.374124 -1.625026 -1.574947
126 3 Car 0 0 15.522816 349.220000 114.118000 379.460000 194.975000 1.598096 1.659369 3.553793 34.667991 0.355102 -1.638535 -1.574947
127 3 Car 0 0 15.554342 349.220000 114.118000 379.460000 194.975000 1.598096 1.659369 3.553793 34.784790 0.297841 -1.574284 -1.574947
128 3 Car 0 0 15.540605 349.220000 114.118000 379.460000 194.975000 1.598096 1.659369 3.553793 34.945728 0.231154 -1.510034 -1.574947
129 3 Car 0 0 15.518401 349.220000 114.118000 379.460000 194.975000 1.598096 1.659369 3.553793 35.089291 0.200631 -1.448296 -1.574947
130 3 Car 0 0 15.547950 349.220000 114.118000 379.460000 194.975000 1.598096 1.659369 3.553793 35.205819 0.183709 -1.386559 -1.574947
131 3 Car 0 0 15.531624 349.220000 114.118000 379.460000 194.975000 1.598096 1.659369 3.553793 35.366515 0.172754 -1.324821 -1.574947
132 3 Car 0 0 15.505832 349.220000 114.118000 379.460000 194.975000 1.598096 1.659369 3.553793 35.510821 0.169489 -1.549886 -1.574947
133 3 Car 0 0 15.529753 349.220000 114.118000 379.460000 194.975000 1.598096 1.659369 3.553793 35.628329 0.161841 -1.774950 -1.574947
134 3 Car 0 0 15.492474 349.220000 114.118000 379.460000 194.975000 1.598096 1.659369 3.553793 35.750776 0.182431 -1.736620 -1.574947
135 3 Car 0 0 15.445452 349.220000 114.118000 379.460000 194.975000 1.598096 1.659369 3.553793 35.851149 0.210992 -1.698290 -1.574947
