3 0 Car 0 0 6.853186 349.220000 114.118000 379.460000 194.975000 1.492172 1.666927 4.500000 15.999150 8.651453 -1.276204 2.495859
3 1 Car 0 0 6.955866 349.220000 114.118000 379.460000 194.975000 1.649293 1.669751 3.639134 13.451265 -8.896344 -1.384859 -0.506711
4 0 Car 0 0 6.961241 349.220000 114.118000 379.460000 194.975000 1.492172 1.666927 4.500000 14.713470 9.382289 -1.283916 2.431695
4 1 Car 0 0 7.147593 349.220000 114.118000 379.460000 194.975000 1.649293 1.669751 3.639134 13.250799 -9.268405 -1.403495 -0.483785
5 0 Car 0 0 7.126269 349.220000 114.118000 379.460000 194.975000 1.492172 1.666927 4.500000 13.395085 10.150638 -1.291629 2.367532
5 1 Car 0 0 7.472318 349.220000 114.118000 379.460000 194.975000 1.649293 1.669751 3.639134 13.124114 -9.729337 -1.422131 -0.460859
6 1 Car 0 0 7.580936 349.220000 114.118000 379.460000 194.975000 1.649293 1.669751 3.639134 13.058485 -10.101640 -1.452064 -0.447175
6 0 Car 0 0 7.126269 349.220000 114.118000 379.460000 194.975000 1.492172 1.666927 4.500000 12.550550 10.437174 -1.291629 2.367532
7 1 Car 0 0 7.611384 349.220000 114.118000 379.460000 194.975000 1.649293 1.669751 3.639134 12.994852 -10.412845 -1.481996 -0.433491
8 1 Car 0 0 7.544941 349.220000 114.118000 379.460000 194.975000 1.649293 1.669751 3.639134 12.943522 -10.718279 -1.511930 -0.419806
9 1 Car 0 0 7.787086 349.220000 114.118000 379.460000 194.975000 1.649293 1.669751 3.639134 13.048688 -10.976673 -1.603111 -0.445156
10 2 Car 0 0 4.390824 349.220000 114.118000 379.460000 194.975000 1.593181 1.549840 3.934141 22.448321 -13.507302 -1.591131 2.754743
11 2 Car 0 0 4.756238 349.220000 114.118000 379.460000 194.975000 1.593181 1.549840 3.934141 22.147844 -12.207340 -1.645976 2.715832
12 2 Car 0 0 5.211880 349.220000 114.118000 379.460000 194.975000 1.593181 1.549840 3.934141 21.756411 -10.729554 -1.700820 2.676922
13 2 Car 0 0 5.771729 349.220000 114.118000 379.460000 194.975000 1.593181 1.549840 3.934141 21.222548 -9.259829 -1.706109 2.626914
14 2 Car 0 0 6.322041 349.220000 114.118000 379.460000 194.975000 1.593181 1.549840 3.934141 20.598701 -7.741970 -1.711398 2.576907
14 3 Car 0 0 5.860423 349.220000 114.118000 379.460000 194.975000 1.468689 1.572994 4.241684 26.324412 -16.969906 -1.827046 2.595449
15 2 Car 0 0 6.327340 349.220000 114.118000 379.460000 194.975000 1.593181 1.549840 3.934141 20.033589 -6.308265 -1.717052 2.535151
15 3 Car 0 0 5.765191 349.220000 114.118000 379.460000 194.975000 1.468689 1.572994 4.241684 26.316393 -15.550944 -1.809671 2.553058
15 4 Car 0 0 8.286056 349.220000 114.118000 379.460000 194.975000 1.649293 1.669751 3.639134 14.701692 -11.942818 -1.786972 -0.624475
16 2 Car 0 0 6.559614 349.220000 114.118000 379.460000 194.975000 1.593181 1.549840 3.934141 19.299036 -4.945485 -1.717294 2.498559
16 3 Car 0 0 6.058312 349.220000 114.118000 379.460000 194.975000 1.468689 1.572994 4.241684 25.979482 -14.030425 -1.766654 2.510668
16 4 Car 0 0 8.427168 349.220000 114.118000 379.460000 194.975000 1.649293 1.669751 3.639134 15.073478 -11.979449 -1.788705 -0.655331
17 2 Car 0 0 6.658839 349.220000 114.118000 379.460000 194.975000 1.593181 1.549840 3.934141 18.506982 -3.555353 -1.717535 2.461967
17 3 Car 0 0 6.158672 349.220000 114.118000 379.460000 194.975000 1.468689 1.572994 4.241684 25.554429 -12.461695 -1.723637 2.468277
17 4 Car 0 0 8.746692 349.220000 114.118000 379.460000 194.975000 1.649293 1.669751 3.639134 15.485069 -12.072756 -1.790440 -0.686188
18 2 Car 0 0 6.877172 349.220000 114.118000 379.460000 194.975000 1.593181 1.549840 3.934141 17.606602 -2.269236 -1.730964 2.425375
18 3 Car 0 0 5.888503 349.220000 114.118000 379.460000 194.975000 1.468689 1.572994 4.241684 25.183732 -10.996354 -1.752367 2.425887
18 4 Car 0 0 8.835432 349.220000 114.118000 379.460000 194.975000 1.649293 1.669751 3.639134 15.966118 -12.080410 -1.777986 -0.721097
18 5 Car 0 0 1.637937 349.220000 114.118000 379.460000 194.975000 1.399641 1.682582 4.448847 32.848885 -19.644478 -1.805630 2.434157
19 2 Car 0 0 6.906060 349.220000 114.118000 379.460000 194.975000 1.593181 1.549840 3.934141 16.632441 -0.949602 -1.744391 2.388784
19 3 Car 0 0 5.454087 349.220000 114.118000 379.460000 194.975000 1.468689 1.572994 4.241684 24.776041 -9.475234 -1.781096 2.383496
19 4 Car 0 0 8.986500 349.220000 114.118000 379.460000 194.975000 1.649293 1.669751 3.639134 16.532191 -11.970802 -1.864534 -0.762328
19 5 Car 0 0 2.013475 349.220000 114.118000 379.460000 194.975000 1.399641 1.682582 4.448847 32.962248 -18.004773 -1.895985 2.381767
20 2 Car 0 0 7.079509 349.220000 114.118000 379.460000 194.975000 1.593181 1.549840 3.934141 15.542140 0.259067 -1.715590 2.335796
20 3 Car 0 0 5.487335 349.220000 114.118000 379.460000 194.975000 1.468689 1.572994 4.241684 24.238149 -7.999193 -1.862408 2.327151
20 4 Car 0 0 9.019967 349.220000 114.118000 379.460000 194.975000 1.649293 1.669751 3.639134 17.111613 -11.863335 -1.951082 -0.803559
20 5 Car 0 0 2.610689 349.220000 114.118000 379.460000 194.975000 1.399641 1.682582 4.448847 32.933670 -16.350279 -1.959120 2.338927
20 6 Car 0 0 1.616876 349.220000 114.118000 379.460000 194.975000 1.453033 1.620057 3.772348 38.033908 -21.841459 -2.124514 2.324986
21 2 Car 0 0 7.284280 349.220000 114.118000 379.460000 194.975000 1.593181 1.549840 3.934141 14.368560 1.466905 -1.686788 2.282808
21 3 Car 0 0 5.636021 349.220000 114.118000 379.460000 194.975000 1.468689 1.572994 4.241684 23.586136 -6.490832 -1.826863 2.270806
21 4 Car 0 0 8.985445 349.220000 114.118000 379.460000 194.975000 1.649293 1.669751 3.639134 17.723283 -11.659980 -1.994448 -0.830518
21 5 Car 0 0 3.246753 349.220000 114.118000 379.460000 194.975000 1.399641 1.682582 4.448847 32.768728 -14.559169 -2.022255 2.296086
21 6 Car 0 0 1.518698 349.220000 114.118000 379.460000 194.975000 1.453033 1.620057 3.772348 38.415158 -20.013943 -2.245941 2.265772
22 2 Car 0 0 7.383311 349.220000 114.118000 379.460000 194.975000 1.593181 1.549840 3.934141 13.109854 2.609050 -1.671711 2.229820
22 3 Car 0 0 5.679885 349.220000 114.118000 379.460000 194.975000 1.468689 1.572994 4.241684 22.904780 -4.957193 -1.791318 2.214461
22 4 Car 0 0 9.059184 349.220000 114.118000 379.460000 194.975000 1.649293 1.669751 3.639134 18.441282 -11.315574 -1.940781 -0.877476
22 5 Car 0 0 3.773762 349.220000 114.118000 379.460000 194.975000 1.399641 1.682582 4.448847 32.494088 -12.653312 -1.929853 2.244095
22 6 Car 0 0 2.000896 349.220000 114.118000 379.460000 194.975000 1.453033 1.620057 3.772348 38.628117 -17.992113 -2.108107 2.209444
22 7 Car 0 0 1.774863 349.220000 114.118000 379.460000 194.975000 1.531311 1.463405 4.179061 44.756535 -22.417764 -2.209228 2.229955
22 8 Car 0 0 12.743176 349.220000 114.118000 379.460000 194.975000 1.500000 1.610071 4.069631 34.550075 -24.503993 -2.382345 -0.900650
23 2 Car 0 0 7.232517 349.220000 114.118000 379.460000 194.975000 1.593181 1.549840 3.934141 11.803101 3.737140 -1.656635 2.176832
23 3 Car 0 0 5.799932 349.220000 114.118000 379.460000 194.975000 1.468689 1.572994 4.241684 22.012489 -3.356089 -1.737605 2.182096
23 4 Car 0 0 9.214534 349.220000 114.118000 379.460000 194.975000 1.649293 1.669751 3.639134 19.145122 -10.863253 -1.887113 -0.924433
23 5 Car 0 0 3.918555 349.220000 114.118000 379.460000 194.975000 1.399641 1.682582 4.448847 32.166916 -10.671293 -1.837450 2.192103
23 6 Car 0 0 2.059879 349.220000 114.118000 379.460000 194.975000 1.453033 1.620057 3.772348 38.778450 -15.792600 -1.970273 2.153116
23 7 Car 0 0 1.575656 349.220000 114.118000 379.460000 194.975000 1.531311 1.463405 4.179061 45.156637 -19.983990 -2.142150 2.178755
23 8 Car 0 0 12.843052 349.220000 114.118000 379.460000 194.975000 1.500000 1.610071 4.069631 36.088890 -23.376351 -2.347302 -0.952829
24 2 Car 0 0 7.313538 349.220000 114.118000 379.460000 194.975000 1.593181 1.549840 3.934141 10.339864 4.673839 -1.579615 2.124002
24 3 Car 0 0 5.953699 349.220000 114.118000 379.460000 194.975000 1.468689 1.572994 4.241684 21.035242 -1.913409 -1.723482 2.127302
24 4 Car 0 0 9.433175 349.220000 114.118000 379.460000 194.975000 1.649293 1.669751 3.639134 19.923436 -10.416716 -1.908790 -0.985176
24 5 Car 0 0 4.153971 349.220000 114.118000 379.460000 194.975000 1.399641 1.682582 4.448847 31.682780 -8.802021 -1.824892 2.140112
24 6 Car 0 0 2.408011 349.220000 114.118000 379.460000 194.975000 1.453033 1.620057 3.772348 38.705417 -13.662298 -1.970571 2.102398
24 7 Car 0 0 1.353726 349.220000 114.118000 379.460000 194.975000 1.531311 1.463405 4.179061 45.521769 -17.608302 -2.075072 2.127556
24 8 Car 0 0 12.991248 349.220000 114.118000 379.460000 194.975000 1.500000 1.610071 4.069631 37.739258 -22.161439 -2.309015 -1.005007
24 9 Car 0 0 1.622030 349.220000 114.118000 379.460000 194.975000 1.586106 1.568100 3.394125 51.991113 -21.630730 -2.156245 2.123004
25 2 Car 0 0 7.203919 349.220000 114.118000 379.460000 194.975000 1.593181 1.549840 3.934141 8.821241 5.564351 -1.555875 2.071171
25 3 Car 0 0 5.936549 349.220000 114.118000 379.460000 194.975000 1.468689 1.572994 4.241684 19.961730 -0.440884 -1.709358 2.072508
25 4 Car 0 0 9.658611 349.220000 114.118000 379.460000 194.975000 1.649293 1.669751 3.639134 20.684774 -9.854786 -1.930467 -1.045919
25 5 Car 0 0 4.119375 349.220000 114.118000 379.460000 194.975000 1.399641 1.682582 4.448847 31.132339 -6.883135 -1.812334 2.088121
25 6 Car 0 0 2.729824 349.220000 114.118000 379.460000 194.975000 1.453033 1.620057 3.772348 38.436031 -11.360865 -1.970867 2.051679
25 7 Car 0 0 1.630039 349.220000 114.118000 379.460000 194.975000 1.531311 1.463405 4.179061 45.575547 -15.065500 -2.050278 2.076356
25 8 Car 0 0 13.403474 349.220000 114.118000 379.460000 194.975000 1.500000 1.610071 4.069631 39.425671 -20.771655 -2.270728 -1.057186
25 9 Car 0 0 1.705420 349.220000 114.118000 379.460000 194.975000 1.586106 1.568100 3.394125 52.432399 -18.860696 -2.159343 2.073182
26 3 Car 0 0 6.049322 349.220000 114.118000 379.460000 194.975000 1.468689 1.572994 4.241684 18.797074 0.878787 -1.673941 2.007665
26 4 Car 0 0 9.731096 349.220000 114.118000 379.460000 194.975000 1.649293 1.669751 3.639134 21.462399 -9.194001 -1.925554 -1.087161
26 5 Car 0 0 4.179379 349.220000 114.118000 379.460000 194.975000 1.399641 1.682582 4.448847 30.488626 -5.077657 -1.768666 2.036583
26 6 Car 0 0 2.828489 349.220000 114.118000 379.460000 194.975000 1.453033 1.620057 3.772348 38.146899 -9.225619 -1.918639 2.000961
26 7 Car 0 0 1.812026 349.220000 114.118000 379.460000 194.975000 1.531311 1.463405 4.179061 45.537612 -12.599730 -2.025485 2.025156
26 8 Car 0 0 13.874500 349.220000 114.118000 379.460000 194.975000 1.500000 1.610071 4.069631 41.084028 -19.451797 -2.232440 -1.109364
26 9 Car 0 0 1.532100 349.220000 114.118000 379.460000 194.975000 1.586106 1.568100 3.394125 52.823287 -16.154794 -2.162441 2.023359
26 2 Car 0 0 7.203919 349.220000 114.118000 379.460000 194.975000 1.593181 1.549840 3.934141 7.903253 5.978084 -1.555875 2.071171
27 3 Car 0 0 6.197067 349.220000 114.118000 379.460000 194.975000 1.468689 1.572994 4.241684 17.506815 2.103004 -1.633686 1.967012
27 4 Car 0 0 9.771260 349.220000 114.118000 379.460000 194.975000 1.649293 1.669751 3.639134 22.202558 -8.460085 -1.920641 -1.128402
27 5 Car 0 0 4.086004 349.220000 114.118000 379.460000 194.975000 1.399641 1.682582 4.448847 29.811344 -3.268289 -1.724997 1.985045
27 6 Car 0 0 2.693578 349.220000 114.118000 379.460000 194.975000 1.453033 1.620057 3.772348 37.855102 -7.098624 -1.866411 1.950243
27 7 Car 0 0 2.124898 349.220000 114.118000 379.460000 194.975000 1.531311 1.463405 4.179061 45.294195 -10.142301 -1.954588 1.973956
27 9 Car 0 0 1.239834 349.220000 114.118000 379.460000 194.975000 1.586106 1.568100 3.394125 52.989027 -13.457291 -2.078870 1.973537
27 8 Car 0 0 13.874500 349.220000 114.118000 379.460000 194.975000 1.500000 1.610071 4.069631 41.398599 -17.353903 -2.232440 -1.109364
28 3 Car 0 0 6.440293 349.220000 114.118000 379.460000 194.975000 1.468689 1.572994 4.241684 16.085545 3.309927 -1.593432 1.926358
28 4 Car 0 0 9.743496 349.220000 114.118000 379.460000 194.975000 1.649293 1.669751 3.639134 22.910777 -7.575550 -1.888203 -1.192073
28 5 Car 0 0 4.224890 349.220000 114.118000 379.460000 194.975000 1.399641 1.682582 4.448847 28.929299 -1.539591 -1.688998 1.928879
28 6 Car 0 0 2.919890 349.220000 114.118000 379.460000 194.975000 1.453033 1.620057 3.772348 37.261011 -4.965001 -1.809107 1.899524
28 7 Car 0 0 2.428776 349.220000 114.118000 379.460000 194.975000 1.531311 1.463405 4.179061 44.916605 -7.587860 -1.883692 1.922757
28 9 Car 0 0 0.947258 349.220000 114.118000 379.460000 194.975000 1.586106 1.568100 3.394125 52.958900 -10.723347 -1.992015 1.923715
29 3 Car 0 0 6.633472 349.220000 114.118000 379.460000 194.975000 1.468689 1.572994 4.241684 14.444086 4.397218 -1.559846 1.866800
29 4 Car 0 0 9.827901 349.220000 114.118000 379.460000 194.975000 1.649293 1.669751 3.639134 23.559161 -6.595859 -1.855765 -1.255743
29 5 Car 0 0 4.265791 349.220000 114.118000 379.460000 194.975000 1.399641 1.682582 4.448847 27.861592 0.203924 -1.638822 1.891611
29 6 Car 0 0 3.048171 349.220000 114.118000 379.460000 194.975000 1.453033 1.620057 3.772348 36.478774 -2.746545 -1.751803 1.848806
29 7 Car 0 0 2.708389 349.220000 114.118000 379.460000 194.975000 1.531311 1.463405 4.179061 44.260777 -4.960417 -1.835476 1.873720
29 9 Car 0 0 0.551746 349.220000 114.118000 379.460000 194.975000 1.586106 1.568100 3.394125 52.703222 -7.626262 -1.905160 1.873892
30 3 Car 0 0 6.801501 349.220000 114.118000 379.460000 194.975000 1.468689 1.572994 4.241684 12.842644 5.368751 -1.526260 1.807241
30 4 Car 0 0 9.960933 349.220000 114.118000 379.460000 194.975000 1.649293 1.669751 3.639134 24.229799 -5.646645 -1.821209 -1.319413
30 5 Car 0 0 4.417499 349.220000 114.118000 379.460000 194.975000 1.399641 1.682582 4.448847 26.746609 1.775885 -1.590605 1.830812
30 6 Car 0 0 3.251834 349.220000 114.118000 379.460000 194.975000 1.453033 1.620057 3.772348 35.573826 -0.768970 -1.697690 1.798088
30 7 Car 0 0 2.933499 349.220000 114.118000 379.460000 194.975000 1.531311 1.463405 4.179061 43.481950 -2.613733 -1.765034 1.824682
30 9 Car 0 0 0.152804 349.220000 114.118000 379.460000 194.975000 1.586106 1.568100 3.394125 52.261263 -4.810726 -1.819981 1.824070
31 3 Car 0 0 6.867276 349.220000 114.118000 379.460000 194.975000 1.468689 1.572994 4.241684 11.110295 6.147227 -1.535133 1.760454
31 4 Car 0 0 10.105483 349.220000 114.118000 379.460000 194.975000 1.649293 1.669751 3.639134 24.810694 -4.620359 -1.789627 -1.364325
31 5 Car 0 0 4.265770 349.220000 114.118000 379.460000 194.975000 1.399641 1.682582 4.448847 25.542903 3.298768 -1.544222 1.770012
31 6 Car 0 0 3.298378 349.220000 114.118000 379.460000 194.975000 1.453033 1.620057 3.772348 34.515559 1.153324 -1.645127 1.747369
31 7 Car 0 0 2.824705 349.220000 114.118000 379.460000 194.975000 1.531311 1.463405 4.179061 42.660159 -0.237071 -1.694594 1.775645
31 9 Car 0 0 -0.101856 349.220000 114.118000 379.460000 194.975000 1.586106 1.568100 3.394125 51.683983 -1.847093 -1.734802 1.774248
32 3 Car 0 0 6.987217 349.220000 114.118000 379.460000 194.975000 1.468689 1.572994 4.241684 9.452793 6.818258 -1.544006 1.713668
32 4 Car 0 0 10.133179 349.220000 114.118000 379.460000 194.975000 1.649293 1.669751 3.639134 25.342157 -3.648988 -1.758044 -1.409237
32 5 Car 0 0 4.416046 349.220000 114.118000 379.460000 194.975000 1.399641 1.682582 4.448847 24.249667 4.534112 -1.556782 1.727168
32 6 Car 0 0 3.439197 349.220000 114.118000 379.460000 194.975000 1.453033 1.620057 3.772348 33.421739 2.791437 -1.648059 1.721839
32 7 Car 0 0 2.780348 349.220000 114.118000 379.460000 194.975000 1.531311 1.463405 4.179061 41.763515 1.752512 -1.662149 1.726608
32 9 Car 0 0 -0.399642 349.220000 114.118000 379.460000 194.975000 1.586106 1.568100 3.394125 50.939132 0.492182 -1.723157 1.733267
33 4 Car 0 0 10.231983 349.220000 114.118000 379.460000 194.975000 1.649293 1.669751 3.639134 25.842378 -2.815486 -1.756038 -1.452157
33 5 Car 0 0 4.597299 349.220000 114.118000 379.460000 194.975000 1.399641 1.682582 4.448847 22.885084 5.541906 -1.572672 1.684324
33 6 Car 0 0 3.589087 349.220000 114.118000 379.460000 194.975000 1.453033 1.620057 3.772348 32.250364 4.169557 -1.654066 1.696309
33 7 Car 0 0 2.653212 349.220000 114.118000 379.460000 194.975000 1.531311 1.463405 4.179061 40.824295 3.451479 -1.686880 1.677571
33 9 Car 0 0 -0.790947 349.220000 114.118000 379.460000 194.975000 1.586106 1.568100 3.394125 50.058649 2.493509 -1.705750 1.692286
33 3 Car 0 0 6.987217 349.220000 114.118000 379.460000 194.975000 1.468689 1.572994 4.241684 8.517039 7.149443 -1.544006 1.713668
34 4 Car 0 0 10.331474 349.220000 114.118000 379.460000 194.975000 1.649293 1.669751 3.639134 26.234695 -2.014842 -1.754031 -1.495076
34 5 Car 0 0 4.769402 349.220000 114.118000 379.460000 194.975000 1.399641 1.682582 4.448847 21.383505 6.392654 -1.608037 1.669347
34 6 Car 0 0 3.633795 349.220000 114.118000 379.460000 194.975000 1.453033 1.620057 3.772348 30.966295 5.307976 -1.675652 1.655429
34 7 Car 0 0 2.821786 349.220000 114.118000 379.460000 194.975000 1.531311 1.463405 4.179061 39.606478 4.913404 -1.670832 1.657624
34 9 Car 0 0 -1.137196 349.220000 114.118000 379.460000 194.975000 1.586106 1.568100 3.394125 49.012140 4.324006 -1.711647 1.651305
35 4 Car 0 0 10.555938 349.220000 114.118000 379.460000 194.975000 1.649293 1.669751 3.639134 26.738216 -1.373340 -1.748294 -1.509718
35 5 Car 0 0 4.928380 349.220000 114.118000 379.460000 194.975000 1.399641 1.682582 4.448847 19.948895 6.975219 -1.607895 1.635792
35 6 Car 0 0 3.750223 349.220000 114.118000 379.460000 194.975000 1.453033 1.620057 3.772348 29.719780 6.175507 -1.679099 1.614549
35 7 Car 0 0 3.014230 349.220000 114.118000 379.460000 194.975000 1.531311 1.463405 4.179061 38.410124 6.012088 -1.698657 1.637676
35 9 Car 0 0 -1.485739 349.220000 114.118000 379.460000 194.975000 1.586106 1.568100 3.394125 47.977706 5.696769 -1.757535 1.610324
36 4 Car 0 0 10.821312 349.220000 114.118000 379.460000 194.975000 1.649293 1.669751 3.639134 27.277420 -0.755098 -1.742555 -1.524360
36 5 Car 0 0 5.086570 349.220000 114.118000 379.460000 194.975000 1.399641 1.682582 4.448847 18.507101 7.498655 -1.607753 1.602238
36 6 Car 0 0 3.896499 349.220000 114.118000 379.460000 194.975000 1.453033 1.620057 3.772348 28.440974 6.892710 -1.666585 1.588199
36 7 Car 0 0 3.431822 349.220000 114.118000 379.460000 194.975000 1.531311 1.463405 4.179061 37.038963 6.886813 -1.721508 1.617728
36 9 Car 0 0 -1.804229 349.220000 114.118000 379.460000 194.975000 1.586106 1.568100 3.394125 46.865192 6.809211 -1.738398 1.569343
37 4 Car 0 0 11.064461 349.220000 114.118000 379.460000 194.975000 1.649293 1.669751 3.639134 27.736665 -0.268632 -1.760639 -1.539002
37 5 Car 0 0 5.205817 349.220000 114.118000 379.460000 194.975000 1.399641 1.682582 4.448847 16.989369 7.893954 -1.600260 1.593481
37 6 Car 0 0 3.949810 349.220000 114.118000 379.460000 194.975000 1.453033 1.620057 3.772348 27.102746 7.486384 -1.691323 1.561849
37 7 Car 0 0 3.750263 349.220000 114.118000 379.460000 194.975000 1.531311 1.463405 4.179061 35.578468 7.589650 -1.720953 1.597780
37 9 Car 0 0 -1.935982 349.220000 114.118000 379.460000 194.975000 1.586106 1.568100 3.394125 45.716917 7.739045 -1.764881 1.558077
38 4 Car 0 0 11.246794 349.220000 114.118000 379.460000 194.975000 1.649293 1.669751 3.639134 28.237505 0.138821 -1.778721 -1.553644
38 5 Car 0 0 5.355642 349.220000 114.118000 379.460000 194.975000 1.399641 1.682582 4.448847 15.548888 8.157179 -1.634348 1.584725
38 6 Car 0 0 4.070924 349.220000 114.118000 379.460000 194.975000 1.453033 1.620057 3.772348 25.825571 7.871468 -1.710810 1.561020
38 7 Car 0 0 3.682413 349.220000 114.118000 379.460000 194.975000 1.531311 1.463405 4.179061 34.432371 8.048943 -1.763561 1.577833
38 9 Car 0 0 -2.128081 349.220000 114.118000 379.460000 194.975000 1.586106 1.568100 3.394125 44.638706 8.417720 -1.812820 1.546811
39 4 Car 0 0 11.316712 349.220000 114.118000 379.460000 194.975000 1.649293 1.669751 3.639134 28.650446 0.443505 -1.803118 -1.568008
39 5 Car 0 0 5.549717 349.220000 114.118000 379.460000 194.975000 1.399641 1.682582 4.448847 14.082445 8.313879 -1.668344 1.575968
39 6 Car 0 0 4.269975 349.220000 114.118000 379.460000 194.975000 1.453033 1.620057 3.772348 24.509057 8.123418 -1.730134 1.560190
39 7 Car 0 0 3.804984 349.220000 114.118000 379.460000 194.975000 1.531311 1.463405 4.179061 33.167461 8.293465 -1.771324 1.579829
39 9 Car 0 0 -2.352671 349.220000 114.118000 379.460000 194.975000 1.586106 1.568100 3.394125 43.521390 8.780375 -1.821910 1.535544
39 10 Car 0 0 0.989217 349.220000 114.118000 379.460000 194.975000 1.347663 1.625957 4.102767 51.808448 8.936064 -1.780487 1.579676
40 4 Car 0 0 11.448702 349.220000 114.118000 379.460000 194.975000 1.649293 1.669751 3.639134 28.925236 0.613395 -1.814937 -1.582373
40 5 Car 0 0 5.547287 349.220000 114.118000 379.460000 194.975000 1.399641 1.682582 4.448847 12.556510 8.346222 -1.687639 1.567212
40 6 Car 0 0 4.534473 349.220000 114.118000 379.460000 194.975000 1.453033 1.620057 3.772348 22.961449 8.178350 -1.728619 1.560684
40 7 Car 0 0 3.815741 349.220000 114.118000 379.460000 194.975000 1.531311 1.463405 4.179061 31.819690 8.499505 -1.779087 1.581825
40 9 Car 0 0 -2.721069 349.220000 114.118000 379.460000 194.975000 1.586106 1.568100 3.394125 42.153189 8.946977 -1.831000 1.524278
40 10 Car 0 0 1.021197 349.220000 114.118000 379.460000 194.975000 1.347663 1.625957 4.102767 50.771184 9.244570 -1.830634 1.579679
41 4 Car 0 0 11.510663 349.220000 114.118000 379.460000 194.975000 1.649293 1.669751 3.639134 29.390802 0.768683 -1.826757 -1.596737
41 5 Car 0 0 5.683725 349.220000 114.118000 379.460000 194.975000 1.399641 1.682582 4.448847 11.204954 8.374285 -1.706932 1.558455
41 6 Car 0 0 4.805184 349.220000 114.118000 379.460000 194.975000 1.453033 1.620057 3.772348 21.621141 8.193064 -1.727103 1.561178
41 7 Car 0 0 3.924399 349.220000 114.118000 379.460000 194.975000 1.531311 1.463405 4.179061 30.670411 8.559172 -1.813877 1.577338
41 9 Car 0 0 -3.126960 349.220000 114.118000 379.460000 194.975000 1.586106 1.568100 3.394125 40.976511 9.069201 -1.840091 1.513011
41 10 Car 0 0 1.367423 349.220000 114.118000 379.460000 194.975000 1.347663 1.625957 4.102767 49.901646 9.362086 -1.860001 1.579681
42 4 Car 0 0 11.560010 349.220000 114.118000 379.460000 194.975000 1.649293 1.669751 3.639134 29.751955 0.829729 -1.814464 -1.596645
42 6 Car 0 0 5.042665 349.220000 114.118000 379.460000 194.975000 1.453033 1.620057 3.772348 20.177021 8.206085 -1.725588 1.561672
42 7 Car 0 0 4.138951 349.220000 114.118000 379.460000 194.975000 1.531311 1.463405 4.179061 29.367389 8.620984 -1.848668 1.572852
42 9 Car 0 0 -3.620093 349.220000 114.118000 379.460000 194.975000 1.586106 1.568100 3.394125 39.589572 9.096495 -1.847185 1.515698
42 10 Car 0 0 1.916783 349.220000 114.118000 379.460000 194.975000 1.347663 1.625957 4.102767 48.850859 9.396195 -1.889368 1.579683
42 5 Car 0 0 5.683725 349.220000 114.118000 379.460000 194.975000 1.399641 1.682582 4.448847 10.385545 8.394567 -1.706932 1.558455
43 4 Car 0 0 11.629713 349.220000 114.118000 379.460000 194.975000 1.649293 1.669751 3.639134 30.102049 0.865134 -1.802170 -1.596553
43 6 Car 0 0 5.196257 349.220000 114.118000 379.460000 194.975000 1.453033 1.620057 3.772348 18.752364 8.230146 -1.724073 1.562165
43 7 Car 0 0 4.361698 349.220000 114.118000 379.460000 194.975000 1.531311 1.463405 4.179061 28.019169 8.696875 -1.883460 1.568365
43 9 Car 0 0 -3.988885 349.220000 114.118000 379.460000 194.975000 1.586106 1.568100 3.394125 38.189499 9.061154 -1.854280 1.518384
43 10 Car 0 0 2.160871 349.220000 114.118000 379.460000 194.975000 1.347663 1.625957 4.102767 47.835729 9.340142 -1.897775 1.576708
44 4 Car 0 0 11.750986 349.220000 114.118000 379.460000 194.975000 1.649293 1.669751 3.639134 30.373869 0.872994 -1.789877 -1.596460
44 6 Car 0 0 5.185871 349.220000 114.118000 379.460000 194.975000 1.453033 1.620057 3.772348 17.325456 8.261838 -1.722557 1.562659
44 7 Car 0 0 4.525127 349.220000 114.118000 379.460000 194.975000 1.531311 1.463405 4.179061 26.579771 8.688592 -1.885740 1.563677
44 9 Car 0 0 -4.133099 349.220000 114.118000 379.460000 194.975000 1.586106 1.568100 3.394125 36.797256 9.005134 -1.861374 1.521070
44 10 Car 0 0 1.921251 349.220000 114.118000 379.460000 194.975000 1.347663 1.625957 4.102767 46.850029 9.287266 -1.906181 1.573733
45 4 Car 0 0 11.937789 349.220000 114.118000 379.460000 194.975000 1.649293 1.669751 3.639134 30.761031 0.886892 -1.808378 -1.596368
45 6 Car 0 0 5.221709 349.220000 114.118000 379.460000 194.975000 1.453033 1.620057 3.772348 15.945019 8.293899 -1.721043 1.563153
45 7 Car 0 0 4.704223 349.220000 114.118000 379.460000 194.975000 1.531311 1.463405 4.179061 25.184833 8.661354 -1.888021 1.558990
45 9 Car 0 0 -4.260938 349.220000 114.118000 379.460000 194.975000 1.586106 1.568100 3.394125 35.474344 8.956061 -1.868469 1.523756
45 10 Car 0 0 1.792006 349.220000 114.118000 379.460000 194.975000 1.347663 1.625957 4.102767 45.928884 9.233399 -1.914587 1.570759
46 4 Car 0 0 12.080512 349.220000 114.118000 379.460000 194.975000 1.649293 1.669751 3.639134 31.137737 0.910500 -1.826878 -1.596276
46 6 Car 0 0 5.249484 349.220000 114.118000 379.460000 194.975000 1.453033 1.620057 3.772348 14.551725 8.329676 -1.719527 1.563647
46 7 Car 0 0 4.884863 349.220000 114.118000 379.460000 194.975000 1.531311 1.463405 4.179061 23.751525 8.620097 -1.890303 1.554302
46 9 Car 0 0 -4.362629 349.220000 114.118000 379.460000 194.975000 1.586106 1.568100 3.394125 34.143903 8.914307 -1.875563 1.526442
46 10 Car 0 0 1.702395 349.220000 114.118000 379.460000 194.975000 1.347663 1.625957 4.102767 44.995203 9.187573 -1.922993 1.567784
47 4 Car 0 0 12.243561 349.220000 114.118000 379.460000 194.975000 1.649293 1.669751 3.639134 31.435481 0.912658 -1.845378 -1.596183
47 6 Car 0 0 5.309147 349.220000 114.118000 379.460000 194.975000 1.453033 1.620057 3.772348 13.038307 8.319068 -1.733978 1.559761
47 7 Car 0 0 4.914102 349.220000 114.118000 379.460000 194.975000 1.531311 1.463405 4.179061 22.276514 8.562316 -1.892584 1.549614
47 9 Car 0 0 -4.454069 349.220000 114.118000 379.460000 194.975000 1.586106 1.568100 3.394125 32.709083 8.864215 -1.857097 1.527368
47 10 Car 0 0 1.619512 349.220000 114.118000 379.460000 194.975000 1.347663 1.625957 4.102767 44.007063 9.122061 -1.931400 1.564809
48 4 Car 0 0 12.420335 349.220000 114.118000 379.460000 194.975000 1.649293 1.669751 3.639134 31.834933 0.904163 -1.807953 -1.596091
48 6 Car 0 0 5.438988 349.220000 114.118000 379.460000 194.975000 1.453033 1.620057 3.772348 11.567628 8.308970 -1.748430 1.555875
48 7 Car 0 0 4.969062 349.220000 114.118000 379.460000 194.975000 1.531311 1.463405 4.179061 20.861489 8.518267 -1.894865 1.544927
48 9 Car 0 0 -4.638699 349.220000 114.118000 379.460000 194.975000 1.586106 1.568100 3.394125 31.311963 8.816129 -1.838630 1.528295
48 10 Car 0 0 1.597120 349.220000 114.118000 379.460000 194.975000 1.347663 1.625957 4.102767 42.928635 9.057669 -1.924585 1.560280
49 4 Car 0 0 12.573877 349.220000 114.118000 379.460000 194.975000 1.649293 1.669751 3.639134 32.236227 0.888696 -1.770528 -1.595998
49 7 Car 0 0 5.097183 349.220000 114.118000 379.460000 194.975000 1.531311 1.463405 4.179061 19.406462 8.495161 -1.880573 1.545206
49 9 Car 0 0 -4.842722 349.220000 114.118000 379.460000 194.975000 1.586106 1.568100 3.394125 29.871188 8.764071 -1.820164 1.529221
49 10 Car 0 0 1.612770 349.220000 114.118000 379.460000 194.975000 1.347663 1.625957 4.102767 41.774652 8.979239 -1.917771 1.555752
49 6 Car 0 0 5.438988 349.220000 114.118000 379.460000 194.975000 1.453033 1.620057 3.772348 10.647111 8.304722 -1.748430 1.555875
50 4 Car 0 0 12.754292 349.220000 114.118000 379.460000 194.975000 1.649293 1.669751 3.639134 32.553192 0.871766 -1.778143 -1.595906
50 7 Car 0 0 5.327052 349.220000 114.118000 379.460000 194.975000 1.531311 1.463405 4.179061 17.774355 8.454623 -1.866282 1.545485
50 9 Car 0 0 -4.799284 349.220000 114.118000 379.460000 194.975000 1.586106 1.568100 3.394125 28.389005 8.711868 -1.801697 1.530148
50 10 Car 0 0 1.661117 349.220000 114.118000 379.460000 194.975000 1.347663 1.625957 4.102767 40.515240 8.932389 -1.910956 1.551223
51 4 Car 0 0 12.930327 349.220000 114.118000 379.460000 194.975000 1.649293 1.669751 3.639134 32.965115 0.869025 -1.785760 -1.595814
51 7 Car 0 0 5.566020 349.220000 114.118000 379.460000 194.975000 1.531311 1.463405 4.179061 16.185423 8.408393 -1.851990 1.545763
51 9 Car 0 0 -4.820182 349.220000 114.118000 379.460000 194.975000 1.586106 1.568100 3.394125 26.965704 8.656537 -1.783231 1.531074
51 10 Car 0 0 1.774308 349.220000 114.118000 379.460000 194.975000 1.347663 1.625957 4.102767 39.327926 8.867405 -1.904140 1.546695
52 4 Car 0 0 13.043999 349.220000 114.118000 379.460000 194.975000 1.649293 1.669751 3.639134 33.350659 0.872103 -1.876700 -1.595721
52 7 Car 0 0 5.746602 349.220000 114.118000 379.460000 194.975000 1.531311 1.463405 4.179061 14.579139 8.360933 -1.837699 1.546042
52 9 Car 0 0 -4.889454 349.220000 114.118000 379.460000 194.975000 1.586106 1.568100 3.394125 25.507710 8.604151 -1.827648 1.539478
52 10 Car 0 0 1.929186 349.220000 114.118000 379.460000 194.975000 1.347663 1.625957 4.102767 38.121243 8.804983 -1.897326 1.542166
53 4 Car 0 0 13.196169 349.220000 114.118000 379.460000 194.975000 1.649293 1.669751 3.639134 33.652512 0.838886 -1.967641 -1.595629
53 7 Car 0 0 5.726514 349.220000 114.118000 379.460000 194.975000 1.531311 1.463405 4.179061 12.959566 8.304656 -1.823408 1.546321
53 9 Car 0 0 -4.810502 349.220000 114.118000 379.460000 194.975000 1.586106 1.568100 3.394125 23.992724 8.545484 -1.872067 1.547881
53 10 Car 0 0 2.108412 349.220000 114.118000 379.460000 194.975000 1.347663 1.625957 4.102767 36.796738 8.727013 -1.895568 1.545922
54 4 Car 0 0 13.349197 349.220000 114.118000 379.460000 194.975000 1.649293 1.669751 3.639134 34.060878 0.837580 -2.058582 -1.595537
54 7 Car 0 0 5.827640 349.220000 114.118000 379.460000 194.975000 1.531311 1.463405 4.179061 11.367842 8.270770 -1.785929 1.548323
54 9 Car 0 0 -4.804899 349.220000 114.118000 379.460000 194.975000 1.586106 1.568100 3.394125 22.545685 8.483356 -1.916484 1.556285
54 10 Car 0 0 2.341713 349.220000 114.118000 379.460000 194.975000 1.347663 1.625957 4.102767 35.523918 8.655909 -1.893810 1.549679
55 4 Car 0 0 13.533566 349.220000 114.118000 379.460000 194.975000 1.649293 1.669751 3.639134 34.383052 0.778203 -1.991322 -1.595444
55 9 Car 0 0 -4.807014 349.220000 114.118000 379.460000 194.975000 1.586106 1.568100 3.394125 20.988902 8.427536 -1.862141 1.550193
55 10 Car 0 0 2.537415 349.220000 114.118000 379.460000 194.975000 1.347663 1.625957 4.102767 34.127555 8.577615 -1.892052 1.553435
55 7 Car 0 0 5.827640 349.220000 114.118000 379.460000 194.975000 1.531311 1.463405 4.179061 10.276780 8.253543 -1.785929 1.548323
56 4 Car 0 0 13.693017 349.220000 114.118000 379.460000 194.975000 1.649293 1.669751 3.639134 34.803712 0.729430 -1.924062 -1.595352
56 9 Car 0 0 -4.904305 349.220000 114.118000 379.460000 194.975000 1.586106 1.568100 3.394125 19.484166 8.370500 -1.807797 1.544100
56 10 Car 0 0 2.712563 349.220000 114.118000 379.460000 194.975000 1.347663 1.625957 4.102767 32.806460 8.506052 -1.782870 1.557191
57 4 Car 0 0 13.782089 349.220000 114.118000 379.460000 194.975000 1.649293 1.669751 3.639134 35.193794 0.674798 -1.856802 -1.595259
57 9 Car 0 0 -5.047446 349.220000 114.118000 379.460000 194.975000 1.586106 1.568100 3.394125 17.947402 8.323513 -1.753454 1.538008
57 10 Car 0 0 2.866693 349.220000 114.118000 379.460000 194.975000 1.347663 1.625957 4.102767 31.473386 8.434766 -1.673689 1.560947
58 4 Car 0 0 13.926974 349.220000 114.118000 379.460000 194.975000 1.649293 1.669751 3.639134 35.504901 0.596068 -1.789541 -1.595167
58 9 Car 0 0 -5.167515 349.220000 114.118000 379.460000 194.975000 1.586106 1.568100 3.394125 16.292868 8.283627 -1.755344 1.541472
58 10 Car 0 0 2.799093 349.220000 114.118000 379.460000 194.975000 1.347663 1.625957 4.102767 30.126089 8.356702 -1.646579 1.564704
59 4 Car 0 0 14.052481 349.220000 114.118000 379.460000 194.975000 1.649293 1.669751 3.639134 35.919317 0.541886 -1.722282 -1.595075
59 9 Car 0 0 -5.321242 349.220000 114.118000 379.460000 194.975000 1.586106 1.568100 3.394125 14.713559 8.244673 -1.757235 1.544936
59 10 Car 0 0 2.813144 349.220000 114.118000 379.460000 194.975000 1.347663 1.625957 4.102767 28.840787 8.273757 -1.619468 1.568460
60 4 Car 0 0 14.127564 349.220000 114.118000 379.460000 194.975000 1.649293 1.669751 3.639134 36.313290 0.483682 -1.787043 -1.594982
60 9 Car 0 0 -5.485232 349.220000 114.118000 379.460000 194.975000 1.586106 1.568100 3.394125 13.105605 8.205520 -1.759125 1.548399
60 10 Car 0 0 2.878528 349.220000 114.118000 379.460000 194.975000 1.347663 1.625957 4.102767 27.531632 8.194985 -1.689057 1.572216
61 4 Car 0 0 14.266084 349.220000 114.118000 379.460000 194.975000 1.649293 1.669751 3.639134 36.628413 0.391531 -1.851803 -1.594890
61 9 Car 0 0 -5.467631 349.220000 114.118000 379.460000 194.975000 1.586106 1.568100 3.394125 11.451326 8.156225 -1.761015 1.551863
61 10 Car 0 0 3.056576 349.220000 114.118000 379.460000 194.975000 1.347663 1.625957 4.102767 26.058458 8.112787 -1.758644 1.575973
62 4 Car 0 0 14.393866 349.220000 114.118000 379.460000 194.975000 1.649293 1.669751 3.639134 37.057629 0.333647 -1.916564 -1.594797
62 10 Car 0 0 3.453302 349.220000 114.118000 379.460000 194.975000 1.347663 1.625957 4.102767 24.539238 8.040832 -1.828232 1.579729
62 9 Car 0 0 -5.467631 349.220000 114.118000 379.460000 194.975000 1.586106 1.568100 3.394125 10.423788 8.127957 -1.761015 1.551863
63 4 Car 0 0 14.446723 349.220000 114.118000 379.460000 194.975000 1.649293 1.669751 3.639134 37.457231 0.295956 -1.734460 -1.594705
63 10 Car 0 0 3.992636 349.220000 114.118000 379.460000 194.975000 1.347663 1.625957 4.102767 22.854087 7.978155 -1.724069 1.590249
64 4 Car 0 0 14.571666 349.220000 114.118000 379.460000 194.975000 1.649293 1.669751 3.639134 37.776805 0.237886 -1.552356 -1.594613
64 10 Car 0 0 4.308904 349.220000 114.118000 379.460000 194.975000 1.347663 1.625957 4.102767 21.112025 7.915996 -1.619906 1.600769
65 4 Car 0 0 14.681393 349.220000 114.118000 379.460000 194.975000 1.649293 1.669751 3.639134 38.206894 0.207154 -1.388908 -1.594520
65 10 Car 0 0 4.512649 349.220000 114.118000 379.460000 194.975000 1.347663 1.625957 4.102767 19.497605 7.859076 -1.515745 1.611290
66 4 Car 0 0 14.720699 349.220000 114.118000 379.460000 194.975000 1.649293 1.669751 3.639134 38.611900 0.207490 -1.459834 -1.594428
66 10 Car 0 0 4.673514 349.220000 114.118000 379.460000 194.975000 1.347663 1.625957 4.102767 17.890072 7.860617 -1.623775 1.610783
67 4 Car 0 0 14.834888 349.220000 114.118000 379.460000 194.975000 1.649293 1.669751 3.639134 38.941314 0.200761 -1.675208 -1.594336
67 10 Car 0 0 4.690932 349.220000 114.118000 379.460000 194.975000 1.347663 1.625957 4.102767 16.251316 7.872415 -1.731805 1.610276
68 4 Car 0 0 14.913450 349.220000 114.118000 379.460000 194.975000 1.649293 1.669751 3.639134 39.371574 0.220824 -1.890581 -1.594243
68 10 Car 0 0 4.786174 349.220000 114.118000 379.460000 194.975000 1.347663 1.625957 4.102767 14.674353 7.890816 -1.839836 1.609769
69 4 Car 0 0 15.039582 349.220000 114.118000 379.460000 194.975000 1.649293 1.669751 3.639134 39.713566 0.240647 -1.906278 -1.594151
69 10 Car 0 0 4.828142 349.220000 114.118000 379.460000 194.975000 1.347663 1.625957 4.102767 12.992971 7.897671 -1.801547 1.627921
70 4 Car 0 0 15.103278 349.220000 114.118000 379.460000 194.975000 1.649293 1.669751 3.639134 40.146617 0.299002 -1.825925 -1.594058
70 10 Car 0 0 4.979105 349.220000 114.118000 379.460000 194.975000 1.347663 1.625957 4.102767 11.373643 7.919602 -1.776232 1.601575
71 4 Car 0 0 15.091506 349.220000 114.118000 379.460000 194.975000 1.649293 1.669751 3.639134 40.546772 0.351568 -1.745571 -1.593966
71 10 Car 0 0 4.979105 349.220000 114.118000 379.460000 194.975000 1.347663 1.625957 4.102767 10.272956 7.937958 -1.776232 1.601575
72 4 Car 0 0 15.188851 349.220000 114.118000 379.460000 194.975000 1.649293 1.669751 3.639134 40.877773 0.405791 -1.762575 -1.593874
73 4 Car 0 0 15.230837 349.220000 114.118000 379.460000 194.975000 1.649293 1.669751 3.639134 41.303195 0.464814 -1.779578 -1.593781
74 4 Car 0 0 15.218664 349.220000 114.118000 379.460000 194.975000 1.649293 1.669751 3.639134 41.700822 0.526599 -1.796581 -1.593689
75 4 Car 0 0 15.291362 349.220000 114.118000 379.460000 194.975000 1.649293 1.669751 3.639134 42.014341 0.609894 -1.784880 -1.593606
76 4 Car 0 0 15.260696 349.220000 114.118000 379.460000 194.975000 1.649293 1.669751 3.639134 42.395659 0.699693 -1.773179 -1.593523
77 4 Car 0 0 15.208937 349.220000 114.118000 379.460000 194.975000 1.649293 1.669751 3.639134 42.753431 0.790591 -1.594828 -1.593440
78 4 Car 0 0 15.282807 349.220000 114.118000 379.460000 194.975000 1.649293 1.669751 3.639134 43.045724 0.890305 -1.416477 -1.593356
79 4 Car 0 0 15.296973 349.220000 114.118000 379.460000 194.975000 1.649293 1.669751 3.639134 43.420485 0.970439 -1.238126 -1.593273
80 4 Car 0 0 15.274294 349.220000 114.118000 379.460000 194.975000 1.649293 1.669751 3.639134 43.770983 1.057935 -1.275845 -1.593190
81 4 Car 0 0 15.365940 349.220000 114.118000 379.460000 194.975000 1.649293 1.669751 3.639134 44.047551 1.132158 -1.313564 -1.593107
82 4 Car 0 0 15.418435 349.220000 114.118000 379.460000 194.975000 1.649293 1.669751 3.639134 44.427362 1.216710 -1.351283 -1.593024
83 4 Car 0 0 15.526744 349.220000 114.118000 379.460000 194.975000 1.649293 1.669751 3.639134 44.712724 1.226904 -1.497423 -1.592941
84 4 Car 0 0 15.601507 349.220000 114.118000 379.460000 194.975000 1.649293 1.669751 3.639134 45.103553 1.227279 -1.643562 -1.592858
85 4 Car 0 0 15.490735 349.220000 114.118000 379.460000 194.975000 1.649293 1.669751 3.639134 45.403727 1.207414 -1.696555 -1.592767
86 4 Car 0 0 15.436429 349.220000 114.118000 379.460000 194.975000 1.649293 1.669751 3.639134 45.586039 1.243376 -1.749548 -1.592677
87 4 Car 0 0 15.340215 349.220000 114.118000 379.460000 194.975000 1.649293 1.669751 3.639134 45.851676 1.263684 -1.802541 -1.592587
88 4 Car 0 0 15.242348 349.220000 114.118000 379.460000 194.975000 1.649293 1.669751 3.639134 46.085488 1.282604 -1.855534 -1.592497
89 4 Car 0 0 15.259559 349.220000 114.118000 379.460000 194.975000 1.649293 1.669751 3.639134 46.253148 1.285514 -1.908527 -1.592406
90 4 Car 0 0 15.218745 349.220000 114.118000 379.460000 194.975000 1.649293 1.669751 3.639134 46.500601 1.275570 -1.967524 -1.592316
91 4 Car 0 0 15.168410 349.220000 114.118000 379.460000 194.975000 1.649293 1.669751 3.639134 46.732569 1.261293 -2.026522 -1.592226
92 4 Car 0 0 15.238352 349.220000 114.118000 379.460000 194.975000 1.649293 1.669751 3.639134 46.900464 1.244190 -1.974056 -1.592136
93 4 Car 0 0 15.261835 349.220000 114.118000 379.460000 194.975000 1.649293 1.669751 3.639134 47.161168 1.190886 -1.921591 -1.592046
94 4 Car 0 0 15.253829 349.220000 114.118000 379.460000 194.975000 1.649293 1.669751 3.639134 47.397987 1.151923 -1.869125 -1.591955
95 4 Car 0 0 15.253744 349.220000 114.118000 379.460000 194.975000 1.649293 1.669751 3.639134 47.502655 1.108135 -1.824503 -1.591865
96 4 Car 0 0 15.171908 349.220000 114.118000 379.460000 194.975000 1.649293 1.669751 3.639134 47.687427 1.064098 -1.779881 -1.591775
97 4 Car 0 0 15.032621 349.220000 114.118000 379.460000 194.975000 1.649293 1.669751 3.639134 47.818453 1.054083 -1.735258 -1.591685
98 4 Car 0 0 14.981556 349.220000 114.118000 379.460000 194.975000 1.649293 1.669751 3.639134 47.831869 1.008390 -1.690635 -1.591594
99 4 Car 0 0 14.915023 349.220000 114.118000 379.460000 194.975000 1.649293 1.669751 3.639134 47.954245 0.977761 -1.646013 -1.591504
100 4 Car 0 0 14.960565 349.220000 114.118000 379.460000 194.975000 1.649293 1.669751 3.639134 48.016322 0.934698 -1.588059 -1.591414
101 4 Car 0 0 14.927057 349.220000 114.118000 379.460000 194.975000 1.649293 1.669751 3.639134 48.155695 0.875634 -1.530103 -1.591324
102 4 Car 0 0 14.865941 349.220000 114.118000 379.460000 194.975000 1.649293 1.669751 3.639134 48.279104 0.835308 -1.472149 -1.591234
103 4 Car 0 0 14.925842 349.220000 114.118000 379.460000 194.975000 1.649293 1.669751 3.639134 48.333268 0.802185 -1.414195 -1.591143
104 4 Car 0 0 14.900273 349.220000 114.118000 379.460000 194.975000 1.649293 1.669751 3.639134 48.471447 0.746742 -1.356239 -1.591053
105 4 Car 0 0 14.807499 349.220000 114.118000 379.460000 194.975000 1.649293 1.669751 3.639134 48.581307 0.732490 -1.367890 -1.590963
106 4 Car 0 0 14.732209 349.220000 114.118000 379.460000 194.975000 1.649293 1.669751 3.639134 48.550111 0.720217 -1.379540 -1.590873
107 4 Car 0 0 14.635414 349.220000 114.118000 379.460000 194.975000 1.649293 1.669751 3.639134 48.623663 0.733655 -1.391190 -1.590782
108 4 Car 0 0 14.524797 349.220000 114.118000 379.460000 194.975000 1.649293 1.669751 3.639134 48.664104 0.765621 -1.442656 -1.590692
109 4 Car 0 0 14.519619 349.220000 114.118000 379.460000 194.975000 1.649293 1.669751 3.639134 48.632757 0.772583 -1.494121 -1.590602
110 4 Car 0 0 14.465701 349.220000 114.118000 379.460000 194.975000 1.649293 1.669751 3.639134 48.692809 0.789064 -1.618693 -1.590512
111 4 Car 0 0 14.400052 349.220000 114.118000 379.460000 194.975000 1.649293 1.669751 3.639134 48.737309 0.810727 -1.743264 -1.590421
112 4 Car 0 0 14.422892 349.220000 114.118000 379.460000 194.975000 1.649293 1.669751 3.639134 48.721665 0.815123 -1.867835 -1.590331
113 4 Car 0 0 14.371728 349.220000 114.118000 379.460000 194.975000 1.649293 1.669751 3.639134 48.786932 0.816843 -1.784094 -1.590241
113 11 Car 0 0 13.780713 349.220000 114.118000 379.460000 194.975000 1.668790 1.719386 4.016773 52.394247 9.689054 -1.924362 1.552536
114 4 Car 0 0 14.296588 349.220000 114.118000 379.460000 194.975000 1.649293 1.669751 3.639134 48.835392 0.836951 -1.700353 -1.590151
114 11 Car 0 0 13.931284 349.220000 114.118000 379.460000 194.975000 1.668790 1.719386 4.016773 49.637800 9.609582 -1.862557 1.553132
115 4 Car 0 0 14.290753 349.220000 114.118000 379.460000 194.975000 1.649293 1.669751 3.639134 48.791236 0.819839 -1.741383 -1.590061
115 11 Car 0 0 14.190902 349.220000 114.118000 379.460000 194.975000 1.668790 1.719386 4.016773 46.639512 9.518012 -1.800752 1.553728
116 4 Car 0 0 14.208764 349.220000 114.118000 379.460000 194.975000 1.649293 1.669751 3.639134 48.842182 0.822661 -1.782412 -1.589970
116 11 Car 0 0 14.534287 349.220000 114.118000 379.460000 194.975000 1.668790 1.719386 4.016773 43.747006 9.415656 -1.833980 1.546923
117 4 Car 0 0 14.180714 349.220000 114.118000 379.460000 194.975000 1.649293 1.669751 3.639134 48.778375 0.797705 -1.823442 -1.589880
117 11 Car 0 0 14.690743 349.220000 114.118000 379.460000 194.975000 1.668790 1.719386 4.016773 40.824857 9.300201 -1.867209 1.540119
118 4 Car 0 0 14.108897 349.220000 114.118000 379.460000 194.975000 1.649293 1.669751 3.639134 48.808427 0.794293 -1.676662 -1.589790
118 11 Car 0 0 14.982108 349.220000 114.118000 379.460000 194.975000 1.668790 1.719386 4.016773 37.983140 9.211290 -1.768661 1.533314
119 4 Car 0 0 14.015399 349.220000 114.118000 379.460000 194.975000 1.649293 1.669751 3.639134 48.811766 0.787062 -1.529881 -1.589700
119 11 Car 0 0 15.434546 349.220000 114.118000 379.460000 194.975000 1.668790 1.719386 4.016773 35.063280 9.119153 -1.678579 1.546625
120 4 Car 0 0 14.018194 349.220000 114.118000 379.460000 194.975000 1.649293 1.669751 3.639134 48.743511 0.738905 -1.534534 -1.589609
120 11 Car 0 0 16.071951 349.220000 114.118000 379.460000 194.975000 1.668790 1.719386 4.016773 31.865431 9.004662 -1.588499 1.559936
121 4 Car 0 0 13.958870 349.220000 114.118000 379.460000 194.975000 1.649293 1.669751 3.639134 48.764853 0.706997 -1.539188 -1.589519
121 11 Car 0 0 16.365117 349.220000 114.118000 379.460000 194.975000 1.668790 1.719386 4.016773 28.830918 8.913983 -1.659688 1.555696
122 4 Car 0 0 13.890309 349.220000 114.118000 379.460000 194.975000 1.649293 1.669751 3.639134 48.764626 0.679949 -1.543840 -1.589429
122 11 Car 0 0 16.418883 349.220000 114.118000 379.460000 194.975000 1.668790 1.719386 4.016773 25.862612 8.831510 -1.730877 1.551456
123 4 Car 0 0 13.930435 349.220000 114.118000 379.460000 194.975000 1.649293 1.669751 3.639134 48.704689 0.635749 -1.548494 -1.589339
123 11 Car 0 0 16.312880 349.220000 114.118000 379.460000 194.975000 1.668790 1.719386 4.016773 22.836504 8.769130 -1.718056 1.547216
124 4 Car 0 0 13.894812 349.220000 114.118000 379.460000 194.975000 1.649293 1.669751 3.639134 48.724995 0.589997 -1.553147 -1.589248
124 11 Car 0 0 16.370499 349.220000 114.118000 379.460000 194.975000 1.668790 1.719386 4.016773 19.867591 8.711528 -1.705236 1.542975
125 4 Car 0 0 13.826729 349.220000 114.118000 379.460000 194.975000 1.649293 1.669751 3.639134 48.720315 0.559788 -1.521033 -1.589158
125 11 Car 0 0 16.471394 349.220000 114.118000 379.460000 194.975000 1.668790 1.719386 4.016773 16.868558 8.673445 -1.716340 1.538735
126 4 Car 0 0 13.872508 349.220000 114.118000 379.460000 194.975000 1.649293 1.669751 3.639134 48.644754 0.525676 -1.488919 -1.589068
126 11 Car 0 0 16.422129 349.220000 114.118000 379.460000 194.975000 1.668790 1.719386 4.016773 13.795390 8.641429 -1.727445 1.534495
127 4 Car 0 0 13.829398 349.220000 114.118000 379.460000 194.975000 1.649293 1.669751 3.639134 48.649899 0.479816 -1.456804 -1.588978
127 11 Car 0 0 16.422129 349.220000 114.118000 379.460000 194.975000 1.668790 1.719386 4.016773 12.467718 8.630176 -1.727445 1.534495
128 4 Car 0 0 13.764667 349.220000 114.118000 379.460000 194.975000 1.649293 1.669751 3.639134 48.634206 0.445395 -1.424689 -1.588888
129 4 Car 0 0 13.844345 349.220000 114.118000 379.460000 194.975000 1.649293 1.669751 3.639134 48.551352 0.423066 -1.421752 -1.588797
130 4 Car 0 0 13.828902 349.220000 114.118000 379.460000 194.975000 1.649293 1.669751 3.639134 48.560908 0.375898 -1.418813 -1.588707
131 4 Car 0 0 13.780500 349.220000 114.118000 379.460000 194.975000 1.649293 1.669751 3.639134 48.549877 0.355989 -1.595437 -1.588617
132 4 Car 0 0 13.861050 349.220000 114.118000 379.460000 194.975000 1.649293 1.669751 3.639134 48.464723 0.354637 -1.772060 -1.588527
133 4 Car 0 0 13.871557 349.220000 114.118000 379.460000 194.975000 1.649293 1.669751 3.639134 48.474114 0.347616 -1.815752 -1.588436
134 4 Car 0 0 13.972468 349.220000 114.118000 379.460000 194.975000 1.649293 1.669751 3.639134 48.388185 0.341687 -1.859443 -1.588346
134 12 Car 0 0 13.839333 349.220000 114.118000 379.460000 194.975000 1.433953 1.628071 4.307456 55.587058 9.906317 -2.002583 1.514916
135 4 Car 0 0 13.944093 349.220000 114.118000 379.460000 194.975000 1.649293 1.669751 3.639134 48.384538 0.361461 -1.831050 -1.588910
135 12 Car 0 0 13.939118 349.220000 114.118000 379.460000 194.975000 1.433953 1.628071 4.307456 52.919475 9.823831 -1.973378 1.517507
136 4 Car 0 0 13.861631 349.220000 114.118000 379.460000 194.975000 1.649293 1.669751 3.639134 48.344705 0.390579 -1.802657 -1.589474
136 12 Car 0 0 14.243495 349.220000 114.118000 379.460000 194.975000 1.433953 1.628071 4.307456 50.024888 9.777887 -1.917595 1.520099
137 4 Car 0 0 13.918638 349.220000 114.118000 379.460000 194.975000 1.649293 1.669751 3.639134 48.225272 0.441736 -1.774264 -1.590039
137 12 Car 0 0 14.441113 349.220000 114.118000 379.460000 194.975000 1.433953 1.628071 4.307456 47.038075 9.725253 -1.861811 1.522691
138 4 Car 0 0 13.876543 349.220000 114.118000 379.460000 194.975000 1.649293 1.669751 3.639134 48.189476 0.469590 -1.745871 -1.590603
138 12 Car 0 0 14.707636 349.220000 114.118000 379.460000 194.975000 1.433953 1.628071 4.307456 44.163398 9.649745 -1.858371 1.523084
139 4 Car 0 0 13.817356 349.220000 114.118000 379.460000 194.975000 1.649293 1.669751 3.639134 48.133410 0.507041 -1.717477 -1.591167
139 12 Car 0 0 14.915140 349.220000 114.118000 379.460000 194.975000 1.433953 1.628071 4.307456 41.279680 9.570142 -1.726644 1.523476
140 4 Car 0 0 13.875115 349.220000 114.118000 379.460000 194.975000 1.649293 1.669751 3.639134 48.011711 0.529826 -1.555474 -1.591731
140 12 Car 0 0 14.666891 349.220000 114.118000 379.460000 194.975000 1.433953 1.628071 4.307456 38.357661 9.495196 -1.594916 1.523868
141 4 Car 0 0 13.840401 349.220000 114.118000 379.460000 194.975000 1.649293 1.669751 3.639134 47.976900 0.518634 -1.393470 -1.592295
141 12 Car 0 0 14.711227 349.220000 114.118000 379.460000 194.975000 1.433953 1.628071 4.307456 35.512402 9.407039 -1.577522 1.524261
142 4 Car 0 0 13.770626 349.220000 114.118000 379.460000 194.975000 1.649293 1.669751 3.639134 47.930016 0.531558 -1.398289 -1.592859
142 12 Car 0 0 14.800343 349.220000 114.118000 379.460000 194.975000 1.433953 1.628071 4.307456 32.646718 9.327226 -1.560129 1.524653
143 4 Car 0 0 13.818749 349.220000 114.118000 379.460000 194.975000 1.649293 1.669751 3.639134 47.810906 0.557329 -1.403107 -1.593423
143 12 Car 0 0 14.627603 349.220000 114.118000 379.460000 194.975000 1.433953 1.628071 4.307456 29.734024 9.279104 -1.621725 1.525153
144 4 Car 0 0 13.777336 349.220000 114.118000 379.460000 194.975000 1.649293 1.669751 3.639134 47.773659 0.566580 -1.407926 -1.593988
144 12 Car 0 0 14.504015 349.220000 114.118000 379.460000 194.975000 1.433953 1.628071 4.307456 26.969360 9.219216 -1.683323 1.525652
145 4 Car 0 0 13.720268 349.220000 114.118000 379.460000 194.975000 1.649293 1.669751 3.639134 47.732317 0.571156 -1.513444 -1.593961
145 12 Car 0 0 14.493901 349.220000 114.118000 379.460000 194.975000 1.433953 1.628071 4.307456 24.169389 9.165665 -1.744919 1.526152
146 4 Car 0 0 13.802893 349.220000 114.118000 379.460000 194.975000 1.649293 1.669751 3.639134 47.624909 0.581291 -1.618961 -1.593934
146 12 Car 0 0 14.405318 349.220000 114.118000 379.460000 194.975000 1.433953 1.628071 4.307456 21.291989 9.104152 -1.806517 1.526651
147 4 Car 0 0 13.801823 349.220000 114.118000 379.460000 194.975000 1.649293 1.669751 3.639134 47.615899 0.603275 -1.541975 -1.593908
147 12 Car 0 0 14.367138 349.220000 114.118000 379.460000 194.975000 1.433953 1.628071 4.307456 18.521010 9.063392 -1.868113 1.527151
147 13 Car 0 0 12.642183 349.220000 114.118000 379.460000 194.975000 1.444025 1.616995 4.024262 39.602200 9.406032 -1.761494 1.548535
148 4 Car 0 0 13.886693 349.220000 114.118000 379.460000 194.975000 1.649293 1.669751 3.639134 47.524042 0.639745 -1.340002 -1.593881
148 12 Car 0 0 14.282404 349.220000 114.118000 379.460000 194.975000 1.433953 1.628071 4.307456 15.644697 9.013255 -1.810000 1.527316
148 13 Car 0 0 12.744575 349.220000 114.118000 379.460000 194.975000 1.444025 1.616995 4.024262 36.914843 9.387045 -1.534631 1.548979
149 4 Car 0 0 13.876769 349.220000 114.118000 379.460000 194.975000 1.649293 1.669751 3.639134 47.523918 0.670466 -1.138027 -1.593854
149 12 Car 0 0 14.271039 349.220000 114.118000 379.460000 194.975000 1.433953 1.628071 4.307456 12.868245 8.987077 -1.751887 1.527481
149 13 Car 0 0 13.040882 349.220000 114.118000 379.460000 194.975000 1.444025 1.616995 4.024262 34.168559 9.301971 -1.462196 1.549424
150 4 Car 0 0 13.811212 349.220000 114.118000 379.460000 194.975000 1.649293 1.669751 3.639134 47.501781 0.675073 -1.213383 -1.593827
150 13 Car 0 0 13.431301 349.220000 114.118000 379.460000 194.975000 1.444025 1.616995 4.024262 31.387145 9.226112 -1.547998 1.549868
150 12 Car 0 0 14.271039 349.220000 114.118000 379.460000 194.975000 1.433953 1.628071 4.307456 11.512387 8.994131 -1.751887 1.527481
151 4 Car 0 0 13.868498 349.220000 114.118000 379.460000 194.975000 1.649293 1.669751 3.639134 47.409050 0.692537 -1.288740 -1.593801
151 13 Car 0 0 13.405057 349.220000 114.118000 379.460000 194.975000 1.444025 1.616995 4.024262 28.602758 9.162900 -1.640295 1.545973
151 14 Car 0 0 12.423364 349.220000 114.118000 379.460000 194.975000 1.678526 1.665997 3.871422 51.819292 10.446905 -1.547722 1.494190
152 4 Car 0 0 13.822632 349.220000 114.118000 379.460000 194.975000 1.649293 1.669751 3.639134 47.397076 0.654039 -1.337939 -1.593774
152 13 Car 0 0 13.578242 349.220000 114.118000 379.460000 194.975000 1.444025 1.616995 4.024262 25.896800 9.101834 -1.732592 1.542078
152 14 Car 0 0 12.532267 349.220000 114.118000 379.460000 194.975000 1.678526 1.665997 3.871422 49.311490 10.285965 -1.684817 1.496317
153 4 Car 0 0 13.745972 349.220000 114.118000 379.460000 194.975000 1.649293 1.669751 3.639134 47.370419 0.605011 -1.500561 -1.593747
153 13 Car 0 0 13.755216 349.220000 114.118000 379.460000 194.975000 1.444025 1.616995 4.024262 23.178241 9.043156 -1.824890 1.538183
153 14 Car 0 0 12.740269 349.220000 114.118000 379.460000 194.975000 1.678526 1.665997 3.871422 46.688188 10.122281 -1.821912 1.498444
154 4 Car 0 0 13.796938 349.220000 114.118000 379.460000 194.975000 1.649293 1.669751 3.639134 47.272664 0.570625 -1.663182 -1.593721
154 13 Car 0 0 13.548486 349.220000 114.118000 379.460000 194.975000 1.444025 1.616995 4.024262 20.409562 8.995691 -1.917187 1.534288
154 14 Car 0 0 12.597475 349.220000 114.118000 379.460000 194.975000 1.678526 1.665997 3.871422 44.046840 9.966414 -1.959008 1.500571
155 4 Car 0 0 13.776590 349.220000 114.118000 379.460000 194.975000 1.649293 1.669751 3.639134 47.276191 0.545644 -1.613572 -1.593694
155 13 Car 0 0 13.719500 349.220000 114.118000 379.460000 194.975000 1.444025 1.616995 4.024262 17.660014 8.929116 -1.890591 1.519965
155 14 Car 0 0 12.623738 349.220000 114.118000 379.460000 194.975000 1.678526 1.665997 3.871422 41.469987 9.845674 -1.882557 1.502698
155 15 Car 0 0 0.934144 349.220000 114.118000 379.460000 194.975000 1.614177 1.514559 4.500000 62.269287 4.078181 -1.763794 -1.592182
156 4 Car 0 0 13.729853 349.220000 114.118000 379.460000 194.975000 1.649293 1.669751 3.639134 47.271480 0.528867 -1.563963 -1.593667
156 13 Car 0 0 13.811812 349.220000 114.118000 379.460000 194.975000 1.444025 1.616995 4.024262 14.920420 8.906225 -1.870057 1.531491
156 14 Car 0 0 12.684226 349.220000 114.118000 379.460000 194.975000 1.678526 1.665997 3.871422 38.883244 9.729328 -1.806106 1.504825
156 15 Car 0 0 0.436895 349.220000 114.118000 379.460000 194.975000 1.614177 1.514559 4.500000 60.913404 3.998330 -1.624504 -1.591326
157 4 Car 0 0 13.816604 349.220000 114.118000 379.460000 194.975000 1.649293 1.669751 3.639134 47.192334 0.522444 -1.514352 -1.593641
157 13 Car 0 0 13.659531 349.220000 114.118000 379.460000 194.975000 1.444025 1.616995 4.024262 12.156593 8.883654 -1.833350 1.533042
157 14 Car 0 0 12.416699 349.220000 114.118000 379.460000 194.975000 1.678526 1.665997 3.871422 36.243003 9.615647 -1.729655 1.506952
157 15 Car 0 0 0.598101 349.220000 114.118000 379.460000 194.975000 1.614177 1.514559 4.500000 59.494616 3.912102 -1.485213 -1.590469
158 4 Car 0 0 13.817894 349.220000 114.118000 379.460000 194.975000 1.649293 1.669751 3.639134 47.217261 0.497938 -1.584946 -1.593614
158 14 Car 0 0 12.387827 349.220000 114.118000 379.460000 194.975000 1.678526 1.665997 3.871422 33.697428 9.506755 -1.760080 1.509079
158 15 Car 0 0 0.415183 349.220000 114.118000 379.460000 194.975000 1.614177 1.514559 4.500000 58.137212 3.833633 -1.576051 -1.589613
158 13 Car 0 0 13.659531 349.220000 114.118000 379.460000 194.975000 1.444025 1.616995 4.024262 10.824435 8.886637 -1.833350 1.533042
159 4 Car 0 0 13.913298 349.220000 114.118000 379.460000 194.975000 1.649293 1.669751 3.639134 47.155474 0.484240 -1.655540 -1.593587
159 14 Car 0 0 12.234589 349.220000 114.118000 379.460000 194.975000 1.678526 1.665997 3.871422 31.070721 9.401273 -1.790504 1.511206
159 15 Car 0 0 0.548109 349.220000 114.118000 379.460000 194.975000 1.614177 1.514559 4.500000 56.719536 3.756959 -1.666889 -1.588756
160 4 Car 0 0 13.895715 349.220000 114.118000 379.460000 194.975000 1.649293 1.669751 3.639134 47.186534 0.486842 -1.659832 -1.593560
160 14 Car 0 0 12.324073 349.220000 114.118000 379.460000 194.975000 1.678526 1.665997 3.871422 28.490739 9.327816 -1.793295 1.518432
160 15 Car 0 0 0.425827 349.220000 114.118000 379.460000 194.975000 1.614177 1.514559 4.500000 55.371477 3.704656 -1.657170 -1.587900
161 4 Car 0 0 13.826585 349.220000 114.118000 379.460000 194.975000 1.649293 1.669751 3.639134 47.194642 0.494526 -1.664126 -1.593534
161 14 Car 0 0 12.455604 349.220000 114.118000 379.460000 194.975000 1.678526 1.665997 3.871422 25.877345 9.276850 -1.796086 1.525659
161 15 Car 0 0 0.283848 349.220000 114.118000 379.460000 194.975000 1.614177 1.514559 4.500000 54.004806 3.658774 -1.647451 -1.587043
162 4 Car 0 0 13.882701 349.220000 114.118000 379.460000 194.975000 1.649293 1.669751 3.639134 47.129031 0.521688 -1.668418 -1.593507
162 14 Car 0 0 12.456164 349.220000 114.118000 379.460000 194.975000 1.678526 1.665997 3.871422 23.185343 9.239174 -1.798877 1.532885
162 15 Car 0 0 0.334432 349.220000 114.118000 379.460000 194.975000 1.614177 1.514559 4.500000 52.572568 3.610510 -1.637733 -1.586186
163 4 Car 0 0 13.836421 349.220000 114.118000 379.460000 194.975000 1.649293 1.669751 3.639134 47.145741 0.522630 -1.687185 -1.593480
163 14 Car 0 0 12.541920 349.220000 114.118000 379.460000 194.975000 1.678526 1.665997 3.871422 20.577591 9.189963 -1.801668 1.540112
163 15 Car 0 0 0.223633 349.220000 114.118000 379.460000 194.975000 1.614177 1.514559 4.500000 51.225427 3.577992 -1.616009 -1.585330
164 4 Car 0 0 13.762764 349.220000 114.118000 379.460000 194.975000 1.649293 1.669751 3.639134 47.148847 0.544957 -1.530848 -1.593454
164 14 Car 0 0 12.643636 349.220000 114.118000 379.460000 194.975000 1.678526 1.665997 3.871422 17.955066 9.158197 -1.755868 1.540760
164 15 Car 0 0 0.077592 349.220000 114.118000 379.460000 194.975000 1.614177 1.514559 4.500000 49.862164 3.548070 -1.442363 -1.584473
165 4 Car 0 0 13.815532 349.220000 114.118000 379.460000 194.975000 1.649293 1.669751 3.639134 47.090569 0.597612 -1.306035 -1.593427
165 14 Car 0 0 12.602312 349.220000 114.118000 379.460000 194.975000 1.678526 1.665997 3.871422 15.274024 9.126836 -1.710070 1.541409
165 15 Car 0 0 0.110733 349.220000 114.118000 379.460000 194.975000 1.614177 1.514559 4.500000 48.422654 3.520614 -1.268716 -1.583617
166 4 Car 0 0 13.788722 349.220000 114.118000 379.460000 194.975000 1.649293 1.669751 3.639134 47.116378 0.638248 -1.237123 -1.593400
166 14 Car 0 0 12.682929 349.220000 114.118000 379.460000 194.975000 1.678526 1.665997 3.871422 12.647955 9.083811 -1.660905 1.541881
166 15 Car 0 0 0.023426 349.220000 114.118000 379.460000 194.975000 1.614177 1.514559 4.500000 47.068678 3.507911 -1.208449 -1.582760
167 4 Car 0 0 13.735932 349.220000 114.118000 379.460000 194.975000 1.649293 1.669751 3.639134 47.128645 0.692695 -1.358322 -1.593374
167 15 Car 0 0 -0.082455 349.220000 114.118000 379.460000 194.975000 1.614177 1.514559 4.500000 45.698448 3.497014 -1.360874 -1.581903
167 14 Car 0 0 12.682929 349.220000 114.118000 379.460000 194.975000 1.678526 1.665997 3.871422 11.325940 9.088934 -1.660905 1.541881
168 4 Car 0 0 13.794853 349.220000 114.118000 379.460000 194.975000 1.649293 1.669751 3.639134 47.074506 0.757242 -1.479520 -1.593347
168 15 Car 0 0 -0.020126 349.220000 114.118000 379.460000 194.975000 1.614177 1.514559 4.500000 44.260852 3.484789 -1.513299 -1.581047
169 4 Car 0 0 13.765185 349.220000 114.118000 379.460000 194.975000 1.649293 1.669751 3.639134 47.108607 0.789475 -1.600719 -1.593320
169 15 Car 0 0 -0.098110 349.220000 114.118000 379.460000 194.975000 1.614177 1.514559 4.500000 42.913982 3.463934 -1.620447 -1.580837
169 16 Car 0 0 10.339154 349.220000 114.118000 379.460000 194.975000 1.489168 1.668111 4.304060 57.702605 10.976076 -1.798554 1.497186
170 4 Car 0 0 13.714850 349.220000 114.118000 379.460000 194.975000 1.649293 1.669751 3.639134 47.122092 0.838342 -1.591948 -1.593293
170 15 Car 0 0 -0.188609 349.220000 114.118000 379.460000 194.975000 1.614177 1.514559 4.500000 41.548036 3.446566 -1.606055 -1.580628
170 16 Car 0 0 10.490233 349.220000 114.118000 379.460000 194.975000 1.489168 1.668111 4.304060 55.345127 10.909593 -1.818379 1.504004
171 4 Car 0 0 13.782739 349.220000 114.118000 379.460000 194.975000 1.649293 1.669751 3.639134 47.065231 0.897790 -1.480868 -1.593267
171 15 Car 0 0 -0.133913 349.220000 114.118000 379.460000 194.975000 1.614177 1.514559 4.500000 40.113949 3.441513 -1.568326 -1.580418
171 16 Car 0 0 10.698356 349.220000 114.118000 379.460000 194.975000 1.489168 1.668111 4.304060 52.799512 10.870190 -1.702338 1.510822
172 4 Car 0 0 13.769382 349.220000 114.118000 379.460000 194.975000 1.649293 1.669751 3.639134 47.098957 0.928179 -1.369788 -1.593240
172 15 Car 0 0 -0.180842 349.220000 114.118000 379.460000 194.975000 1.614177 1.514559 4.500000 38.763513 3.433526 -1.530597 -1.580209
172 16 Car 0 0 11.037834 349.220000 114.118000 379.460000 194.975000 1.489168 1.668111 4.304060 50.319264 10.845721 -1.586297 1.517641
173 4 Car 0 0 13.732107 349.220000 114.118000 379.460000 194.975000 1.649293 1.669751 3.639134 47.111906 0.983254 -1.398503 -1.593213
173 15 Car 0 0 -0.262803 349.220000 114.118000 379.460000 194.975000 1.614177 1.514559 4.500000 37.401258 3.432365 -1.492868 -1.580000
173 16 Car 0 0 11.454693 349.220000 114.118000 379.460000 194.975000 1.489168 1.668111 4.304060 47.785255 10.827288 -1.637847 1.517762
174 4 Car 0 0 13.794971 349.220000 114.118000 379.460000 194.975000 1.649293 1.669751 3.639134 47.056424 1.054391 -1.427218 -1.593187
174 15 Car 0 0 -0.141880 349.220000 114.118000 379.460000 194.975000 1.614177 1.514559 4.500000 35.952635 3.436674 -1.550901 -1.579790
174 16 Car 0 0 11.474269 349.220000 114.118000 379.460000 194.975000 1.489168 1.668111 4.304060 45.195401 10.800639 -1.689397 1.517883
175 4 Car 0 0 13.796256 349.220000 114.118000 379.460000 194.975000 1.649293 1.669751 3.639134 47.087055 1.079327 -1.541346 -1.593160
175 15 Car 0 0 -0.151074 349.220000 114.118000 379.460000 194.975000 1.614177 1.514559 4.500000 34.609433 3.416534 -1.608935 -1.579581
175 16 Car 0 0 11.659836 349.220000 114.118000 379.460000 194.975000 1.489168 1.668111 4.304060 42.680823 10.756773 -1.846549 1.518004
176 4 Car 0 0 13.883622 349.220000 114.118000 379.460000 194.975000 1.649293 1.669751 3.639134 47.036744 1.115741 -1.655472 -1.593133
176 15 Car 0 0 -0.033962 349.220000 114.118000 379.460000 194.975000 1.614177 1.514559 4.500000 33.170849 3.413661 -1.666968 -1.579371
176 16 Car 0 0 11.522531 349.220000 114.118000 379.460000 194.975000 1.489168 1.668111 4.304060 40.110255 10.715055 -2.003700 1.518125
177 4 Car 0 0 13.881620 349.220000 114.118000 379.460000 194.975000 1.649293 1.669751 3.639134 47.074381 1.136699 -1.915344 -1.593107
177 15 Car 0 0 -0.017869 349.220000 114.118000 379.460000 194.975000 1.614177 1.514559 4.500000 31.841724 3.415507 -1.894377 -1.579162
177 16 Car 0 0 11.611432 349.220000 114.118000 379.460000 194.975000 1.489168 1.668111 4.304060 37.603886 10.667716 -2.160853 1.518246
178 4 Car 0 0 13.988133 349.220000 114.118000 379.460000 194.975000 1.649293 1.669751 3.639134 47.023619 1.121827 -2.003686 -1.593080
178 15 Car 0 0 0.080636 349.220000 114.118000 379.460000 194.975000 1.614177 1.514559 4.500000 30.405408 3.393652 -1.918077 -1.578952
178 16 Car 0 0 11.636023 349.220000 114.118000 379.460000 194.975000 1.489168 1.668111 4.304060 34.977521 10.579779 -2.167560 1.519640
179 4 Car 0 0 13.977788 349.220000 114.118000 379.460000 194.975000 1.649293 1.669751 3.639134 47.065953 1.093850 -2.092027 -1.593053
179 15 Car 0 0 0.090215 349.220000 114.118000 379.460000 194.975000 1.614177 1.514559 4.500000 29.071319 3.336839 -1.948352 -1.579617
179 16 Car 0 0 11.753842 349.220000 114.118000 379.460000 194.975000 1.489168 1.668111 4.304060 32.443221 10.487451 -2.174266 1.521034
180 4 Car 0 0 13.919551 349.220000 114.118000 379.460000 194.975000 1.649293 1.669751 3.639134 47.078514 1.070416 -1.931845 -1.593026
180 15 Car 0 0 0.019752 349.220000 114.118000 379.460000 194.975000 1.614177 1.514559 4.500000 27.707915 3.284443 -1.848052 -1.580282
180 16 Car 0 0 11.932530 349.220000 114.118000 379.460000 194.975000 1.489168 1.668111 4.304060 29.847204 10.417867 -2.056457 1.522428
181 4 Car 0 0 13.857623 349.220000 114.118000 379.460000 194.975000 1.649293 1.669751 3.639134 47.079210 1.058257 -1.771665 -1.593000
181 15 Car 0 0 -0.048303 349.220000 114.118000 379.460000 194.975000 1.614177 1.514559 4.500000 26.324896 3.233281 -1.743365 -1.578570
181 16 Car 0 0 12.150375 349.220000 114.118000 379.460000 194.975000 1.489168 1.668111 4.304060 27.204775 10.345553 -1.938647 1.523821
182 4 Car 0 0 13.941258 349.220000 114.118000 379.460000 194.975000 1.649293 1.669751 3.639134 47.020653 1.042214 -1.611484 -1.592973
182 15 Car 0 0 0.032509 349.220000 114.118000 379.460000 194.975000 1.614177 1.514559 4.500000 24.870246 3.180011 -1.638677 -1.576859
182 16 Car 0 0 12.178786 349.220000 114.118000 379.460000 194.975000 1.489168 1.668111 4.304060 24.514973 10.234616 -1.820837 1.525215
183 4 Car 0 0 13.932356 349.220000 114.118000 379.460000 194.975000 1.649293 1.669751 3.639134 47.050392 0.981758 -1.645541 -1.592946
183 15 Car 0 0 -0.004971 349.220000 114.118000 379.460000 194.975000 1.614177 1.514559 4.500000 23.516747 3.117681 -1.671094 -1.582276
183 16 Car 0 0 12.265759 349.220000 114.118000 379.460000 194.975000 1.489168 1.668111 4.304060 21.922848 10.144920 -1.865798 1.525018
183 17 Car 0 0 11.687406 349.220000 114.118000 379.460000 194.975000 1.610415 1.721480 3.647637 41.335292 13.152690 -1.920759 1.539312
184 4 Car 0 0 13.894580 349.220000 114.118000 379.460000 194.975000 1.649293 1.669751 3.639134 47.061982 0.923243 -1.679599 -1.592920
184 15 Car 0 0 -0.070411 349.220000 114.118000 379.460000 194.975000 1.614177 1.514559 4.500000 22.151712 3.064929 -1.656962 -1.580268
184 16 Car 0 0 12.365323 349.220000 114.118000 379.460000 194.975000 1.489168 1.668111 4.304060 19.321988 10.064067 -1.910759 1.524822
184 17 Car 0 0 11.831743 349.220000 114.118000 379.460000 194.975000 1.610415 1.721480 3.647637 38.841100 13.035959 -1.980504 1.541548
185 4 Car 0 0 13.971368 349.220000 114.118000 379.460000 194.975000 1.649293 1.669751 3.639134 46.998082 0.862407 -1.651762 -1.592893
185 15 Car 0 0 0.006814 349.220000 114.118000 379.460000 194.975000 1.614177 1.514559 4.500000 20.704199 3.023525 -1.642832 -1.578260
185 16 Car 0 0 12.328040 349.220000 114.118000 379.460000 194.975000 1.489168 1.668111 4.304060 16.656983 9.975383 -1.955721 1.524625
185 17 Car 0 0 12.045512 349.220000 114.118000 379.460000 194.975000 1.610415 1.721480 3.647637 36.145763 12.939128 -1.976290 1.543784
186 4 Car 0 0 13.958951 349.220000 114.118000 379.460000 194.975000 1.649293 1.669751 3.639134 47.023902 0.774675 -1.623924 -1.592866
186 15 Car 0 0 -0.005244 349.220000 114.118000 379.460000 194.975000 1.614177 1.514559 4.500000 19.359590 2.975827 -1.628701 -1.576252
186 16 Car 0 0 12.427911 349.220000 114.118000 379.460000 194.975000 1.489168 1.668111 4.304060 14.042650 9.903441 -1.903355 1.524428
186 17 Car 0 0 12.389710 349.220000 114.118000 379.460000 194.975000 1.610415 1.721480 3.647637 33.518817 12.849080 -1.972078 1.546020
187 4 Car 0 0 14.052706 349.220000 114.118000 379.460000 194.975000 1.649293 1.669751 3.639134 46.970097 0.723945 -1.522017 -1.592840
187 15 Car 0 0 0.065995 349.220000 114.118000 379.460000 194.975000 1.614177 1.514559 4.500000 17.916887 2.939150 -1.614570 -1.574243
187 17 Car 0 0 12.658395 349.220000 114.118000 379.460000 194.975000 1.610415 1.721480 3.647637 30.757456 12.777124 -1.850402 1.536820
187 16 Car 0 0 12.427911 349.220000 114.118000 379.460000 194.975000 1.489168 1.668111 4.304060 12.575834 9.882444 -1.903355 1.524428
188 4 Car 0 0 14.044235 349.220000 114.118000 379.460000 194.975000 1.649293 1.669751 3.639134 47.002187 0.668572 -1.420110 -1.592813
188 15 Car 0 0 0.114329 349.220000 114.118000 379.460000 194.975000 1.614177 1.514559 4.500000 16.590170 2.904719 -1.628198 -1.572235
188 17 Car 0 0 13.047905 349.220000 114.118000 379.460000 194.975000 1.610415 1.721480 3.647637 28.053619 12.728452 -1.841854 1.527620
189 4 Car 0 0 13.996891 349.220000 114.118000 379.460000 194.975000 1.649293 1.669751 3.639134 47.011243 0.616585 -1.318203 -1.592786
189 15 Car 0 0 0.103267 349.220000 114.118000 379.460000 194.975000 1.614177 1.514559 4.500000 15.236592 2.871380 -1.641826 -1.570227
189 17 Car 0 0 13.411622 349.220000 114.118000 379.460000 194.975000 1.610415 1.721480 3.647637 25.314342 12.678930 -1.833306 1.518420
190 4 Car 0 0 14.047237 349.220000 114.118000 379.460000 194.975000 1.649293 1.669751 3.639134 46.948078 0.563238 -1.483133 -1.592760
190 15 Car 0 0 0.186629 349.220000 114.118000 379.460000 194.975000 1.614177 1.514559 4.500000 13.793701 2.848196 -1.655454 -1.568219
190 17 Car 0 0 13.402043 349.220000 114.118000 379.460000 194.975000 1.610415 1.721480 3.647637 22.535451 12.617859 -1.936885 1.529361
191 4 Car 0 0 13.986163 349.220000 114.118000 379.460000 194.975000 1.649293 1.669751 3.639134 46.963946 0.496416 -1.648062 -1.592733
191 15 Car 0 0 0.234505 349.220000 114.118000 379.460000 194.975000 1.614177 1.514559 4.500000 12.480062 2.813509 -1.669081 -1.566211
191 17 Car 0 0 13.523032 349.220000 114.118000 379.460000 194.975000 1.610415 1.721480 3.647637 19.832366 12.563676 -2.040464 1.540303
192 4 Car 0 0 13.901949 349.220000 114.118000 379.460000 194.975000 1.649293 1.669751 3.639134 46.951660 0.422343 -1.666174 -1.592706
192 15 Car 0 0 0.216209 349.220000 114.118000 379.460000 194.975000 1.614177 1.514559 4.500000 11.128495 2.780548 -1.682709 -1.564202
192 17 Car 0 0 13.688222 349.220000 114.118000 379.460000 194.975000 1.610415 1.721480 3.647637 17.101738 12.485459 -2.074361 1.547761
193 4 Car 0 0 13.959896 349.220000 114.118000 379.460000 194.975000 1.649293 1.669751 3.639134 46.872570 0.344628 -1.432442 -1.592679
193 15 Car 0 0 0.290905 349.220000 114.118000 379.460000 194.975000 1.614177 1.514559 4.500000 9.691816 2.768948 -1.689232 -1.565224
193 17 Car 0 0 13.688222 349.220000 114.118000 379.460000 194.975000 1.610415 1.721480 3.647637 15.638025 12.446570 -2.074361 1.547761
194 4 Car 0 0 13.936294 349.220000 114.118000 379.460000 194.975000 1.649293 1.669751 3.639134 46.875598 0.247619 -1.198709 -1.592653
194 15 Car 0 0 0.345105 349.220000 114.118000 379.460000 194.975000 1.614177 1.514559 4.500000 8.376718 2.767010 -1.695754 -1.566247
195 4 Car 0 0 13.898948 349.220000 114.118000 379.460000 194.975000 1.649293 1.669751 3.639134 46.859596 0.140019 -1.325275 -1.591101
195 15 Car 0 0 0.338525 349.220000 114.118000 379.460000 194.975000 1.614177 1.514559 4.500000 7.028760 2.762267 -1.702277 -1.567269
196 4 Car 0 0 13.978634 349.220000 114.118000 379.460000 194.975000 1.649293 1.669751 3.639134 46.783421 0.031000 -1.451840 -1.589550
196 15 Car 0 0 0.338525 349.220000 114.118000 379.460000 194.975000 1.614177 1.514559 4.500000 5.540161 2.751347 -1.702277 -1.567269
197 4 Car 0 0 13.958497 349.220000 114.118000 379.460000 194.975000 1.649293 1.669751 3.639134 46.793382 -0.089213 -1.578406 -1.587999
198 4 Car 0 0 13.909820 349.220000 114.118000 379.460000 194.975000 1.649293 1.669751 3.639134 46.781571 -0.201667 -1.521603 -1.586447
199 4 Car 0 0 14.007384 349.220000 114.118000 379.460000 194.975000 1.649293 1.669751 3.639134 46.698868 -0.287918 -1.464801 -1.584896
200 4 Car 0 0 13.990287 349.220000 114.118000 379.460000 194.975000 1.649293 1.669751 3.639134 46.698038 -0.342935 -1.674657 -1.583344
200 18 Car 0 0 12.651575 349.220000 114.118000 379.460000 194.975000 1.330952 1.455142 3.868889 33.491524 9.539122 -1.882930 1.594883
201 4 Car 0 0 13.931431 349.220000 114.118000 379.460000 194.975000 1.649293 1.669751 3.639134 46.678749 -0.373815 -1.884515 -1.581793
201 18 Car 0 0 12.784077 349.220000 114.118000 379.460000 194.975000 1.330952 1.455142 3.868889 30.868396 9.554060 -1.988246 1.601148
202 4 Car 0 0 13.993665 349.220000 114.118000 379.460000 194.975000 1.649293 1.669751 3.639134 46.587889 -0.373142 -2.062362 -1.580242
202 18 Car 0 0 12.958115 349.220000 114.118000 379.460000 194.975000 1.330952 1.455142 3.868889 28.047434 9.579808 -2.093564 1.607413
203 4 Car 0 0 13.970805 349.220000 114.118000 379.460000 194.975000 1.649293 1.669751 3.639134 46.579607 -0.397617 -1.904051 -1.578690
203 18 Car 0 0 13.370623 349.220000 114.118000 379.460000 194.975000 1.330952 1.455142 3.868889 25.266217 9.589172 -1.979764 1.606531
204 4 Car 0 0 14.048318 349.220000 114.118000 379.460000 194.975000 1.649293 1.669751 3.639134 46.499227 -0.405319 -1.745740 -1.577139
204 18 Car 0 0 13.538410 349.220000 114.118000 379.460000 194.975000 1.330952 1.455142 3.868889 22.404276 9.590701 -1.865963 1.605648
205 4 Car 0 0 14.003581 349.220000 114.118000 379.460000 194.975000 1.649293 1.669751 3.639134 46.504262 -0.401169 -1.720520 -1.578907
205 18 Car 0 0 13.867723 349.220000 114.118000 379.460000 194.975000 1.330952 1.455142 3.868889 19.610175 9.605582 -1.854698 1.607266
206 4 Car 0 0 13.942566 349.220000 114.118000 379.460000 194.975000 1.649293 1.669751 3.639134 46.481700 -0.375445 -1.695299 -1.580675
206 18 Car 0 0 14.145201 349.220000 114.118000 379.460000 194.975000 1.330952 1.455142 3.868889 16.781426 9.622892 -1.843432 1.608885
207 4 Car 0 0 14.027201 349.220000 114.118000 379.460000 194.975000 1.649293 1.669751 3.639134 46.392741 -0.342981 -1.670079 -1.582443
207 18 Car 0 0 13.801884 349.220000 114.118000 379.460000 194.975000 1.330952 1.455142 3.868889 13.990949 9.660597 -1.831903 1.580126
207 19 Car 0 0 14.959144 349.220000 114.118000 379.460000 194.975000 1.625786 1.499921 3.834788 23.277041 12.223127 -1.880685 1.586012
208 4 Car 0 0 14.006112 349.220000 114.118000 379.460000 194.975000 1.649293 1.669751 3.639134 46.391483 -0.314034 -1.653396 -1.584211
208 19 Car 0 0 15.056824 349.220000 114.118000 379.460000 194.975000 1.625786 1.499921 3.834788 20.485547 12.277449 -1.859561 1.584326
208 18 Car 0 0 13.801884 349.220000 114.118000 379.460000 194.975000 1.330952 1.455142 3.868889 12.607266 9.670238 -1.831903 1.580126
209 4 Car 0 0 13.964767 349.220000 114.118000 379.460000 194.975000 1.649293 1.669751 3.639134 46.368233 -0.268498 -1.636712 -1.585979
209 19 Car 0 0 15.221621 349.220000 114.118000 379.460000 194.975000 1.625786 1.499921 3.834788 17.571304 12.334358 -1.838438 1.582639
210 4 Car 0 0 14.052194 349.220000 114.118000 379.460000 194.975000 1.649293 1.669751 3.639134 46.280419 -0.228808 -1.418229 -1.583971
210 19 Car 0 0 15.221621 349.220000 114.118000 379.460000 194.975000 1.625786 1.499921 3.834788 16.045352 12.338385 -1.838438 1.582639
211 4 Car 0 0 14.041626 349.220000 114.118000 379.460000 194.975000 1.649293 1.669751 3.639134 46.281840 -0.224493 -1.511234 -1.581962
212 4 Car 0 0 13.993614 349.220000 114.118000 379.460000 194.975000 1.649293 1.669751 3.639134 46.262068 -0.227843 -1.561539 -1.579954
213 4 Car 0 0 14.093234 349.220000 114.118000 379.460000 194.975000 1.649293 1.669751 3.639134 46.170294 -0.221791 -1.611842 -1.577945
214 4 Car 0 0 14.089923 349.220000 114.118000 379.460000 194.975000 1.649293 1.669751 3.639134 46.174127 -0.244741 -1.662146 -1.575937
215 4 Car 0 0 14.203596 349.220000 114.118000 379.460000 194.975000 1.649293 1.669751 3.639134 46.102284 -0.245768 -1.557983 -1.575816
216 4 Car 0 0 14.222754 349.220000 114.118000 379.460000 194.975000 1.649293 1.669751 3.639134 46.121980 -0.243155 -1.453820 -1.575696
217 4 Car 0 0 14.191784 349.220000 114.118000 379.460000 194.975000 1.649293 1.669751 3.639134 46.117165 -0.240628 -1.349655 -1.575576
218 4 Car 0 0 14.284680 349.220000 114.118000 379.460000 194.975000 1.649293 1.669751 3.639134 46.040256 -0.225332 -1.401235 -1.575456
219 4 Car 0 0 14.282569 349.220000 114.118000 379.460000 194.975000 1.649293 1.669751 3.639134 46.058993 -0.236447 -1.628201 -1.575335
220 4 Car 0 0 14.225370 349.220000 114.118000 379.460000 194.975000 1.649293 1.669751 3.639134 46.056426 -0.240842 -1.839434 -1.575215
221 4 Car 0 0 14.311452 349.220000 114.118000 379.460000 194.975000 1.649293 1.669751 3.639134 45.979032 -0.217716 -1.838555 -1.575095
221 20 Car 0 0 14.007591 349.220000 114.118000 379.460000 194.975000 1.379540 1.447668 3.634473 62.328959 8.383209 -1.918106 1.580058
222 4 Car 0 0 14.314034 349.220000 114.118000 379.460000 194.975000 1.649293 1.669751 3.639134 45.986816 -0.207389 -1.837677 -1.574975
222 20 Car 0 0 14.146182 349.220000 114.118000 379.460000 194.975000 1.379540 1.447668 3.634473 59.500857 8.408836 -1.907216 1.579789
223 4 Car 0 0 14.289544 349.220000 114.118000 379.460000 194.975000 1.649293 1.669751 3.639134 45.978673 -0.193200 -1.836799 -1.574854
223 20 Car 0 0 14.430813 349.220000 114.118000 379.460000 194.975000 1.379540 1.447668 3.634473 56.506594 8.426833 -1.896325 1.579520
224 4 Car 0 0 14.375217 349.220000 114.118000 379.460000 194.975000 1.649293 1.669751 3.639134 45.904105 -0.172432 -1.936345 -1.574734
224 20 Car 0 0 14.662449 349.220000 114.118000 379.460000 194.975000 1.379540 1.447668 3.634473 53.435816 8.429455 -1.993220 1.579251
224 21 Car 0 0 12.675044 349.220000 114.118000 379.460000 194.975000 1.412095 1.549809 4.155140 52.896608 11.883988 -2.202692 1.545981
225 4 Car 0 0 14.382174 349.220000 114.118000 379.460000 194.975000 1.649293 1.669751 3.639134 45.918691 -0.175669 -1.942949 -1.574614
225 20 Car 0 0 14.972214 349.220000 114.118000 379.460000 194.975000 1.379540 1.447668 3.634473 50.482110 8.440209 -1.993865 1.578982
225 21 Car 0 0 12.780375 349.220000 114.118000 379.460000 194.975000 1.412095 1.549809 4.155140 50.298285 11.888054 -2.079855 1.545815
226 4 Car 0 0 14.354421 349.220000 114.118000 379.460000 194.975000 1.649293 1.669751 3.639134 45.909813 -0.157313 -1.845826 -1.574494
226 20 Car 0 0 15.234842 349.220000 114.118000 379.460000 194.975000 1.379540 1.447668 3.634473 47.519901 8.464674 -1.850382 1.578714
226 21 Car 0 0 12.965854 349.220000 114.118000 379.460000 194.975000 1.412095 1.549809 4.155140 47.583850 11.892410 -1.957019 1.545649
227 4 Car 0 0 14.450397 349.220000 114.118000 379.460000 194.975000 1.649293 1.669751 3.639134 45.834236 -0.129257 -1.748704 -1.574374
227 20 Car 0 0 15.025262 349.220000 114.118000 379.460000 194.975000 1.379540 1.447668 3.634473 44.527064 8.490127 -1.706900 1.578445
227 21 Car 0 0 12.742383 349.220000 114.118000 379.460000 194.975000 1.412095 1.549809 4.155140 44.855002 11.893176 -1.834182 1.545483
228 4 Car 0 0 14.444777 349.220000 114.118000 379.460000 194.975000 1.649293 1.669751 3.639134 45.850133 -0.113629 -1.651582 -1.574253
228 20 Car 0 0 15.289214 349.220000 114.118000 379.460000 194.975000 1.379540 1.447668 3.634473 41.533124 8.503116 -1.649428 1.578176
228 21 Car 0 0 12.663064 349.220000 114.118000 379.460000 194.975000 1.412095 1.549809 4.155140 42.215234 11.892986 -1.821553 1.545318
228 22 Car 0 0 14.723705 349.220000 114.118000 379.460000 194.975000 1.412095 1.529523 3.979331 65.378881 8.964582 -1.670060 1.532264
229 4 Car 0 0 14.375073 349.220000 114.118000 379.460000 194.975000 1.649293 1.669751 3.639134 45.846487 -0.106931 -1.607788 -1.574133
229 20 Car 0 0 15.573880 349.220000 114.118000 379.460000 194.975000 1.379540 1.447668 3.634473 38.481221 8.532017 -1.591955 1.577907
229 21 Car 0 0 12.601818 349.220000 114.118000 379.460000 194.975000 1.412095 1.549809 4.155140 39.575701 11.896107 -1.747074 1.545152
229 22 Car 0 0 14.853136 349.220000 114.118000 379.460000 194.975000 1.412095 1.529523 3.979331 62.492774 8.911218 -1.551735 1.532213
230 4 Car 0 0 14.510065 349.220000 114.118000 379.460000 194.975000 1.649293 1.669751 3.639134 45.753744 -0.089112 -1.563994 -1.574013
230 20 Car 0 0 15.640428 349.220000 114.118000 379.460000 194.975000 1.379540 1.447668 3.634473 35.335335 8.508525 -1.545716 1.577638
230 21 Car 0 0 12.299543 349.220000 114.118000 379.460000 194.975000 1.412095 1.549809 4.155140 36.859299 11.895304 -1.672595 1.544986
230 22 Car 0 0 15.038172 349.220000 114.118000 379.460000 194.975000 1.412095 1.529523 3.979331 59.389391 8.850870 -1.433412 1.532162
231 4 Car 0 0 14.552254 349.220000 114.118000 379.460000 194.975000 1.649293 1.669751 3.639134 45.774716 -0.107111 -1.520200 -1.573893
231 20 Car 0 0 15.767993 349.220000 114.118000 379.460000 194.975000 1.379540 1.447668 3.634473 32.298303 8.516946 -1.592556 1.577590
231 21 Car 0 0 12.232380 349.220000 114.118000 379.460000 194.975000 1.412095 1.549809 4.155140 34.250116 11.894931 -1.761383 1.544820
231 22 Car 0 0 15.372059 349.220000 114.118000 379.460000 194.975000 1.412095 1.529523 3.979331 56.366156 8.801651 -1.525817 1.532111
232 4 Car 0 0 14.683968 349.220000 114.118000 379.460000 194.975000 1.649293 1.669751 3.639134 45.705066 -0.121573 -1.573609 -1.573772
232 20 Car 0 0 15.678026 349.220000 114.118000 379.460000 194.975000 1.379540 1.447668 3.634473 29.195434 8.533766 -1.639396 1.577542
232 21 Car 0 0 12.046588 349.220000 114.118000 379.460000 194.975000 1.412095 1.549809 4.155140 31.530602 11.892041 -1.850172 1.544654
232 22 Car 0 0 15.344291 349.220000 114.118000 379.460000 194.975000 1.412095 1.529523 3.979331 53.295233 8.755472 -1.618224 1.532060
233 4 Car 0 0 14.711041 349.220000 114.118000 379.460000 194.975000 1.649293 1.669751 3.639134 45.729083 -0.132543 -1.627017 -1.573652
233 20 Car 0 0 15.744346 349.220000 114.118000 379.460000 194.975000 1.379540 1.447668 3.634473 26.169766 8.539893 -1.686236 1.577495
233 21 Car 0 0 12.122478 349.220000 114.118000 379.460000 194.975000 1.412095 1.549809 4.155140 28.866420 11.891861 -1.863715 1.544582
233 22 Car 0 0 15.535687 349.220000 114.118000 379.460000 194.975000 1.412095 1.529523 3.979331 50.292738 8.709353 -1.710630 1.532009
234 4 Car 0 0 14.839312 349.220000 114.118000 379.460000 194.975000 1.649293 1.669751 3.639134 45.509525 -0.157554 -1.680425 -1.573532
234 20 Car 0 0 15.650909 349.220000 114.118000 379.460000 194.975000 1.379540 1.447668 3.634473 22.912416 8.579983 -1.733076 1.577447
234 21 Car 0 0 11.970082 349.220000 114.118000 379.460000 194.975000 1.412095 1.549809 4.155140 26.004264 11.896289 -1.877259 1.544510
234 22 Car 0 0 15.147451 349.220000 114.118000 379.460000 194.975000 1.412095 1.529523 3.979331 47.144241 8.692145 -1.696757 1.531958
235 4 Car 0 0 14.752511 349.220000 114.118000 379.460000 194.975000 1.649293 1.669751 3.639134 45.635882 -0.151686 -1.641692 -1.573412
235 20 Car 0 0 15.772331 349.220000 114.118000 379.460000 194.975000 1.379540 1.447668 3.634473 19.984304 8.567916 -1.730037 1.570505
235 21 Car 0 0 12.125372 349.220000 114.118000 379.460000 194.975000 1.412095 1.549809 4.155140 23.444881 11.895859 -1.890802 1.544438
235 22 Car 0 0 15.358955 349.220000 114.118000 379.460000 194.975000 1.412095 1.529523 3.979331 44.258522 8.666316 -1.682884 1.531907
236 4 Car 0 0 14.650159 349.220000 114.118000 379.460000 194.975000 1.649293 1.669751 3.639134 45.580338 -0.140849 -1.602959 -1.573291
236 20 Car 0 0 15.908948 349.220000 114.118000 379.460000 194.975000 1.379540 1.447668 3.634473 16.877644 8.589725 -1.726998 1.563563
236 21 Car 0 0 12.129667 349.220000 114.118000 379.460000 194.975000 1.412095 1.549809 4.155140 20.792095 12.018739 -1.884992 1.551173
236 22 Car 0 0 15.480669 349.220000 114.118000 379.460000 194.975000 1.412095 1.529523 3.979331 41.228218 8.658731 -1.669011 1.531856
237 4 Car 0 0 14.550501 349.220000 114.118000 379.460000 194.975000 1.649293 1.669751 3.639134 45.502212 -0.117921 -1.564226 -1.573171
237 20 Car 0 0 16.043072 349.220000 114.118000 379.460000 194.975000 1.379540 1.447668 3.634473 13.736652 8.620725 -1.723959 1.556621
237 22 Car 0 0 15.279688 349.220000 114.118000 379.460000 194.975000 1.412095 1.529523 3.979331 38.335716 8.670543 -1.635503 1.531747
237 21 Car 0 0 12.129667 349.220000 114.118000 379.460000 194.975000 1.412095 1.549809 4.155140 19.335941 12.041390 -1.884992 1.551173
238 4 Car 0 0 14.605050 349.220000 114.118000 379.460000 194.975000 1.649293 1.669751 3.639134 45.363263 -0.104423 -1.525493 -1.573051
238 22 Car 0 0 15.065177 349.220000 114.118000 379.460000 194.975000 1.412095 1.529523 3.979331 35.321720 8.662008 -1.601996 1.531638
238 20 Car 0 0 16.043072 349.220000 114.118000 379.460000 194.975000 1.379540 1.447668 3.634473 12.128626 8.646513 -1.723959 1.556621
239 4 Car 0 0 14.553796 349.220000 114.118000 379.460000 194.975000 1.649293 1.669751 3.639134 45.311358 -0.117033 -1.618143 -1.572931
239 22 Car 0 0 14.794386 349.220000 114.118000 379.460000 194.975000 1.412095 1.529523 3.979331 32.521016 8.660153 -1.690029 1.531529
240 4 Car 0 0 14.496933 349.220000 114.118000 379.460000 194.975000 1.649293 1.669751 3.639134 45.239869 -0.114667 -1.710792 -1.572810
240 22 Car 0 0 14.844739 349.220000 114.118000 379.460000 194.975000 1.412095 1.529523 3.979331 29.548833 8.663034 -1.778063 1.531421
241 4 Car 0 0 14.563134 349.220000 114.118000 379.460000 194.975000 1.649293 1.669751 3.639134 45.093391 -0.106387 -1.608542 -1.572690
241 22 Car 0 0 14.759488 349.220000 114.118000 379.460000 194.975000 1.412095 1.529523 3.979331 26.500558 8.667996 -1.769850 1.531312
242 4 Car 0 0 14.573251 349.220000 114.118000 379.460000 194.975000 1.649293 1.669751 3.639134 45.043754 -0.136713 -1.506292 -1.572570
242 22 Car 0 0 14.786359 349.220000 114.118000 379.460000 194.975000 1.412095 1.529523 3.979331 23.517504 8.669070 -1.761638 1.531203
243 4 Car 0 0 14.686511 349.220000 114.118000 379.460000 194.975000 1.649293 1.669751 3.639134 44.900131 -0.153541 -1.559693 -1.572450
243 22 Car 0 0 14.721277 349.220000 114.118000 379.460000 194.975000 1.412095 1.529523 3.979331 20.464532 8.674322 -1.770279 1.531351
244 4 Car 0 0 14.738622 349.220000 114.118000 379.460000 194.975000 1.649293 1.669751 3.639134 44.869614 -0.181691 -1.613095 -1.572330
244 22 Car 0 0 14.729030 349.220000 114.118000 379.460000 194.975000 1.412095 1.529523 3.979331 17.495851 8.673859 -1.778921 1.531499
245 4 Car 0 0 14.645350 349.220000 114.118000 379.460000 194.975000 1.649293 1.669751 3.639134 44.780365 -0.205400 -1.622938 -1.572209
245 22 Car 0 0 14.773344 349.220000 114.118000 379.460000 194.975000 1.412095 1.529523 3.979331 14.501000 8.675031 -1.787563 1.531647
246 4 Car 0 0 14.687117 349.220000 114.118000 379.460000 194.975000 1.649293 1.669751 3.639134 44.586164 -0.190570 -1.632782 -1.572089
246 22 Car 0 0 14.679328 349.220000 114.118000 379.460000 194.975000 1.412095 1.529523 3.979331 11.416952 8.690221 -1.796204 1.531795
247 4 Car 0 0 14.607610 349.220000 114.118000 379.460000 194.975000 1.649293 1.669751 3.639134 44.488928 -0.190780 -1.699464 -1.571969
247 22 Car 0 0 14.679328 349.220000 114.118000 379.460000 194.975000 1.412095 1.529523 3.979331 9.895681 8.708235 -1.796204 1.531795
248 4 Car 0 0 14.544255 349.220000 114.118000 379.460000 194.975000 1.649293 1.669751 3.639134 44.348435 -0.179227 -1.766145 -1.571849
249 4 Car 0 0 14.593546 349.220000 114.118000 379.460000 194.975000 1.649293 1.669751 3.639134 44.152078 -0.182955 -1.832827 -1.571728
250 4 Car 0 0 14.566361 349.220000 114.118000 379.460000 194.975000 1.649293 1.669751 3.639134 44.038686 -0.197679 -1.807269 -1.571608
251 4 Car 0 0 14.495175 349.220000 114.118000 379.460000 194.975000 1.649293 1.669751 3.639134 43.908939 -0.202431 -1.781711 -1.571488
252 4 Car 0 0 14.599215 349.220000 114.118000 379.460000 194.975000 1.649293 1.669751 3.639134 43.697328 -0.187704 -1.756152 -1.571368
253 4 Car 0 0 14.627909 349.220000 114.118000 379.460000 194.975000 1.649293 1.669751 3.639134 43.599206 -0.217102 -1.621789 -1.571247
254 4 Car 0 0 14.612396 349.220000 114.118000 379.460000 194.975000 1.649293 1.669751 3.639134 43.472147 -0.227237 -1.487426 -1.571127
255 4 Car 0 0 14.738479 349.220000 114.118000 379.460000 194.975000 1.649293 1.669751 3.639134 43.262724 -0.204429 -1.414506 -1.571007
256 4 Car 0 0 14.757812 349.220000 114.118000 379.460000 194.975000 1.649293 1.669751 3.639134 43.170733 -0.187056 -1.341584 -1.570887
257 4 Car 0 0 14.690435 349.220000 114.118000 379.460000 194.975000 1.649293 1.669751 3.639134 43.043076 -0.161348 -1.491042 -1.570766
258 4 Car 0 0 14.909475 349.220000 114.118000 379.460000 194.975000 1.649293 1.669751 3.639134 42.852656 -0.127035 -1.640498 -1.570646
259 4 Car 0 0 14.935177 349.220000 114.118000 379.460000 194.975000 1.649293 1.669751 3.639134 42.748128 -0.113259 -1.644109 -1.570526
260 4 Car 0 0 15.090579 349.220000 114.118000 379.460000 194.975000 1.649293 1.669751 3.639134 42.567347 -0.082406 -1.583853 -1.570406
261 4 Car 0 0 15.093633 349.220000 114.118000 379.460000 194.975000 1.649293 1.669751 3.639134 42.469420 -0.063509 -1.523600 -1.570285
262 4 Car 0 0 14.999704 349.220000 114.118000 379.460000 194.975000 1.649293 1.669751 3.639134 42.351376 -0.033069 -1.463345 -1.570165
263 4 Car 0 0 15.072759 349.220000 114.118000 379.460000 194.975000 1.649293 1.669751 3.639134 42.150753 -0.002845 -1.403090 -1.570045
264 4 Car 0 0 14.986329 349.220000 114.118000 379.460000 194.975000 1.649293 1.669751 3.639134 42.048316 0.017382 -1.342836 -1.569925
265 4 Car 0 0 14.880168 349.220000 114.118000 379.460000 194.975000 1.649293 1.669751 3.639134 41.926524 0.056111 -1.564980 -1.569805
266 4 Car 0 0 14.945922 349.220000 114.118000 379.460000 194.975000 1.649293 1.669751 3.639134 41.748035 0.093533 -1.787123 -1.569684
267 4 Car 0 0 14.891043 349.220000 114.118000 379.460000 194.975000 1.649293 1.669751 3.639134 41.655615 0.116861 -1.877727 -1.569564
268 4 Car 0 0 14.782049 349.220000 114.118000 379.460000 194.975000 1.649293 1.669751 3.639134 41.547094 0.161486 -1.843217 -1.569444
269 4 Car 0 0 14.878775 349.220000 114.118000 379.460000 194.975000 1.649293 1.669751 3.639134 41.364066 0.212353 -1.808706 -1.569324
270 4 Car 0 0 14.843754 349.220000 114.118000 379.460000 194.975000 1.649293 1.669751 3.639134 41.275614 0.239921 -1.774195 -1.569203
271 4 Car 0 0 14.754121 349.220000 114.118000 379.460000 194.975000 1.649293 1.669751 3.639134 41.174440 0.278187 -1.722561 -1.569083
272 4 Car 0 0 14.815553 349.220000 114.118000 379.460000 194.975000 1.649293 1.669751 3.639134 40.996801 0.318594 -1.670925 -1.568963
273 4 Car 0 0 14.777571 349.220000 114.118000 379.460000 194.975000 1.649293 1.669751 3.639134 40.906218 0.344405 -1.619290 -1.568843
274 4 Car 0 0 14.864587 349.220000 114.118000 379.460000 194.975000 1.649293 1.669751 3.639134 40.739340 0.386019 -1.567654 -1.568722
275 4 Car 0 0 14.933852 349.220000 114.118000 379.460000 194.975000 1.649293 1.669751 3.639134 40.726904 0.379009 -1.528054 -1.567378
276 4 Car 0 0 14.976987 349.220000 114.118000 379.460000 194.975000 1.649293 1.669751 3.639134 40.709524 0.372791 -1.488453 -1.566034
277 4 Car 0 0 15.112993 349.220000 114.118000 379.460000 194.975000 1.649293 1.669751 3.639134 40.606637 0.366382 -1.448852 -1.564690
278 4 Car 0 0 15.225469 349.220000 114.118000 379.460000 194.975000 1.649293 1.669751 3.639134 40.647671 0.365893 -1.409251 -1.563346
279 4 Car 0 0 15.217899 349.220000 114.118000 379.460000 194.975000 1.649293 1.669751 3.639134 40.644682 0.365899 -1.369650 -1.562002
280 4 Car 0 0 15.240787 349.220000 114.118000 379.460000 194.975000 1.649293 1.669751 3.639134 40.515964 0.355519 -1.363275 -1.560658
281 4 Car 0 0 15.232571 349.220000 114.118000 379.460000 194.975000 1.649293 1.669751 3.639134 40.540758 0.370350 -1.356900 -1.559314
282 4 Car 0 0 15.223920 349.220000 114.118000 379.460000 194.975000 1.649293 1.669751 3.639134 40.562103 0.377192 -1.366553 -1.557970
283 4 Car 0 0 15.350956 349.220000 114.118000 379.460000 194.975000 1.649293 1.669751 3.639134 40.473576 0.367395 -1.376205 -1.556626
284 4 Car 0 0 15.364895 349.220000 114.118000 379.460000 194.975000 1.649293 1.669751 3.639134 40.512782 0.353195 -1.444319 -1.555281
285 4 Car 0 0 15.373070 349.220000 114.118000 379.460000 194.975000 1.649293 1.669751 3.639134 40.545551 0.337070 -1.392156 -1.555111
286 4 Car 0 0 15.476706 349.220000 114.118000 379.460000 194.975000 1.649293 1.669751 3.639134 40.488985 0.312828 -1.339994 -1.554940
287 4 Car 0 0 15.584615 349.220000 114.118000 379.460000 194.975000 1.649293 1.669751 3.639134 40.581719 0.290112 -1.287831 -1.554770
288 4 Car 0 0 15.597421 349.220000 114.118000 379.460000 194.975000 1.649293 1.669751 3.639134 40.635509 0.269122 -1.235668 -1.554599
289 4 Car 0 0 15.704007 349.220000 114.118000 379.460000 194.975000 1.649293 1.669751 3.639134 40.614020 0.242133 -1.268738 -1.554428
290 4 Car 0 0 15.730228 349.220000 114.118000 379.460000 194.975000 1.649293 1.669751 3.639134 40.691180 0.227924 -1.301808 -1.554258
291 4 Car 0 0 15.652265 349.220000 114.118000 379.460000 194.975000 1.649293 1.669751 3.639134 40.743088 0.207128 -1.334877 -1.554087
292 4 Car 0 0 15.863227 349.220000 114.118000 379.460000 194.975000 1.649293 1.669751 3.639134 40.709053 0.203850 -1.367947 -1.553917
293 4 Car 0 0 16.246175 349.220000 114.118000 379.460000 194.975000 1.649293 1.669751 3.639134 40.854096 0.171177 -1.401016 -1.553746
294 4 Car 0 0 16.479568 349.220000 114.118000 379.460000 194.975000 1.649293 1.669751 3.639134 41.013533 0.147174 -1.434086 -1.553575
295 4 Car 0 0 16.650042 349.220000 114.118000 379.460000 194.975000 1.649293 1.669751 3.639134 40.969035 0.126672 -1.447179 -1.553405
296 4 Car 0 0 16.793716 349.220000 114.118000 379.460000 194.975000 1.649293 1.669751 3.639134 41.065256 0.117671 -1.460272 -1.553234
297 4 Car 0 0 16.944460 349.220000 114.118000 379.460000 194.975000 1.649293 1.669751 3.639134 41.089656 0.094003 -1.473364 -1.553064
298 4 Car 0 0 17.039632 349.220000 114.118000 379.460000 194.975000 1.649293 1.669751 3.639134 41.231589 0.086201 -1.486457 -1.552893
299 4 Car 0 0 17.080964 349.220000 114.118000 379.460000 194.975000 1.649293 1.669751 3.639134 41.348401 0.081998 -1.499550 -1.552722
300 4 Car 0 0 17.157563 349.220000 114.118000 379.460000 194.975000 1.649293 1.669751 3.639134 41.373870 0.045811 -1.576102 -1.552552
301 4 Car 0 0 17.138074 349.220000 114.118000 379.460000 194.975000 1.649293 1.669751 3.639134 41.507974 0.041364 -1.652653 -1.552381
302 4 Car 0 0 17.059995 349.220000 114.118000 379.460000 194.975000 1.649293 1.669751 3.639134 41.608542 0.050281 -1.656636 -1.552211
303 4 Car 0 0 17.089299 349.220000 114.118000 379.460000 194.975000 1.649293 1.669751 3.639134 41.645392 0.034198 -1.660618 -1.552040
304 4 Car 0 0 16.987847 349.220000 114.118000 379.460000 194.975000 1.649293 1.669751 3.639134 41.772247 0.032439 -1.664600 -1.551869
305 4 Car 0 0 16.611858 349.220000 114.118000 379.460000 194.975000 1.649293 1.669751 3.639134 41.921942 0.052574 -1.748094 -1.551699
306 4 Car 0 0 16.518820 349.220000 114.118000 379.460000 194.975000 1.649293 1.669751 3.639134 41.859489 0.046081 -1.831588 -1.551528
307 4 Car 0 0 16.408736 349.220000 114.118000 379.460000 194.975000 1.649293 1.669751 3.639134 41.932098 0.040082 -1.802595 -1.551358
308 4 Car 0 0 16.381516 349.220000 114.118000 379.460000 194.975000 1.649293 1.669751 3.639134 42.061301 0.104644 -1.876676 -1.551187
