3 0 Car 0 0 11.542396 349.220000 114.118000 379.460000 194.975000 1.620588 1.715879 4.352635 29.940547 -21.851007 -1.895170 -2.430066
4 0 Car 0 0 11.625658 349.220000 114.118000 379.460000 194.975000 1.620588 1.715879 4.352635 30.635736 -21.097235 -1.899791 -2.394591
5 0 Car 0 0 11.789852 349.220000 114.118000 379.460000 194.975000 1.620588 1.715879 4.352635 31.424699 -20.213848 -1.860275 -2.396880
6 0 Car 0 0 11.835045 349.220000 114.118000 379.460000 194.975000 1.620588 1.715879 4.352635 32.266494 -19.395786 -1.862892 -2.375232
7 0 Car 0 0 11.797282 349.220000 114.118000 379.460000 194.975000 1.620588 1.715879 4.352635 33.112840 -18.604141 -1.865507 -2.353583
8 0 Car 0 0 11.682374 349.220000 114.118000 379.460000 194.975000 1.620588 1.715879 4.352635 33.956746 -17.868103 -1.828688 -2.335805
9 0 Car 0 0 11.587960 349.220000 114.118000 379.460000 194.975000 1.620588 1.715879 4.352635 34.802635 -17.151831 -1.791868 -2.318027
10 0 Car 0 0 11.537102 349.220000 114.118000 379.460000 194.975000 1.620588 1.715879 4.352635 35.684745 -16.458599 -1.767139 -2.289813
11 0 Car 0 0 11.504525 349.220000 114.118000 379.460000 194.975000 1.620588 1.715879 4.352635 36.572502 -15.770145 -1.742412 -2.261600
12 0 Car 0 0 11.516846 349.220000 114.118000 379.460000 194.975000 1.620588 1.715879 4.352635 37.515221 -15.101709 -1.717365 -2.233387
13 0 Car 0 0 11.530188 349.220000 114.118000 379.460000 194.975000 1.620588 1.715879 4.352635 38.467785 -14.435693 -1.692318 -2.205173
14 0 Car 0 0 11.497626 349.220000 114.118000 379.460000 194.975000 1.620588 1.715879 4.352635 39.400072 -13.836685 -1.668398 -2.176960
15 0 Car 0 0 11.457389 349.220000 114.118000 379.460000 194.975000 1.620588 1.715879 4.352635 40.332844 -13.272301 -1.644478 -2.148747
16 0 Car 0 0 11.420924 349.220000 114.118000 379.460000 194.975000 1.620588 1.715879 4.352635 41.261281 -12.709786 -1.620558 -2.120534
17 0 Car 0 0 11.420573 349.220000 114.118000 379.460000 194.975000 1.620588 1.715879 4.352635 42.256101 -12.160278 -1.607940 -2.105264
18 0 Car 0 0 11.425566 349.220000 114.118000 379.460000 194.975000 1.620588 1.715879 4.352635 43.262775 -11.614790 -1.595322 -2.089995
19 0 Car 0 0 11.431582 349.220000 114.118000 379.460000 194.975000 1.620588 1.715879 4.352635 44.270264 -11.068497 -1.582704 -2.074725
20 0 Car 0 0 11.438282 349.220000 114.118000 379.460000 194.975000 1.620588 1.715879 4.352635 45.318408 -10.584477 -1.570603 -2.059456
21 0 Car 0 0 11.448267 349.220000 114.118000 379.460000 194.975000 1.620588 1.715879 4.352635 46.382809 -10.134050 -1.558501 -2.044187
22 0 Car 0 0 11.457884 349.220000 114.118000 379.460000 194.975000 1.620588 1.715879 4.352635 47.446668 -9.682282 -1.546399 -2.028917
23 0 Car 0 0 11.469489 349.220000 114.118000 379.460000 194.975000 1.620588 1.715879 4.352635 48.536004 -9.272157 -1.534710 -1.990822
24 0 Car 0 0 11.482117 349.220000 114.118000 379.460000 194.975000 1.620588 1.715879 4.352635 49.633543 -8.881472 -1.523021 -1.952726
25 0 Car 0 0 11.507195 349.220000 114.118000 379.460000 194.975000 1.620588 1.715879 4.352635 50.772376 -8.517990 -1.511332 -1.914630
26 0 Car 0 0 11.533279 349.220000 114.118000 379.460000 194.975000 1.620588 1.715879 4.352635 51.921346 -8.164302 -1.499643 -1.876534
27 0 Car 0 0 11.568411 349.220000 114.118000 379.460000 194.975000 1.620588 1.715879 4.352635 53.111100 -7.869569 -1.484012 -1.853840
28 0 Car 0 0 11.607410 349.220000 114.118000 379.460000 194.975000 1.620588 1.715879 4.352635 54.319035 -7.600785 -1.468381 -1.831147
29 0 Car 0 0 11.642803 349.220000 114.118000 379.460000 194.975000 1.620588 1.715879 4.352635 55.527792 -7.327999 -1.452750 -1.808453
30 0 Car 0 0 11.675893 349.220000 114.118000 379.460000 194.975000 1.620588 1.715879 4.352635 56.733961 -7.054689 -1.437119 -1.785760
31 0 Car 0 0 11.701923 349.220000 114.118000 379.460000 194.975000 1.620588 1.715879 4.352635 57.942847 -6.845035 -1.422365 -1.763066
32 0 Car 0 0 11.728712 349.220000 114.118000 379.460000 194.975000 1.620588 1.715879 4.352635 59.159271 -6.665801 -1.407610 -1.740372
33 0 Car 0 0 11.753732 349.220000 114.118000 379.460000 194.975000 1.620588 1.715879 4.352635 60.375115 -6.487566 -1.392856 -1.717679
34 0 Car 0 0 11.793426 349.220000 114.118000 379.460000 194.975000 1.620588 1.715879 4.352635 61.632945 -6.326447 -1.377862 -1.711110
35 0 Car 0 0 11.835008 349.220000 114.118000 379.460000 194.975000 1.620588 1.715879 4.352635 62.902191 -6.170824 -1.362869 -1.704541
36 0 Car 0 0 11.875481 349.220000 114.118000 379.460000 194.975000 1.620588 1.715879 4.352635 64.173629 -6.016489 -1.347874 -1.697973
37 0 Car 0 0 11.945115 349.220000 114.118000 379.460000 194.975000 1.620588 1.715879 4.352635 65.526064 -5.900933 -1.336012 -1.682331
38 0 Car 0 0 12.026070 349.220000 114.118000 379.460000 194.975000 1.620588 1.715879 4.352635 66.917259 -5.807198 -1.324149 -1.666690
38 1 Car 0 0 8.260084 349.220000 114.118000 379.460000 194.975000 1.416789 1.448982 3.201869 8.504545 -3.772093 -1.681502 -1.592109
39 0 Car 0 0 12.108037 349.220000 114.118000 379.460000 194.975000 1.620588 1.715879 4.352635 68.321412 -5.718602 -1.312286 -1.651048
39 1 Car 0 0 8.373610 349.220000 114.118000 379.460000 194.975000 1.416789 1.448982 3.201869 9.282135 -3.747951 -1.675709 -1.589455
40 0 Car 0 0 12.186877 349.220000 114.118000 379.460000 194.975000 1.620588 1.715879 4.352635 69.729452 -5.619559 -1.300424 -1.635407
40 1 Car 0 0 8.490931 349.220000 114.118000 379.460000 194.975000 1.416789 1.448982 3.201869 10.156796 -3.718920 -1.669916 -1.586802
41 0 Car 0 0 12.262107 349.220000 114.118000 379.460000 194.975000 1.620588 1.715879 4.352635 71.136440 -5.523242 -1.288562 -1.619765
41 1 Car 0 0 8.532886 349.220000 114.118000 379.460000 194.975000 1.416789 1.448982 3.201869 11.012482 -3.691907 -1.664123 -1.584149
42 1 Car 0 0 8.558683 349.220000 114.118000 379.460000 194.975000 1.416789 1.448982 3.201869 11.871236 -3.676377 -1.664474 -1.585484
42 0 Car 0 0 12.262107 349.220000 114.118000 379.460000 194.975000 1.620588 1.715879 4.352635 71.136540 -5.518795 -1.288562 -1.619765
42 2 Car 0 0 8.461425 349.220000 114.118000 379.460000 194.975000 1.432353 1.477831 3.251003 11.500793 -7.643494 -1.686049 -1.589482
43 1 Car 0 0 8.573286 349.220000 114.118000 379.460000 194.975000 1.416789 1.448982 3.201869 12.729179 -3.662887 -1.664825 -1.586819
43 2 Car 0 0 8.588789 349.220000 114.118000 379.460000 194.975000 1.432353 1.477831 3.251003 12.329676 -7.635382 -1.679860 -1.585268
44 1 Car 0 0 8.670108 349.220000 114.118000 379.460000 194.975000 1.416789 1.448982 3.201869 13.660275 -3.642459 -1.651225 -1.588154
44 2 Car 0 0 8.746018 349.220000 114.118000 379.460000 194.975000 1.432353 1.477831 3.251003 13.273108 -7.627992 -1.673672 -1.581054
45 1 Car 0 0 8.761961 349.220000 114.118000 379.460000 194.975000 1.416789 1.448982 3.201869 14.606776 -3.618880 -1.637625 -1.589490
45 2 Car 0 0 8.855741 349.220000 114.118000 379.460000 194.975000 1.432353 1.477831 3.251003 14.201704 -7.619702 -1.667485 -1.576840
46 1 Car 0 0 8.839773 349.220000 114.118000 379.460000 194.975000 1.416789 1.448982 3.201869 15.556182 -3.595213 -1.624025 -1.590825
46 2 Car 0 0 8.953025 349.220000 114.118000 379.460000 194.975000 1.432353 1.477831 3.251003 15.138626 -7.604841 -1.660905 -1.576739
47 1 Car 0 0 8.947768 349.220000 114.118000 379.460000 194.975000 1.416789 1.448982 3.201869 16.551714 -3.582633 -1.649533 -1.592160
47 2 Car 0 0 9.025854 349.220000 114.118000 379.460000 194.975000 1.432353 1.477831 3.251003 16.075625 -7.588313 -1.654325 -1.576637
48 1 Car 0 0 9.077838 349.220000 114.118000 379.460000 194.975000 1.416789 1.448982 3.201869 17.592118 -3.554469 -1.635323 -1.593495
48 2 Car 0 0 9.076151 349.220000 114.118000 379.460000 194.975000 1.432353 1.477831 3.251003 17.012399 -7.571572 -1.647745 -1.576535
49 1 Car 0 0 9.202982 349.220000 114.118000 379.460000 194.975000 1.416789 1.448982 3.201869 18.649748 -3.516828 -1.621113 -1.594830
49 2 Car 0 0 9.121769 349.220000 114.118000 379.460000 194.975000 1.432353 1.477831 3.251003 17.957804 -7.559645 -1.641163 -1.581612
50 1 Car 0 0 9.330387 349.220000 114.118000 379.460000 194.975000 1.416789 1.448982 3.201869 19.732645 -3.485039 -1.606699 -1.596166
50 2 Car 0 0 9.160045 349.220000 114.118000 379.460000 194.975000 1.432353 1.477831 3.251003 18.904217 -7.549728 -1.634580 -1.586689
51 1 Car 0 0 9.447594 349.220000 114.118000 379.460000 194.975000 1.416789 1.448982 3.201869 20.825842 -3.457027 -1.592284 -1.597501
51 2 Car 0 0 9.198422 349.220000 114.118000 379.460000 194.975000 1.432353 1.477831 3.251003 19.858607 -7.494646 -1.627187 -1.591765
52 1 Car 0 0 9.576343 349.220000 114.118000 379.460000 194.975000 1.416789 1.448982 3.201869 21.954371 -3.429841 -1.583354 -1.596669
52 2 Car 0 0 9.275952 349.220000 114.118000 379.460000 194.975000 1.432353 1.477831 3.251003 20.866211 -7.492300 -1.620232 -1.596842
53 1 Car 0 0 9.701949 349.220000 114.118000 379.460000 194.975000 1.416789 1.448982 3.201869 23.100334 -3.402681 -1.574423 -1.595836
53 2 Car 0 0 9.352939 349.220000 114.118000 379.460000 194.975000 1.432353 1.477831 3.251003 21.884352 -7.474411 -1.613440 -1.598510
54 1 Car 0 0 9.817688 349.220000 114.118000 379.460000 194.975000 1.416789 1.448982 3.201869 24.251757 -3.374644 -1.565493 -1.595004
54 2 Car 0 0 9.419595 349.220000 114.118000 379.460000 194.975000 1.432353 1.477831 3.251003 22.901547 -7.445159 -1.606648 -1.600178
55 1 Car 0 0 9.946086 349.220000 114.118000 379.460000 194.975000 1.416789 1.448982 3.201869 25.442462 -3.346892 -1.556012 -1.594171
55 2 Car 0 0 9.488219 349.220000 114.118000 379.460000 194.975000 1.432353 1.477831 3.251003 23.934058 -7.408918 -1.599680 -1.601846
56 1 Car 0 0 10.075545 349.220000 114.118000 379.460000 194.975000 1.416789 1.448982 3.201869 26.655750 -3.320427 -1.546532 -1.593339
56 2 Car 0 0 9.551829 349.220000 114.118000 379.460000 194.975000 1.432353 1.477831 3.251003 24.970371 -7.371904 -1.592713 -1.603514
57 1 Car 0 0 10.219975 349.220000 114.118000 379.460000 194.975000 1.416789 1.448982 3.201869 27.916547 -3.283708 -1.542368 -1.596842
57 2 Car 0 0 9.608565 349.220000 114.118000 379.460000 194.975000 1.432353 1.477831 3.251003 26.007624 -7.334599 -1.585745 -1.605182
57 3 Car 0 0 8.979207 349.220000 114.118000 379.460000 194.975000 1.439736 1.558252 3.957146 14.032756 -7.583987 -1.670029 -1.658602
58 1 Car 0 0 10.370833 349.220000 114.118000 379.460000 194.975000 1.416789 1.448982 3.201869 29.211745 -3.241790 -1.538205 -1.600345
58 2 Car 0 0 9.708405 349.220000 114.118000 379.460000 194.975000 1.432353 1.477831 3.251003 27.121435 -7.303879 -1.577729 -1.606850
58 3 Car 0 0 9.106568 349.220000 114.118000 379.460000 194.975000 1.439736 1.558252 3.957146 14.917405 -7.530563 -1.673454 -1.677960
59 1 Car 0 0 10.526748 349.220000 114.118000 379.460000 194.975000 1.416789 1.448982 3.201869 30.541400 -3.197011 -1.528319 -1.603847
59 2 Car 0 0 9.815042 349.220000 114.118000 379.460000 194.975000 1.432353 1.477831 3.251003 28.263289 -7.277236 -1.569714 -1.608518
59 3 Car 0 0 9.265667 349.220000 114.118000 379.460000 194.975000 1.439736 1.558252 3.957146 15.914454 -7.506183 -1.660671 -1.669947
59 4 Car 0 0 7.855264 349.220000 114.118000 379.460000 194.975000 1.377451 1.491847 3.318948 8.211359 -3.191101 -1.689772 -1.610727
60 1 Car 0 0 10.681238 349.220000 114.118000 379.460000 194.975000 1.416789 1.448982 3.201869 31.892976 -3.151289 -1.518433 -1.607350
60 2 Car 0 0 9.917676 349.220000 114.118000 379.460000 194.975000 1.432353 1.477831 3.251003 29.414902 -7.251297 -1.561698 -1.610186
60 3 Car 0 0 9.376877 349.220000 114.118000 379.460000 194.975000 1.439736 1.558252 3.957146 16.896898 -7.498213 -1.647890 -1.661934
60 4 Car 0 0 7.984486 349.220000 114.118000 379.460000 194.975000 1.377451 1.491847 3.318948 8.977248 -3.170823 -1.681893 -1.612599
61 1 Car 0 0 10.827564 349.220000 114.118000 379.460000 194.975000 1.416789 1.448982 3.201869 33.251576 -3.104203 -1.508547 -1.610853
61 2 Car 0 0 10.031644 349.220000 114.118000 379.460000 194.975000 1.432353 1.477831 3.251003 30.603194 -7.198149 -1.552733 -1.611854
61 3 Car 0 0 9.585535 349.220000 114.118000 379.460000 194.975000 1.439736 1.558252 3.957146 17.960237 -7.469811 -1.640147 -1.656603
61 4 Car 0 0 8.140730 349.220000 114.118000 379.460000 194.975000 1.377451 1.491847 3.318948 9.848233 -3.145745 -1.674013 -1.614472
62 1 Car 0 0 10.978144 349.220000 114.118000 379.460000 194.975000 1.416789 1.448982 3.201869 34.639625 -3.055482 -1.499471 -1.613611
62 2 Car 0 0 10.148473 349.220000 114.118000 379.460000 194.975000 1.432353 1.477831 3.251003 31.814146 -7.131129 -1.543767 -1.613522
62 3 Car 0 0 9.777556 349.220000 114.118000 379.460000 194.975000 1.439736 1.558252 3.957146 19.047121 -7.435510 -1.632406 -1.651272
62 4 Car 0 0 8.281680 349.220000 114.118000 379.460000 194.975000 1.377451 1.491847 3.318948 10.736218 -3.118932 -1.665713 -1.611560
63 1 Car 0 0 11.131192 349.220000 114.118000 379.460000 194.975000 1.416789 1.448982 3.201869 36.054146 -3.008272 -1.490394 -1.616369
63 2 Car 0 0 10.267884 349.220000 114.118000 379.460000 194.975000 1.432353 1.477831 3.251003 33.046302 -7.061804 -1.527904 -1.620825
63 3 Car 0 0 9.929766 349.220000 114.118000 379.460000 194.975000 1.439736 1.558252 3.957146 20.139969 -7.400454 -1.624663 -1.645942
63 4 Car 0 0 8.379765 349.220000 114.118000 379.460000 194.975000 1.377451 1.491847 3.318948 11.618094 -3.092225 -1.657412 -1.608648
64 1 Car 0 0 11.279350 349.220000 114.118000 379.460000 194.975000 1.416789 1.448982 3.201869 37.480652 -2.957805 -1.481318 -1.619126
64 2 Car 0 0 10.385503 349.220000 114.118000 379.460000 194.975000 1.432353 1.477831 3.251003 34.296164 -7.009785 -1.512222 -1.628128
64 3 Car 0 0 10.088206 349.220000 114.118000 379.460000 194.975000 1.439736 1.558252 3.957146 21.270807 -7.365262 -1.613738 -1.645458
64 4 Car 0 0 8.456047 349.220000 114.118000 379.460000 194.975000 1.377451 1.491847 3.318948 12.501811 -3.060787 -1.648965 -1.605736
65 1 Car 0 0 11.427169 349.220000 114.118000 379.460000 194.975000 1.416789 1.448982 3.201869 38.933026 -2.904815 -1.466495 -1.621884
65 2 Car 0 0 10.499205 349.220000 114.118000 379.460000 194.975000 1.432353 1.477831 3.251003 35.554829 -6.971422 -1.496539 -1.635431
65 3 Car 0 0 10.229282 349.220000 114.118000 379.460000 194.975000 1.439736 1.558252 3.957146 22.414003 -7.331909 -1.602812 -1.644975
65 4 Car 0 0 8.555263 349.220000 114.118000 379.460000 194.975000 1.377451 1.491847 3.318948 13.423352 -3.035115 -1.640190 -1.602824
66 1 Car 0 0 11.579651 349.220000 114.118000 379.460000 194.975000 1.416789 1.448982 3.201869 40.404054 -2.845713 -1.451673 -1.624642
66 2 Car 0 0 10.625885 349.220000 114.118000 379.460000 194.975000 1.432353 1.477831 3.251003 36.855332 -6.915924 -1.479851 -1.642734
66 3 Car 0 0 10.398521 349.220000 114.118000 379.460000 194.975000 1.439736 1.558252 3.957146 23.613913 -7.311062 -1.591343 -1.644491
66 4 Car 0 0 8.641152 349.220000 114.118000 379.460000 194.975000 1.377451 1.491847 3.318948 14.353799 -3.010644 -1.631416 -1.599912
67 1 Car 0 0 11.734588 349.220000 114.118000 379.460000 194.975000 1.416789 1.448982 3.201869 41.901827 -2.791559 -1.437288 -1.622623
67 2 Car 0 0 10.758971 349.220000 114.118000 379.460000 194.975000 1.432353 1.477831 3.251003 38.187498 -6.852309 -1.463163 -1.650037
67 3 Car 0 0 10.563808 349.220000 114.118000 379.460000 194.975000 1.439736 1.558252 3.957146 24.839464 -7.297853 -1.579874 -1.644008
67 4 Car 0 0 8.741241 349.220000 114.118000 379.460000 194.975000 1.377451 1.491847 3.318948 15.314315 -2.990557 -1.626998 -1.600070
68 1 Car 0 0 11.890107 349.220000 114.118000 379.460000 194.975000 1.416789 1.448982 3.201869 43.422267 -2.739568 -1.422903 -1.620604
68 2 Car 0 0 10.894998 349.220000 114.118000 379.460000 194.975000 1.432353 1.477831 3.251003 39.544356 -6.770662 -1.448308 -1.644459
68 3 Car 0 0 10.762290 349.220000 114.118000 379.460000 194.975000 1.439736 1.558252 3.957146 26.135595 -7.285227 -1.567271 -1.643525
68 4 Car 0 0 8.853287 349.220000 114.118000 379.460000 194.975000 1.377451 1.491847 3.318948 16.305348 -2.959956 -1.622152 -1.600228
69 1 Car 0 0 12.039284 349.220000 114.118000 379.460000 194.975000 1.416789 1.448982 3.201869 44.950106 -2.686308 -1.408518 -1.618586
69 2 Car 0 0 11.028673 349.220000 114.118000 379.460000 194.975000 1.432353 1.477831 3.251003 40.915614 -6.679579 -1.433454 -1.638881
69 3 Car 0 0 10.930031 349.220000 114.118000 379.460000 194.975000 1.439736 1.558252 3.957146 27.429407 -7.248807 -1.557552 -1.644607
69 4 Car 0 0 8.955966 349.220000 114.118000 379.460000 194.975000 1.377451 1.491847 3.318948 17.306082 -2.923809 -1.617305 -1.600386
70 1 Car 0 0 12.172290 349.220000 114.118000 379.460000 194.975000 1.416789 1.448982 3.201869 46.458747 -2.632319 -1.394378 -1.616567
70 2 Car 0 0 11.155472 349.220000 114.118000 379.460000 194.975000 1.432353 1.477831 3.251003 42.289215 -6.589802 -1.418598 -1.633304
70 3 Car 0 0 11.093289 349.220000 114.118000 379.460000 194.975000 1.439736 1.558252 3.957146 28.744947 -7.197035 -1.546958 -1.645689
70 4 Car 0 0 9.070417 349.220000 114.118000 379.460000 194.975000 1.377451 1.491847 3.318948 18.340124 -2.904351 -1.612201 -1.600544
71 1 Car 0 0 12.292481 349.220000 114.118000 379.460000 194.975000 1.416789 1.448982 3.201869 47.949074 -2.573634 -1.380237 -1.614549
71 2 Car 0 0 11.274358 349.220000 114.118000 379.460000 194.975000 1.432353 1.477831 3.251003 43.662233 -6.498989 -1.403744 -1.627726
71 3 Car 0 0 11.247648 349.220000 114.118000 379.460000 194.975000 1.439736 1.558252 3.957146 30.075838 -7.137637 -1.536366 -1.646772
71 4 Car 0 0 9.179003 349.220000 114.118000 379.460000 194.975000 1.377451 1.491847 3.318948 19.386880 -2.892037 -1.607099 -1.600702
72 1 Car 0 0 12.403912 349.220000 114.118000 379.460000 194.975000 1.416789 1.448982 3.201869 49.431405 -2.518313 -1.366097 -1.612530
72 2 Car 0 0 11.386731 349.220000 114.118000 379.460000 194.975000 1.432353 1.477831 3.251003 45.033147 -6.412885 -1.388889 -1.622148
72 3 Car 0 0 11.381963 349.220000 114.118000 379.460000 194.975000 1.439736 1.558252 3.957146 31.402569 -7.098130 -1.526162 -1.647854
72 4 Car 0 0 9.291310 349.220000 114.118000 379.460000 194.975000 1.377451 1.491847 3.318948 20.457385 -2.867073 -1.594615 -1.600673
72 5 Car 0 0 8.177462 349.220000 114.118000 379.460000 194.975000 1.502941 1.617828 3.891248 8.191788 -3.546008 -1.700639 -1.604640
73 1 Car 0 0 12.523382 349.220000 114.118000 379.460000 194.975000 1.416789 1.448982 3.201869 50.936617 -2.461163 -1.351497 -1.610512
73 3 Car 0 0 11.499947 349.220000 114.118000 379.460000 194.975000 1.439736 1.558252 3.957146 32.725167 -7.066965 -1.515957 -1.648936
73 4 Car 0 0 9.396939 349.220000 114.118000 379.460000 194.975000 1.377451 1.491847 3.318948 21.537671 -2.833436 -1.582130 -1.600643
73 5 Car 0 0 8.307973 349.220000 114.118000 379.460000 194.975000 1.502941 1.617828 3.891248 8.995669 -3.525874 -1.693141 -1.604574
73 2 Car 0 0 11.386731 349.220000 114.118000 379.460000 194.975000 1.432353 1.477831 3.251003 45.033181 -6.415570 -1.388889 -1.622148
74 1 Car 0 0 12.646660 349.220000 114.118000 379.460000 194.975000 1.416789 1.448982 3.201869 52.464009 -2.401055 -1.336895 -1.608493
74 3 Car 0 0 11.604715 349.220000 114.118000 379.460000 194.975000 1.439736 1.558252 3.957146 34.045561 -7.036637 -1.505754 -1.650018
74 4 Car 0 0 9.492755 349.220000 114.118000 379.460000 194.975000 1.377451 1.491847 3.318948 22.620281 -2.796476 -1.569647 -1.600614
74 5 Car 0 0 8.472491 349.220000 114.118000 379.460000 194.975000 1.502941 1.617828 3.891248 9.911486 -3.499340 -1.685642 -1.604509
75 1 Car 0 0 12.768529 349.220000 114.118000 379.460000 194.975000 1.416789 1.448982 3.201869 54.001038 -2.345233 -1.322294 -1.606475
75 3 Car 0 0 11.699429 349.220000 114.118000 379.460000 194.975000 1.439736 1.558252 3.957146 35.364017 -7.008085 -1.495550 -1.651101
75 4 Car 0 0 9.589598 349.220000 114.118000 379.460000 194.975000 1.377451 1.491847 3.318948 23.719423 -2.756313 -1.564264 -1.600585
75 5 Car 0 0 8.634654 349.220000 114.118000 379.460000 194.975000 1.502941 1.617828 3.891248 10.852747 -3.476901 -1.681160 -1.604486
76 1 Car 0 0 12.887191 349.220000 114.118000 379.460000 194.975000 1.416789 1.448982 3.201869 55.539639 -2.286167 -1.307694 -1.604456
76 3 Car 0 0 11.798781 349.220000 114.118000 379.460000 194.975000 1.439736 1.558252 3.957146 36.704282 -6.970910 -1.484937 -1.652183
76 4 Car 0 0 9.681085 349.220000 114.118000 379.460000 194.975000 1.377451 1.491847 3.318948 24.825481 -2.713075 -1.558882 -1.600556
76 5 Car 0 0 8.760396 349.220000 114.118000 379.460000 194.975000 1.502941 1.617828 3.891248 11.788258 -3.455042 -1.676678 -1.604464
77 3 Car 0 0 11.895846 349.220000 114.118000 379.460000 194.975000 1.439736 1.558252 3.957146 38.054198 -6.933168 -1.474323 -1.653265
77 4 Car 0 0 9.765474 349.220000 114.118000 379.460000 194.975000 1.377451 1.491847 3.318948 25.932906 -2.671636 -1.553501 -1.600527
77 5 Car 0 0 8.852150 349.220000 114.118000 379.460000 194.975000 1.502941 1.617828 3.891248 12.720018 -3.434269 -1.672196 -1.604441
77 1 Car 0 0 12.887191 349.220000 114.118000 379.460000 194.975000 1.416789 1.448982 3.201869 55.539300 -2.292822 -1.307694 -1.604456
78 3 Car 0 0 11.986911 349.220000 114.118000 379.460000 194.975000 1.439736 1.558252 3.957146 39.408207 -6.892244 -1.463710 -1.654347
78 4 Car 0 0 9.855045 349.220000 114.118000 379.460000 194.975000 1.377451 1.491847 3.318948 27.062511 -2.628884 -1.547817 -1.600498
78 5 Car 0 0 9.005064 349.220000 114.118000 379.460000 194.975000 1.502941 1.617828 3.891248 13.722398 -3.415338 -1.659069 -1.604418
79 3 Car 0 0 12.117022 349.220000 114.118000 379.460000 194.975000 1.439736 1.558252 3.957146 40.847156 -6.831335 -1.448437 -1.645032
79 4 Car 0 0 9.942065 349.220000 114.118000 379.460000 194.975000 1.377451 1.491847 3.318948 28.201310 -2.587477 -1.542132 -1.600469
79 5 Car 0 0 9.145971 349.220000 114.118000 379.460000 194.975000 1.502941 1.617828 3.891248 14.745652 -3.397920 -1.645943 -1.604396
80 3 Car 0 0 12.273423 349.220000 114.118000 379.460000 194.975000 1.439736 1.558252 3.957146 42.359168 -6.752900 -1.433163 -1.635717
80 4 Car 0 0 10.023311 349.220000 114.118000 379.460000 194.975000 1.377451 1.491847 3.318948 29.342819 -2.544988 -1.536448 -1.600439
80 5 Car 0 0 9.263932 349.220000 114.118000 379.460000 194.975000 1.502941 1.617828 3.891248 15.773820 -3.379912 -1.632817 -1.604373
81 3 Car 0 0 12.435758 349.220000 114.118000 379.460000 194.975000 1.439736 1.558252 3.957146 43.909155 -6.673145 -1.417889 -1.626402
81 4 Car 0 0 10.097939 349.220000 114.118000 379.460000 194.975000 1.377451 1.491847 3.318948 30.484977 -2.504211 -1.530764 -1.600410
81 5 Car 0 0 9.391297 349.220000 114.118000 379.460000 194.975000 1.502941 1.617828 3.891248 16.833079 -3.358028 -1.632909 -1.604350
82 3 Car 0 0 12.588835 349.220000 114.118000 379.460000 194.975000 1.439736 1.558252 3.957146 45.465993 -6.593401 -1.402615 -1.617087
82 4 Car 0 0 10.181651 349.220000 114.118000 379.460000 194.975000 1.377451 1.491847 3.318948 31.655499 -2.471581 -1.522519 -1.600381
82 5 Car 0 0 9.507772 349.220000 114.118000 379.460000 194.975000 1.502941 1.617828 3.891248 17.903217 -3.333371 -1.633001 -1.604328
82 6 Car 0 0 5.459466 349.220000 114.118000 379.460000 194.975000 1.479167 1.355913 3.513019 33.720673 -18.394745 -1.774205 -2.291150
83 3 Car 0 0 12.729299 349.220000 114.118000 379.460000 194.975000 1.439736 1.558252 3.957146 47.017917 -6.517263 -1.387342 -1.607772
83 4 Car 0 0 10.267454 349.220000 114.118000 379.460000 194.975000 1.377451 1.491847 3.318948 32.840430 -2.443819 -1.514273 -1.600352
83 5 Car 0 0 9.656574 349.220000 114.118000 379.460000 194.975000 1.502941 1.617828 3.891248 19.032415 -3.309364 -1.632300 -1.604305
83 6 Car 0 0 5.606093 349.220000 114.118000 379.460000 194.975000 1.479167 1.355913 3.513019 34.094235 -18.059906 -1.750340 -2.285298
84 4 Car 0 0 10.349548 349.220000 114.118000 379.460000 194.975000 1.377451 1.491847 3.318948 34.029791 -2.415276 -1.506028 -1.600323
84 5 Car 0 0 9.805962 349.220000 114.118000 379.460000 194.975000 1.502941 1.617828 3.891248 20.189298 -3.284202 -1.631598 -1.604283
84 6 Car 0 0 5.767632 349.220000 114.118000 379.460000 194.975000 1.479167 1.355913 3.513019 34.509803 -17.678994 -1.726476 -2.279445
84 3 Car 0 0 12.729299 349.220000 114.118000 379.460000 194.975000 1.439736 1.558252 3.957146 47.018271 -6.517878 -1.387342 -1.607772
85 4 Car 0 0 10.426637 349.220000 114.118000 379.460000 194.975000 1.377451 1.491847 3.318948 35.219452 -2.387680 -1.497782 -1.600294
85 5 Car 0 0 9.962167 349.220000 114.118000 379.460000 194.975000 1.502941 1.617828 3.891248 21.381295 -3.255568 -1.619333 -1.604260
85 6 Car 0 0 5.790793 349.220000 114.118000 379.460000 194.975000 1.479167 1.355913 3.513019 34.925211 -17.305429 -1.702610 -2.273593
86 4 Car 0 0 10.511125 349.220000 114.118000 379.460000 194.975000 1.377451 1.491847 3.318948 36.435006 -2.348524 -1.489011 -1.600264
86 5 Car 0 0 10.112358 349.220000 114.118000 379.460000 194.975000 1.502941 1.617828 3.891248 22.592103 -3.222947 -1.607068 -1.604237
86 6 Car 0 0 5.591923 349.220000 114.118000 379.460000 194.975000 1.479167 1.355913 3.513019 35.294367 -16.990979 -1.697802 -2.272723
87 4 Car 0 0 10.596601 349.220000 114.118000 379.460000 194.975000 1.377451 1.491847 3.318948 37.663139 -2.306127 -1.480240 -1.600235
87 5 Car 0 0 10.248853 349.220000 114.118000 379.460000 194.975000 1.502941 1.617828 3.891248 23.808199 -3.191119 -1.594803 -1.604215
87 6 Car 0 0 5.419191 349.220000 114.118000 379.460000 194.975000 1.479167 1.355913 3.513019 35.651265 -16.709232 -1.692995 -2.271853
88 4 Car 0 0 10.691189 349.220000 114.118000 379.460000 194.975000 1.377451 1.491847 3.318948 38.922017 -2.261639 -1.471020 -1.600206
88 5 Car 0 0 10.396864 349.220000 114.118000 379.460000 194.975000 1.502941 1.617828 3.891248 25.065368 -3.158748 -1.581791 -1.604192
88 6 Car 0 0 5.291032 349.220000 114.118000 379.460000 194.975000 1.479167 1.355913 3.513019 36.003534 -16.432371 -1.688187 -2.270983
88 7 Car 0 0 7.948508 349.220000 114.118000 379.460000 194.975000 1.691299 1.579093 3.952055 8.197569 -3.580261 -1.695424 -1.597274
89 4 Car 0 0 10.787537 349.220000 114.118000 379.460000 194.975000 1.377451 1.491847 3.318948 40.197374 -2.219190 -1.461799 -1.600177
89 5 Car 0 0 10.546383 349.220000 114.118000 379.460000 194.975000 1.502941 1.617828 3.891248 26.350037 -3.127812 -1.568778 -1.604169
89 6 Car 0 0 5.196968 349.220000 114.118000 379.460000 194.975000 1.479167 1.355913 3.513019 36.353587 -16.152612 -1.683380 -2.270113
89 7 Car 0 0 8.078869 349.220000 114.118000 379.460000 194.975000 1.691299 1.579093 3.952055 8.975952 -3.565142 -1.689041 -1.599902
90 4 Car 0 0 10.880821 349.220000 114.118000 379.460000 194.975000 1.377451 1.491847 3.318948 41.478600 -2.177259 -1.452578 -1.600148
90 5 Car 0 0 10.687648 349.220000 114.118000 379.460000 194.975000 1.502941 1.617828 3.891248 27.645405 -3.097074 -1.555766 -1.604147
90 6 Car 0 0 5.124589 349.220000 114.118000 379.460000 194.975000 1.479167 1.355913 3.513019 36.703411 -15.869289 -1.678573 -2.269243
90 7 Car 0 0 8.242352 349.220000 114.118000 379.460000 194.975000 1.691299 1.579093 3.952055 9.860846 -3.547154 -1.682657 -1.602529
91 4 Car 0 0 10.969211 349.220000 114.118000 379.460000 194.975000 1.377451 1.491847 3.318948 42.760919 -2.133090 -1.443357 -1.600119
91 5 Car 0 0 10.846885 349.220000 114.118000 379.460000 194.975000 1.502941 1.617828 3.891248 28.994637 -3.064859 -1.546847 -1.604124
91 6 Car 0 0 5.063963 349.220000 114.118000 379.460000 194.975000 1.479167 1.355913 3.513019 37.053972 -15.582434 -1.673765 -2.268373
91 7 Car 0 0 8.386797 349.220000 114.118000 379.460000 194.975000 1.691299 1.579093 3.952055 10.764479 -3.515993 -1.676837 -1.599894
92 4 Car 0 0 11.067050 349.220000 114.118000 379.460000 194.975000 1.377451 1.491847 3.318948 44.073008 -2.088187 -1.431137 -1.600115
92 5 Car 0 0 11.018081 349.220000 114.118000 379.460000 194.975000 1.502941 1.617828 3.891248 30.391275 -3.035356 -1.537928 -1.604101
92 6 Car 0 0 5.014951 349.220000 114.118000 379.460000 194.975000 1.479167 1.355913 3.513019 37.403923 -15.297113 -1.668958 -2.267503
92 7 Car 0 0 8.522806 349.220000 114.118000 379.460000 194.975000 1.691299 1.579093 3.952055 11.681597 -3.498542 -1.670966 -1.597259
93 4 Car 0 0 11.168977 349.220000 114.118000 379.460000 194.975000 1.377451 1.491847 3.318948 45.403881 -2.041233 -1.418916 -1.600111
93 5 Car 0 0 11.186733 349.220000 114.118000 379.460000 194.975000 1.502941 1.617828 3.891248 31.810740 -3.005686 -1.529008 -1.604079
93 6 Car 0 0 4.922460 349.220000 114.118000 379.460000 194.975000 1.479167 1.355913 3.513019 37.718468 -15.052686 -1.652734 -2.266633
93 7 Car 0 0 8.627324 349.220000 114.118000 379.460000 194.975000 1.691299 1.579093 3.952055 12.600844 -3.484611 -1.665094 -1.594624
94 4 Car 0 0 11.268545 349.220000 114.118000 379.460000 194.975000 1.377451 1.491847 3.318948 46.742447 -1.992324 -1.406695 -1.600107
94 5 Car 0 0 11.343676 349.220000 114.118000 379.460000 194.975000 1.502941 1.617828 3.891248 33.233331 -2.974877 -1.520089 -1.604056
94 6 Car 0 0 4.822638 349.220000 114.118000 379.460000 194.975000 1.479167 1.355913 3.513019 38.015194 -14.834463 -1.636509 -2.265763
94 7 Car 0 0 8.751012 349.220000 114.118000 379.460000 194.975000 1.691299 1.579093 3.952055 13.557669 -3.463775 -1.658634 -1.597354
95 4 Car 0 0 11.363668 349.220000 114.118000 379.460000 194.975000 1.377451 1.491847 3.318948 48.082767 -1.944321 -1.394474 -1.600103
95 5 Car 0 0 11.502496 349.220000 114.118000 379.460000 194.975000 1.502941 1.617828 3.891248 34.683345 -2.930263 -1.512488 -1.604034
95 6 Car 0 0 4.730058 349.220000 114.118000 379.460000 194.975000 1.479167 1.355913 3.513019 38.302132 -14.625485 -1.620285 -2.264893
95 7 Car 0 0 8.856324 349.220000 114.118000 379.460000 194.975000 1.691299 1.579093 3.952055 14.524815 -3.440409 -1.652175 -1.600083
96 4 Car 0 0 11.453694 349.220000 114.118000 379.460000 194.975000 1.377451 1.491847 3.318948 49.422580 -1.896097 -1.382253 -1.600099
96 5 Car 0 0 11.663759 349.220000 114.118000 379.460000 194.975000 1.502941 1.617828 3.891248 36.160588 -2.877326 -1.504887 -1.604011
96 6 Car 0 0 4.635486 349.220000 114.118000 379.460000 194.975000 1.479167 1.355913 3.513019 38.577613 -14.438344 -1.616604 -2.255155
96 7 Car 0 0 8.943633 349.220000 114.118000 379.460000 194.975000 1.691299 1.579093 3.952055 15.493390 -3.416805 -1.645715 -1.602813
97 5 Car 0 0 11.821444 349.220000 114.118000 379.460000 194.975000 1.502941 1.617828 3.891248 37.653426 -2.825023 -1.497296 -1.603988
97 6 Car 0 0 4.542133 349.220000 114.118000 379.460000 194.975000 1.479167 1.355913 3.513019 38.839956 -14.265051 -1.612923 -2.245416
97 7 Car 0 0 9.046323 349.220000 114.118000 379.460000 194.975000 1.691299 1.579093 3.952055 16.492228 -3.391369 -1.638941 -1.605542
97 4 Car 0 0 11.453694 349.220000 114.118000 379.460000 194.975000 1.377451 1.491847 3.318948 49.422057 -1.900439 -1.382253 -1.600099
98 5 Car 0 0 11.984548 349.220000 114.118000 379.460000 194.975000 1.502941 1.617828 3.891248 39.178187 -2.763257 -1.488891 -1.603966
98 6 Car 0 0 4.455094 349.220000 114.118000 379.460000 194.975000 1.479167 1.355913 3.513019 39.100336 -14.091043 -1.609242 -2.235678
98 7 Car 0 0 9.139520 349.220000 114.118000 379.460000 194.975000 1.691299 1.579093 3.952055 17.500653 -3.364255 -1.632167 -1.608272
98 8 Car 0 0 9.081794 349.220000 114.118000 379.460000 194.975000 1.408456 1.569173 3.226245 8.588935 -3.580765 -1.667469 -1.570700
99 5 Car 0 0 12.150783 349.220000 114.118000 379.460000 194.975000 1.502941 1.617828 3.891248 40.732965 -2.698116 -1.480485 -1.603943
99 6 Car 0 0 4.375819 349.220000 114.118000 379.460000 194.975000 1.479167 1.355913 3.513019 39.360518 -13.915581 -1.605561 -2.225940
99 7 Car 0 0 9.253213 349.220000 114.118000 379.460000 194.975000 1.691299 1.579093 3.952055 18.550193 -3.342114 -1.624836 -1.611001
99 8 Car 0 0 9.207589 349.220000 114.118000 379.460000 194.975000 1.408456 1.569173 3.226245 9.482263 -3.569988 -1.665215 -1.570687
100 5 Car 0 0 12.312794 349.220000 114.118000 379.460000 194.975000 1.502941 1.617828 3.891248 42.301729 -2.638353 -1.459590 -1.603920
100 6 Car 0 0 4.304768 349.220000 114.118000 379.460000 194.975000 1.479167 1.355913 3.513019 39.620621 -13.739367 -1.601880 -2.216201
100 7 Car 0 0 9.362412 349.220000 114.118000 379.460000 194.975000 1.691299 1.579093 3.952055 19.614015 -3.322755 -1.617504 -1.613731
100 8 Car 0 0 9.374831 349.220000 114.118000 379.460000 194.975000 1.408456 1.569173 3.226245 10.496198 -3.554544 -1.662961 -1.570673
101 5 Car 0 0 12.464189 349.220000 114.118000 379.460000 194.975000 1.502941 1.617828 3.891248 43.872462 -2.579108 -1.438694 -1.603898
101 6 Car 0 0 4.238231 349.220000 114.118000 379.460000 194.975000 1.479167 1.355913 3.513019 39.881769 -13.559439 -1.598199 -2.206463
101 7 Car 0 0 9.442655 349.220000 114.118000 379.460000 194.975000 1.691299 1.579093 3.952055 20.657820 -3.293510 -1.611186 -1.614851
101 8 Car 0 0 9.499387 349.220000 114.118000 379.460000 194.975000 1.408456 1.569173 3.226245 11.499389 -3.540280 -1.660706 -1.570659
102 5 Car 0 0 12.608071 349.220000 114.118000 379.460000 194.975000 1.502941 1.617828 3.891248 45.440661 -2.521329 -1.417799 -1.603875
102 6 Car 0 0 4.137407 349.220000 114.118000 379.460000 194.975000 1.479167 1.355913 3.513019 40.105287 -13.415272 -1.584874 -2.196724
102 7 Car 0 0 9.544288 349.220000 114.118000 379.460000 194.975000 1.691299 1.579093 3.952055 21.745265 -3.261126 -1.604145 -1.615971
102 8 Car 0 0 9.560119 349.220000 114.118000 379.460000 194.975000 1.408456 1.569173 3.226245 12.474645 -3.526085 -1.653121 -1.572045
102 9 Car 0 0 9.976991 349.220000 114.118000 379.460000 194.975000 1.448468 1.606648 4.202972 12.449932 -7.446235 -1.678992 -1.596901
103 5 Car 0 0 12.744749 349.220000 114.118000 379.460000 194.975000 1.502941 1.617828 3.891248 47.006020 -2.467931 -1.396903 -1.603853
103 6 Car 0 0 4.021423 349.220000 114.118000 379.460000 194.975000 1.479167 1.355913 3.513019 40.287587 -13.304054 -1.571549 -2.186986
103 7 Car 0 0 9.644566 349.220000 114.118000 379.460000 194.975000 1.691299 1.579093 3.952055 22.846943 -3.235158 -1.597230 -1.617091
103 8 Car 0 0 9.667028 349.220000 114.118000 379.460000 194.975000 1.408456 1.569173 3.226245 13.495179 -3.512170 -1.644911 -1.573430
103 9 Car 0 0 10.076027 349.220000 114.118000 379.460000 194.975000 1.448468 1.606648 4.202972 13.374422 -7.430300 -1.670438 -1.596586
104 5 Car 0 0 12.875178 349.220000 114.118000 379.460000 194.975000 1.502941 1.617828 3.891248 48.570897 -2.409604 -1.376008 -1.603830
104 6 Car 0 0 3.906587 349.220000 114.118000 379.460000 194.975000 1.479167 1.355913 3.513019 40.456793 -13.197373 -1.558223 -2.177248
104 7 Car 0 0 9.736614 349.220000 114.118000 379.460000 194.975000 1.691299 1.579093 3.952055 23.953405 -3.210021 -1.590315 -1.618212
104 8 Car 0 0 9.755652 349.220000 114.118000 379.460000 194.975000 1.408456 1.569173 3.226245 14.526795 -3.497438 -1.636701 -1.574815
104 9 Car 0 0 10.178387 349.220000 114.118000 379.460000 194.975000 1.448468 1.606648 4.202972 14.401005 -7.410511 -1.661882 -1.596271
105 5 Car 0 0 13.001403 349.220000 114.118000 379.460000 194.975000 1.502941 1.617828 3.891248 50.138822 -2.340719 -1.361835 -1.603803
105 6 Car 0 0 3.800572 349.220000 114.118000 379.460000 194.975000 1.479167 1.355913 3.513019 40.624957 -13.090282 -1.544898 -2.167509
105 7 Car 0 0 9.838078 349.220000 114.118000 379.460000 194.975000 1.691299 1.579093 3.952055 25.095654 -3.179675 -1.582747 -1.619332
105 8 Car 0 0 9.811658 349.220000 114.118000 379.460000 194.975000 1.408456 1.569173 3.226245 15.548819 -3.483248 -1.628601 -1.576200
105 9 Car 0 0 10.263367 349.220000 114.118000 379.460000 194.975000 1.448468 1.606648 4.202972 15.452981 -7.392699 -1.652775 -1.595956
106 5 Car 0 0 13.124212 349.220000 114.118000 379.460000 194.975000 1.502941 1.617828 3.891248 51.710486 -2.264482 -1.347663 -1.603776
106 6 Car 0 0 3.692549 349.220000 114.118000 379.460000 194.975000 1.479167 1.355913 3.513019 40.778650 -12.988460 -1.541651 -2.166372
106 7 Car 0 0 9.926209 349.220000 114.118000 379.460000 194.975000 1.691299 1.579093 3.952055 26.226233 -3.141747 -1.573660 -1.617895
106 8 Car 0 0 9.913258 349.220000 114.118000 379.460000 194.975000 1.408456 1.569173 3.226245 16.626750 -3.468669 -1.619768 -1.577586
106 9 Car 0 0 10.316321 349.220000 114.118000 379.460000 194.975000 1.448468 1.606648 4.202972 16.499015 -7.374904 -1.643667 -1.595641
107 5 Car 0 0 13.242477 349.220000 114.118000 379.460000 194.975000 1.502941 1.617828 3.891248 53.283518 -2.186527 -1.333491 -1.603749
107 6 Car 0 0 3.584296 349.220000 114.118000 379.460000 194.975000 1.479167 1.355913 3.513019 40.922889 -12.889690 -1.538405 -2.165234
107 7 Car 0 0 10.002589 349.220000 114.118000 379.460000 194.975000 1.691299 1.579093 3.952055 27.348474 -3.100871 -1.564572 -1.616458
107 8 Car 0 0 10.011538 349.220000 114.118000 379.460000 194.975000 1.408456 1.569173 3.226245 17.718623 -3.454259 -1.610935 -1.578971
107 9 Car 0 0 10.346213 349.220000 114.118000 379.460000 194.975000 1.448468 1.606648 4.202972 17.542681 -7.357247 -1.634559 -1.595326
108 5 Car 0 0 13.355805 349.220000 114.118000 379.460000 194.975000 1.502941 1.617828 3.891248 54.856633 -2.108543 -1.319319 -1.603722
108 6 Car 0 0 3.477944 349.220000 114.118000 379.460000 194.975000 1.479167 1.355913 3.513019 41.063811 -12.790984 -1.535158 -2.164096
108 7 Car 0 0 10.084520 349.220000 114.118000 379.460000 194.975000 1.691299 1.579093 3.952055 28.492034 -3.059515 -1.555103 -1.615021
108 8 Car 0 0 10.123830 349.220000 114.118000 379.460000 194.975000 1.408456 1.569173 3.226245 18.841977 -3.435368 -1.604865 -1.580356
108 9 Car 0 0 10.385083 349.220000 114.118000 379.460000 194.975000 1.448468 1.606648 4.202972 18.603362 -7.345055 -1.625374 -1.597203
109 5 Car 0 0 13.461621 349.220000 114.118000 379.460000 194.975000 1.502941 1.617828 3.891248 56.429701 -2.033148 -1.305146 -1.603694
109 6 Car 0 0 3.375602 349.220000 114.118000 379.460000 194.975000 1.479167 1.355913 3.513019 41.203290 -12.693601 -1.531912 -2.162958
109 7 Car 0 0 10.164527 349.220000 114.118000 379.460000 194.975000 1.691299 1.579093 3.952055 29.644038 -3.019699 -1.545634 -1.613584
109 8 Car 0 0 10.227192 349.220000 114.118000 379.460000 194.975000 1.408456 1.569173 3.226245 19.975855 -3.415488 -1.598794 -1.581741
109 9 Car 0 0 10.416689 349.220000 114.118000 379.460000 194.975000 1.448468 1.606648 4.202972 19.667008 -7.335144 -1.616188 -1.599079
110 6 Car 0 0 3.243381 349.220000 114.118000 379.460000 194.975000 1.479167 1.355913 3.513019 41.315635 -12.641137 -1.530822 -2.161821
110 7 Car 0 0 10.239869 349.220000 114.118000 379.460000 194.975000 1.691299 1.579093 3.952055 30.798587 -2.980727 -1.536165 -1.612147
110 8 Car 0 0 10.318091 349.220000 114.118000 379.460000 194.975000 1.408456 1.569173 3.226245 21.112018 -3.395705 -1.592723 -1.583127
110 9 Car 0 0 10.442929 349.220000 114.118000 379.460000 194.975000 1.448468 1.606648 4.202972 20.730641 -7.325493 -1.607003 -1.600955
110 5 Car 0 0 13.461621 349.220000 114.118000 379.460000 194.975000 1.502941 1.617828 3.891248 56.428959 -2.037883 -1.305146 -1.603694
111 6 Car 0 0 3.071397 349.220000 114.118000 379.460000 194.975000 1.479167 1.355913 3.513019 41.355769 -12.628946 -1.529732 -2.160683
111 7 Car 0 0 10.310159 349.220000 114.118000 379.460000 194.975000 1.691299 1.579093 3.952055 31.954631 -2.936584 -1.529828 -1.614720
111 8 Car 0 0 10.397128 349.220000 114.118000 379.460000 194.975000 1.408456 1.569173 3.226245 22.248417 -3.375175 -1.586652 -1.584512
111 9 Car 0 0 10.480249 349.220000 114.118000 379.460000 194.975000 1.448468 1.606648 4.202972 21.811370 -7.307188 -1.597485 -1.602832
112 6 Car 0 0 2.879894 349.220000 114.118000 379.460000 194.975000 1.479167 1.355913 3.513019 41.346592 -12.639602 -1.528642 -2.159545
112 7 Car 0 0 10.375626 349.220000 114.118000 379.460000 194.975000 1.691299 1.579093 3.952055 33.110527 -2.891571 -1.523492 -1.617294
112 8 Car 0 0 10.476451 349.220000 114.118000 379.460000 194.975000 1.408456 1.569173 3.226245 23.397839 -3.343973 -1.578963 -1.585897
112 9 Car 0 0 10.514694 349.220000 114.118000 379.460000 194.975000 1.448468 1.606648 4.202972 22.895058 -7.286631 -1.587967 -1.604708
113 6 Car 0 0 2.694285 349.220000 114.118000 379.460000 194.975000 1.479167 1.355913 3.513019 41.340589 -12.647233 -1.527551 -2.158407
113 7 Car 0 0 10.436708 349.220000 114.118000 379.460000 194.975000 1.691299 1.579093 3.952055 34.266196 -2.846615 -1.517157 -1.619867
113 8 Car 0 0 10.550130 349.220000 114.118000 379.460000 194.975000 1.408456 1.569173 3.226245 24.551612 -3.308466 -1.571274 -1.587283
113 9 Car 0 0 10.545049 349.220000 114.118000 379.460000 194.975000 1.448468 1.606648 4.202972 23.979242 -7.265825 -1.578450 -1.606584
114 6 Car 0 0 2.514653 349.220000 114.118000 379.460000 194.975000 1.479167 1.355913 3.513019 41.346317 -12.646572 -1.526462 -2.157270
114 7 Car 0 0 10.507435 349.220000 114.118000 379.460000 194.975000 1.691299 1.579093 3.952055 35.450066 -2.801337 -1.510430 -1.622441
114 8 Car 0 0 10.643337 349.220000 114.118000 379.460000 194.975000 1.408456 1.569173 3.226245 25.748585 -3.275498 -1.563051 -1.588668
114 9 Car 0 0 10.583476 349.220000 114.118000 379.460000 194.975000 1.448468 1.606648 4.202972 25.079611 -7.240160 -1.568707 -1.608461
115 6 Car 0 0 2.336392 349.220000 114.118000 379.460000 194.975000 1.479167 1.355913 3.513019 41.356244 -12.642937 -1.525371 -2.156132
115 7 Car 0 0 10.578830 349.220000 114.118000 379.460000 194.975000 1.691299 1.579093 3.952055 36.644293 -2.757248 -1.503705 -1.625015
115 8 Car 0 0 10.736935 349.220000 114.118000 379.460000 194.975000 1.408456 1.569173 3.226245 26.961161 -3.245193 -1.554828 -1.590053
115 9 Car 0 0 10.619922 349.220000 114.118000 379.460000 194.975000 1.448468 1.606648 4.202972 26.182864 -7.213630 -1.558965 -1.610337
116 6 Car 0 0 2.144550 349.220000 114.118000 379.460000 194.975000 1.479167 1.355913 3.513019 41.356613 -12.637029 -1.526416 -2.154994
116 7 Car 0 0 10.653300 349.220000 114.118000 379.460000 194.975000 1.691299 1.579093 3.952055 37.855512 -2.715844 -1.493636 -1.625031
116 8 Car 0 0 10.824375 349.220000 114.118000 379.460000 194.975000 1.408456 1.569173 3.226245 28.178827 -3.214163 -1.546605 -1.591438
116 9 Car 0 0 10.651940 349.220000 114.118000 379.460000 194.975000 1.448468 1.606648 4.202972 27.286964 -7.185939 -1.549223 -1.612213
117 6 Car 0 0 1.937865 349.220000 114.118000 379.460000 194.975000 1.479167 1.355913 3.513019 41.347686 -12.635418 -1.527461 -2.153857
117 7 Car 0 0 10.726516 349.220000 114.118000 379.460000 194.975000 1.691299 1.579093 3.952055 39.073225 -2.678861 -1.483568 -1.625047
117 8 Car 0 0 10.904269 349.220000 114.118000 379.460000 194.975000 1.408456 1.569173 3.226245 29.397053 -3.184765 -1.538382 -1.592824
117 9 Car 0 0 10.722067 349.220000 114.118000 379.460000 194.975000 1.448468 1.606648 4.202972 28.452567 -7.152217 -1.538596 -1.614090
118 6 Car 0 0 1.721362 349.220000 114.118000 379.460000 194.975000 1.479167 1.355913 3.513019 41.335154 -12.635591 -1.528506 -2.152719
118 7 Car 0 0 10.796319 349.220000 114.118000 379.460000 194.975000 1.691299 1.579093 3.952055 40.292651 -2.642474 -1.473499 -1.625064
118 8 Car 0 0 10.977988 349.220000 114.118000 379.460000 194.975000 1.408456 1.569173 3.226245 30.614947 -3.155473 -1.530159 -1.594209
118 9 Car 0 0 10.760821 349.220000 114.118000 379.460000 194.975000 1.448468 1.606648 4.202972 29.579847 -7.116313 -1.534919 -1.614112
119 6 Car 0 0 1.496060 349.220000 114.118000 379.460000 194.975000 1.479167 1.355913 3.513019 41.323441 -12.632178 -1.529550 -2.151581
119 7 Car 0 0 10.877011 349.220000 114.118000 379.460000 194.975000 1.691299 1.579093 3.952055 41.543799 -2.589554 -1.470572 -1.625080
119 8 Car 0 0 11.050013 349.220000 114.118000 379.460000 194.975000 1.408456 1.569173 3.226245 31.841400 -3.121373 -1.518056 -1.595594
119 9 Car 0 0 10.787991 349.220000 114.118000 379.460000 194.975000 1.448468 1.606648 4.202972 30.695642 -7.079382 -1.531241 -1.614134
120 6 Car 0 0 1.265557 349.220000 114.118000 379.460000 194.975000 1.479167 1.355913 3.513019 41.312020 -12.629783 -1.530595 -2.150443
120 7 Car 0 0 10.960422 349.220000 114.118000 379.460000 194.975000 1.691299 1.579093 3.952055 42.810559 -2.531309 -1.467646 -1.625096
120 8 Car 0 0 11.117134 349.220000 114.118000 379.460000 194.975000 1.408456 1.569173 3.226245 33.070426 -3.087204 -1.505954 -1.596979
120 9 Car 0 0 10.818598 349.220000 114.118000 379.460000 194.975000 1.448468 1.606648 4.202972 31.821047 -7.037922 -1.527335 -1.614156
121 6 Car 0 0 1.035378 349.220000 114.118000 379.460000 194.975000 1.479167 1.355913 3.513019 41.301651 -12.626722 -1.531640 -2.149306
121 7 Car 0 0 11.041603 349.220000 114.118000 379.460000 194.975000 1.691299 1.579093 3.952055 44.082776 -2.471678 -1.464719 -1.625113
121 8 Car 0 0 11.180772 349.220000 114.118000 379.460000 194.975000 1.408456 1.569173 3.226245 34.300318 -3.052893 -1.493850 -1.598365
121 9 Car 0 0 10.847679 349.220000 114.118000 379.460000 194.975000 1.448468 1.606648 4.202972 32.948482 -6.994579 -1.523429 -1.614178
122 6 Car 0 0 0.813421 349.220000 114.118000 379.460000 194.975000 1.479167 1.355913 3.513019 41.292529 -12.624076 -1.532685 -2.148168
122 7 Car 0 0 11.118989 349.220000 114.118000 379.460000 194.975000 1.691299 1.579093 3.952055 45.355906 -2.413445 -1.461793 -1.625129
122 8 Car 0 0 11.193130 349.220000 114.118000 379.460000 194.975000 1.408456 1.569173 3.226245 35.439303 -3.017809 -1.485747 -1.598385
122 9 Car 0 0 10.885819 349.220000 114.118000 379.460000 194.975000 1.448468 1.606648 4.202972 34.095754 -6.947553 -1.508806 -1.615976
123 6 Car 0 0 0.615065 349.220000 114.118000 379.460000 194.975000 1.479167 1.355913 3.513019 41.285163 -12.619089 -1.533730 -2.147030
123 7 Car 0 0 11.199312 349.220000 114.118000 379.460000 194.975000 1.691299 1.579093 3.952055 46.644092 -2.351449 -1.440335 -1.625145
123 8 Car 0 0 11.242501 349.220000 114.118000 379.460000 194.975000 1.408456 1.569173 3.226245 36.652282 -2.981804 -1.476411 -1.598406
123 9 Car 0 0 10.923143 349.220000 114.118000 379.460000 194.975000 1.448468 1.606648 4.202972 35.247627 -6.898514 -1.494182 -1.617774
124 6 Car 0 0 0.454739 349.220000 114.118000 379.460000 194.975000 1.479167 1.355913 3.513019 41.279505 -12.615392 -1.534774 -2.145893
124 7 Car 0 0 11.278996 349.220000 114.118000 379.460000 194.975000 1.691299 1.579093 3.952055 47.939859 -2.289878 -1.418878 -1.625162
124 8 Car 0 0 11.296679 349.220000 114.118000 379.460000 194.975000 1.408456 1.569173 3.226245 37.881766 -2.946940 -1.467076 -1.598427
124 9 Car 0 0 10.958017 349.220000 114.118000 379.460000 194.975000 1.448468 1.606648 4.202972 36.400341 -6.850626 -1.479558 -1.619572
125 6 Car 0 0 0.336175 349.220000 114.118000 379.460000 194.975000 1.479167 1.355913 3.513019 41.275539 -12.611722 -1.535818 -2.144755
125 7 Car 0 0 11.355976 349.220000 114.118000 379.460000 194.975000 1.691299 1.579093 3.952055 49.238063 -2.227781 -1.397421 -1.625178
125 8 Car 0 0 11.354883 349.220000 114.118000 379.460000 194.975000 1.408456 1.569173 3.226245 39.125386 -2.900526 -1.467904 -1.598447
125 9 Car 0 0 11.002529 349.220000 114.118000 379.460000 194.975000 1.448468 1.606648 4.202972 37.576336 -6.804725 -1.488105 -1.617818
126 6 Car 0 0 0.249491 349.220000 114.118000 379.460000 194.975000 1.479167 1.355913 3.513019 41.291474 -12.603854 -1.524585 -2.144770
126 7 Car 0 0 11.447444 349.220000 114.118000 379.460000 194.975000 1.691299 1.579093 3.952055 50.578271 -2.185860 -1.384420 -1.620480
126 8 Car 0 0 11.410841 349.220000 114.118000 379.460000 194.975000 1.408456 1.569173 3.226245 40.373060 -2.849214 -1.468734 -1.598468
126 9 Car 0 0 11.046699 349.220000 114.118000 379.460000 194.975000 1.448468 1.606648 4.202972 38.758147 -6.759044 -1.496652 -1.616064
127 6 Car 0 0 0.172137 349.220000 114.118000 379.460000 194.975000 1.479167 1.355913 3.513019 41.311122 -12.595028 -1.513352 -2.144785
127 7 Car 0 0 11.545833 349.220000 114.118000 379.460000 194.975000 1.691299 1.579093 3.952055 51.945310 -2.156058 -1.371419 -1.615782
127 8 Car 0 0 11.463824 349.220000 114.118000 379.460000 194.975000 1.408456 1.569173 3.226245 41.621868 -2.797795 -1.469563 -1.598489
127 9 Car 0 0 11.088601 349.220000 114.118000 379.460000 194.975000 1.448468 1.606648 4.202972 39.941326 -6.713988 -1.505199 -1.614310
128 6 Car 0 0 0.125576 349.220000 114.118000 379.460000 194.975000 1.479167 1.355913 3.513019 41.331823 -12.582265 -1.502119 -2.144800
128 7 Car 0 0 11.643499 349.220000 114.118000 379.460000 194.975000 1.691299 1.579093 3.952055 53.323077 -2.126617 -1.358418 -1.611085
128 8 Car 0 0 11.525707 349.220000 114.118000 379.460000 194.975000 1.408456 1.569173 3.226245 42.897387 -2.751091 -1.448616 -1.598510
128 9 Car 0 0 11.140221 349.220000 114.118000 379.460000 194.975000 1.448468 1.606648 4.202972 41.149826 -6.662839 -1.484230 -1.615585
129 6 Car 0 0 0.097318 349.220000 114.118000 379.460000 194.975000 1.479167 1.355913 3.513019 41.352603 -12.572356 -1.490885 -2.144815
129 7 Car 0 0 11.737248 349.220000 114.118000 379.460000 194.975000 1.691299 1.579093 3.952055 54.702439 -2.099427 -1.345416 -1.606387
129 8 Car 0 0 11.587958 349.220000 114.118000 379.460000 194.975000 1.408456 1.569173 3.226245 44.182395 -2.709910 -1.427670 -1.598530
129 9 Car 0 0 11.190978 349.220000 114.118000 379.460000 194.975000 1.448468 1.606648 4.202972 42.365248 -6.612267 -1.463261 -1.616860
130 6 Car 0 0 0.087699 349.220000 114.118000 379.460000 194.975000 1.479167 1.355913 3.513019 41.373731 -12.561867 -1.479652 -2.144830
130 7 Car 0 0 11.826823 349.220000 114.118000 379.460000 194.975000 1.691299 1.579093 3.952055 56.080872 -2.069830 -1.332416 -1.601689
130 8 Car 0 0 11.648220 349.220000 114.118000 379.460000 194.975000 1.408456 1.569173 3.226245 45.470117 -2.668322 -1.406724 -1.598551
130 9 Car 0 0 11.239814 349.220000 114.118000 379.460000 194.975000 1.448468 1.606648 4.202972 43.582256 -6.560396 -1.442293 -1.618135
131 6 Car 0 0 0.083320 349.220000 114.118000 379.460000 194.975000 1.479167 1.355913 3.513019 41.368770 -12.560261 -1.481287 -2.146659
131 8 Car 0 0 11.705752 349.220000 114.118000 379.460000 194.975000 1.408456 1.569173 3.226245 46.758181 -2.626902 -1.385777 -1.598572
131 9 Car 0 0 11.278419 349.220000 114.118000 379.460000 194.975000 1.448468 1.606648 4.202972 44.784457 -6.519623 -1.430778 -1.619409
131 7 Car 0 0 11.826823 349.220000 114.118000 379.460000 194.975000 1.691299 1.579093 3.952055 56.080522 -2.072252 -1.332416 -1.601689
132 6 Car 0 0 0.084827 349.220000 114.118000 379.460000 194.975000 1.479167 1.355913 3.513019 41.360523 -12.560610 -1.482921 -2.148488
132 8 Car 0 0 11.773320 349.220000 114.118000 379.460000 194.975000 1.408456 1.569173 3.226245 48.070662 -2.592839 -1.373218 -1.598587
132 9 Car 0 0 11.312629 349.220000 114.118000 379.460000 194.975000 1.448468 1.606648 4.202972 45.982393 -6.481319 -1.419263 -1.620684
133 6 Car 0 0 0.093377 349.220000 114.118000 379.460000 194.975000 1.479167 1.355913 3.513019 41.351645 -12.563581 -1.484556 -2.150316
133 8 Car 0 0 11.839606 349.220000 114.118000 379.460000 194.975000 1.408456 1.569173 3.226245 49.394789 -2.563842 -1.360659 -1.598601
133 9 Car 0 0 11.344436 349.220000 114.118000 379.460000 194.975000 1.448468 1.606648 4.202972 47.179236 -6.444105 -1.407749 -1.621959
134 6 Car 0 0 0.110334 349.220000 114.118000 379.460000 194.975000 1.479167 1.355913 3.513019 41.342435 -12.568856 -1.486191 -2.152145
134 8 Car 0 0 11.903675 349.220000 114.118000 379.460000 194.975000 1.408456 1.569173 3.226245 50.721412 -2.535716 -1.348100 -1.598616
134 9 Car 0 0 11.385878 349.220000 114.118000 379.460000 194.975000 1.448468 1.606648 4.202972 48.400182 -6.389755 -1.395699 -1.623234
135 6 Car 0 0 0.131225 349.220000 114.118000 379.460000 194.975000 1.479167 1.355913 3.513019 41.332982 -12.576281 -1.487826 -2.153973
135 8 Car 0 0 11.965088 349.220000 114.118000 379.460000 194.975000 1.408456 1.569173 3.226245 52.048205 -2.507184 -1.335540 -1.598631
135 9 Car 0 0 11.428726 349.220000 114.118000 379.460000 194.975000 1.448468 1.606648 4.202972 49.627795 -6.328550 -1.383648 -1.624508
136 6 Car 0 0 0.160722 349.220000 114.118000 379.460000 194.975000 1.479167 1.355913 3.513019 41.324221 -12.582234 -1.489460 -2.155802
136 8 Car 0 0 12.023072 349.220000 114.118000 379.460000 194.975000 1.408456 1.569173 3.226245 53.375619 -2.476626 -1.322981 -1.598646
136 9 Car 0 0 11.469770 349.220000 114.118000 379.460000 194.975000 1.448468 1.606648 4.202972 50.857509 -6.265149 -1.371597 -1.625783
137 6 Car 0 0 0.179828 349.220000 114.118000 379.460000 194.975000 1.479167 1.355913 3.513019 41.314904 -12.591050 -1.491095 -2.157631
137 9 Car 0 0 11.519732 349.220000 114.118000 379.460000 194.975000 1.448468 1.606648 4.202972 52.111729 -6.210411 -1.359283 -1.627058
137 8 Car 0 0 12.023072 349.220000 114.118000 379.460000 194.975000 1.408456 1.569173 3.226245 53.375329 -2.477031 -1.322981 -1.598646
138 6 Car 0 0 0.201438 349.220000 114.118000 379.460000 194.975000 1.479167 1.355913 3.513019 41.306243 -12.596825 -1.492730 -2.159459
138 9 Car 0 0 11.570482 349.220000 114.118000 379.460000 194.975000 1.448468 1.606648 4.202972 53.374195 -6.156740 -1.346969 -1.628333
139 6 Car 0 0 0.204034 349.220000 114.118000 379.460000 194.975000 1.479167 1.355913 3.513019 41.296582 -12.606240 -1.494363 -2.161288
139 9 Car 0 0 11.619074 349.220000 114.118000 379.460000 194.975000 1.448468 1.606648 4.202972 54.637970 -6.106475 -1.334654 -1.629608
140 6 Car 0 0 0.197282 349.220000 114.118000 379.460000 194.975000 1.479167 1.355913 3.513019 41.286928 -12.614056 -1.495998 -2.163116
140 9 Car 0 0 11.670222 349.220000 114.118000 379.460000 194.975000 1.448468 1.606648 4.202972 55.912894 -6.054116 -1.322205 -1.630882
141 6 Car 0 0 0.121867 349.220000 114.118000 379.460000 194.975000 1.479167 1.355913 3.513019 41.302563 -12.610611 -1.507887 -2.161318
141 9 Car 0 0 11.720510 349.220000 114.118000 379.460000 194.975000 1.448468 1.606648 4.202972 57.191482 -6.002105 -1.309755 -1.632157
142 6 Car 0 0 0.035982 349.220000 114.118000 379.460000 194.975000 1.479167 1.355913 3.513019 41.321451 -12.598617 -1.519775 -2.159520
142 9 Car 0 0 11.768769 349.220000 114.118000 379.460000 194.975000 1.448468 1.606648 4.202972 58.471153 -5.948738 -1.297305 -1.633432
143 6 Car 0 0 -0.045309 349.220000 114.118000 379.460000 194.975000 1.479167 1.355913 3.513019 41.340535 -12.584331 -1.531662 -2.157721
143 9 Car 0 0 11.826078 349.220000 114.118000 379.460000 194.975000 1.448468 1.606648 4.202972 59.775564 -5.892770 -1.283489 -1.630268
144 6 Car 0 0 -0.101126 349.220000 114.118000 379.460000 194.975000 1.479167 1.355913 3.513019 41.360454 -12.565185 -1.543551 -2.155923
144 9 Car 0 0 11.884333 349.220000 114.118000 379.460000 194.975000 1.448468 1.606648 4.202972 61.088965 -5.832607 -1.269672 -1.627104
145 6 Car 0 0 -0.160767 349.220000 114.118000 379.460000 194.975000 1.479167 1.355913 3.513019 41.379846 -12.549638 -1.555438 -2.154124
145 9 Car 0 0 11.941724 349.220000 114.118000 379.460000 194.975000 1.448468 1.606648 4.202972 62.404187 -5.776059 -1.255856 -1.623940
146 6 Car 0 0 -0.273163 349.220000 114.118000 379.460000 194.975000 1.479167 1.355913 3.513019 41.420457 -12.523750 -1.537394 -2.152326
146 9 Car 0 0 11.995962 349.220000 114.118000 379.460000 194.975000 1.448468 1.606648 4.202972 63.721156 -5.717333 -1.242040 -1.620776
147 6 Car 0 0 -0.391351 349.220000 114.118000 379.460000 194.975000 1.479167 1.355913 3.513019 41.468170 -12.486637 -1.519349 -2.150527
147 9 Car 0 0 12.047524 349.220000 114.118000 379.460000 194.975000 1.448468 1.606648 4.202972 65.037930 -5.656984 -1.228224 -1.617611
148 6 Car 0 0 -0.493298 349.220000 114.118000 379.460000 194.975000 1.479167 1.355913 3.513019 41.517408 -12.446077 -1.501304 -2.148729
148 9 Car 0 0 12.047524 349.220000 114.118000 379.460000 194.975000 1.448468 1.606648 4.202972 65.037386 -5.661071 -1.228224 -1.617611
149 6 Car 0 0 -0.557341 349.220000 114.118000 379.460000 194.975000 1.479167 1.355913 3.513019 41.569882 -12.403339 -1.483260 -2.146931
150 6 Car 0 0 -0.577563 349.220000 114.118000 379.460000 194.975000 1.479167 1.355913 3.513019 41.625081 -12.358254 -1.465215 -2.145132
151 6 Car 0 0 -0.633483 349.220000 114.118000 379.460000 194.975000 1.479167 1.355913 3.513019 41.719509 -12.299516 -1.481971 -2.146335
152 6 Car 0 0 -0.691887 349.220000 114.118000 379.460000 194.975000 1.479167 1.355913 3.513019 41.844627 -12.217990 -1.498726 -2.147537
153 6 Car 0 0 -0.761259 349.220000 114.118000 379.460000 194.975000 1.479167 1.355913 3.513019 41.976154 -12.138390 -1.515482 -2.148740
154 6 Car 0 0 -0.822418 349.220000 114.118000 379.460000 194.975000 1.479167 1.355913 3.513019 42.118137 -12.050426 -1.532238 -2.149943
155 6 Car 0 0 -0.862392 349.220000 114.118000 379.460000 194.975000 1.479167 1.355913 3.513019 42.260572 -11.961997 -1.548993 -2.151145
156 6 Car 0 0 -0.953992 349.220000 114.118000 379.460000 194.975000 1.479167 1.355913 3.513019 42.425153 -11.855803 -1.536366 -2.152348
157 6 Car 0 0 -1.069769 349.220000 114.118000 379.460000 194.975000 1.479167 1.355913 3.513019 42.621069 -11.730352 -1.523738 -2.153551
158 6 Car 0 0 -1.187545 349.220000 114.118000 379.460000 194.975000 1.479167 1.355913 3.513019 42.843558 -11.592391 -1.511111 -2.154753
159 6 Car 0 0 -1.282361 349.220000 114.118000 379.460000 194.975000 1.479167 1.355913 3.513019 43.074244 -11.450661 -1.498484 -2.155956
160 6 Car 0 0 -1.357913 349.220000 114.118000 379.460000 194.975000 1.479167 1.355913 3.513019 43.299920 -11.314371 -1.485856 -2.157159
161 6 Car 0 0 -1.449387 349.220000 114.118000 379.460000 194.975000 1.479167 1.355913 3.513019 43.543724 -11.170625 -1.488474 -2.141533
162 6 Car 0 0 -1.547794 349.220000 114.118000 379.460000 194.975000 1.479167 1.355913 3.513019 43.808035 -11.017551 -1.491092 -2.125907
163 6 Car 0 0 -1.646567 349.220000 114.118000 379.460000 194.975000 1.479167 1.355913 3.513019 44.083474 -10.860475 -1.493711 -2.110281
164 6 Car 0 0 -1.738939 349.220000 114.118000 379.460000 194.975000 1.479167 1.355913 3.513019 44.362544 -10.701699 -1.496329 -2.094655
165 6 Car 0 0 -1.851569 349.220000 114.118000 379.460000 194.975000 1.479167 1.355913 3.513019 44.679081 -10.533965 -1.486644 -2.079029
166 6 Car 0 0 -1.976174 349.220000 114.118000 379.460000 194.975000 1.479167 1.355913 3.513019 45.034506 -10.354354 -1.476957 -2.063403
167 6 Car 0 0 -2.101620 349.220000 114.118000 379.460000 194.975000 1.479167 1.355913 3.513019 45.408014 -10.172260 -1.467272 -2.047777
168 6 Car 0 0 -2.218813 349.220000 114.118000 379.460000 194.975000 1.479167 1.355913 3.513019 45.787894 -9.986668 -1.457587 -2.032151
169 6 Car 0 0 -2.336348 349.220000 114.118000 379.460000 194.975000 1.479167 1.355913 3.513019 46.179593 -9.801277 -1.447420 -2.016525
170 6 Car 0 0 -2.454324 349.220000 114.118000 379.460000 194.975000 1.479167 1.355913 3.513019 46.587346 -9.608078 -1.437253 -2.000899
171 6 Car 0 0 -2.582460 349.220000 114.118000 379.460000 194.975000 1.479167 1.355913 3.513019 47.027061 -9.422491 -1.444048 -1.988247
172 6 Car 0 0 -2.711955 349.220000 114.118000 379.460000 194.975000 1.479167 1.355913 3.513019 47.486740 -9.238277 -1.450843 -1.975595
173 6 Car 0 0 -2.837483 349.220000 114.118000 379.460000 194.975000 1.479167 1.355913 3.513019 47.952161 -9.054503 -1.457637 -1.962943
174 6 Car 0 0 -2.975223 349.220000 114.118000 379.460000 194.975000 1.479167 1.355913 3.513019 48.439703 -8.883999 -1.464276 -1.950291
175 6 Car 0 0 -3.113281 349.220000 114.118000 379.460000 194.975000 1.479167 1.355913 3.513019 48.940427 -8.721273 -1.470915 -1.937639
176 6 Car 0 0 -3.242415 349.220000 114.118000 379.460000 194.975000 1.479167 1.355913 3.513019 49.442461 -8.563221 -1.477554 -1.924987
177 6 Car 0 0 -3.363678 349.220000 114.118000 379.460000 194.975000 1.479167 1.355913 3.513019 49.933246 -8.400359 -1.477935 -1.912334
178 6 Car 0 0 -3.474732 349.220000 114.118000 379.460000 194.975000 1.479167 1.355913 3.513019 50.412835 -8.243025 -1.478316 -1.899682
179 6 Car 0 0 -3.583713 349.220000 114.118000 379.460000 194.975000 1.479167 1.355913 3.513019 50.886586 -8.083949 -1.478697 -1.887030
180 6 Car 0 0 -3.693646 349.220000 114.118000 379.460000 194.975000 1.479167 1.355913 3.513019 51.364054 -7.919625 -1.479077 -1.874378
181 6 Car 0 0 -3.865422 349.220000 114.118000 379.460000 194.975000 1.479167 1.355913 3.513019 51.933536 -7.777139 -1.574916 -1.862902
182 6 Car 0 0 -4.079255 349.220000 114.118000 379.460000 194.975000 1.479167 1.355913 3.513019 52.593281 -7.650333 -1.670756 -1.851425
183 6 Car 0 0 -4.308154 349.220000 114.118000 379.460000 194.975000 1.479167 1.355913 3.513019 53.314044 -7.518754 -1.766594 -1.839948
184 6 Car 0 0 -4.528444 349.220000 114.118000 379.460000 194.975000 1.479167 1.355913 3.513019 54.040796 -7.389243 -1.862434 -1.828472
185 6 Car 0 0 -4.692161 349.220000 114.118000 379.460000 194.975000 1.479167 1.355913 3.513019 54.693008 -7.214911 -1.868549 -1.816995
186 6 Car 0 0 -4.837246 349.220000 114.118000 379.460000 194.975000 1.479167 1.355913 3.513019 55.312915 -7.026330 -1.874665 -1.805519
187 6 Car 0 0 -4.992716 349.220000 114.118000 379.460000 194.975000 1.479167 1.355913 3.513019 55.921301 -6.824282 -1.880781 -1.794042
188 6 Car 0 0 -5.128089 349.220000 114.118000 379.460000 194.975000 1.479167 1.355913 3.513019 56.475574 -6.578087 -1.937243 -1.787275
189 6 Car 0 0 -5.260681 349.220000 114.118000 379.460000 194.975000 1.479167 1.355913 3.513019 57.020362 -6.320666 -1.993705 -1.780508
190 6 Car 0 0 -5.405655 349.220000 114.118000 379.460000 194.975000 1.479167 1.355913 3.513019 57.550721 -6.048310 -2.050167 -1.773741
191 6 Car 0 0 -5.554825 349.220000 114.118000 379.460000 194.975000 1.479167 1.355913 3.513019 58.091269 -5.790563 -2.106629 -1.766974
192 6 Car 0 0 -5.708761 349.220000 114.118000 379.460000 194.975000 1.479167 1.355913 3.513019 58.627573 -5.534562 -2.163091 -1.760207
193 6 Car 0 0 -5.827736 349.220000 114.118000 379.460000 194.975000 1.479167 1.355913 3.513019 59.079491 -5.290097 -2.243588 -1.753440
194 6 Car 0 0 -5.947780 349.220000 114.118000 379.460000 194.975000 1.479167 1.355913 3.513019 59.531514 -5.080311 -2.324085 -1.746672
195 6 Car 0 0 -5.993051 349.220000 114.118000 379.460000 194.975000 1.479167 1.355913 3.513019 59.908833 -4.787082 -2.315817 -1.739905
196 6 Car 0 0 -6.061014 349.220000 114.118000 379.460000 194.975000 1.479167 1.355913 3.513019 60.260401 -4.453115 -2.307548 -1.733138
197 6 Car 0 0 -6.131680 349.220000 114.118000 379.460000 194.975000 1.479167 1.355913 3.513019 60.619120 -4.128082 -2.240685 -1.726371
198 6 Car 0 0 -6.249259 349.220000 114.118000 379.460000 194.975000 1.479167 1.355913 3.513019 60.982319 -3.848039 -2.151365 -1.750421
199 6 Car 0 0 -6.377274 349.220000 114.118000 379.460000 194.975000 1.479167 1.355913 3.513019 61.375455 -3.609046 -2.062044 -1.774470
200 6 Car 0 0 -6.469805 349.220000 114.118000 379.460000 194.975000 1.479167 1.355913 3.513019 61.719267 -3.431949 -1.949758 -1.767569
201 6 Car 0 0 -6.573838 349.220000 114.118000 379.460000 194.975000 1.479167 1.355913 3.513019 62.028213 -3.276852 -1.837471 -1.760668
202 6 Car 0 0 -6.651706 349.220000 114.118000 379.460000 194.975000 1.479167 1.355913 3.513019 62.345929 -3.234208 -1.793389 -1.766639
203 6 Car 0 0 -6.729028 349.220000 114.118000 379.460000 194.975000 1.479167 1.355913 3.513019 62.650138 -3.230518 -1.749307 -1.772611
204 6 Car 0 0 -6.582028 349.220000 114.118000 379.460000 194.975000 1.479167 1.355913 3.513019 62.606447 -3.293772 -1.706377 -1.753483
205 6 Car 0 0 -6.413060 349.220000 114.118000 379.460000 194.975000 1.479167 1.355913 3.513019 62.521373 -3.391375 -1.663447 -1.734354
206 6 Car 0 0 -6.440879 349.220000 114.118000 379.460000 194.975000 1.479167 1.355913 3.513019 62.709522 -3.715249 -1.672577 -1.708688
207 6 Car 0 0 -6.611621 349.220000 114.118000 379.460000 194.975000 1.479167 1.355913 3.513019 63.019087 -4.207971 -1.681678 -1.683022
208 6 Car 0 0 -6.785292 349.220000 114.118000 379.460000 194.975000 1.479167 1.355913 3.513019 63.370428 -4.763851 -1.690779 -1.657355
209 6 Car 0 0 -7.032606 349.220000 114.118000 379.460000 194.975000 1.479167 1.355913 3.513019 63.773202 -5.593485 -1.698075 -1.631689
210 6 Car 0 0 -7.318420 349.220000 114.118000 379.460000 194.975000 1.479167 1.355913 3.513019 64.300828 -6.479328 -1.705371 -1.606023
211 6 Car 0 0 -7.476681 349.220000 114.118000 379.460000 194.975000 1.479167 1.355913 3.513019 64.612913 -7.652279 -1.606782 -1.582371
212 6 Car 0 0 -7.574552 349.220000 114.118000 379.460000 194.975000 1.479167 1.355913 3.513019 64.780373 -8.990631 -1.491318 -1.558720
213 6 Car 0 0 -7.714843 349.220000 114.118000 379.460000 194.975000 1.479167 1.355913 3.513019 64.859121 -10.674566 -1.445410 -1.535068
214 6 Car 0 0 -7.872496 349.220000 114.118000 379.460000 194.975000 1.479167 1.355913 3.513019 64.956830 -12.429557 -1.350533 -1.511416
215 6 Car 0 0 -7.997568 349.220000 114.118000 379.460000 194.975000 1.479167 1.355913 3.513019 64.952856 -14.292560 -1.255655 -1.487765
