3 0 Car 0 0 5.590244 349.220000 114.118000 379.460000 194.975000 1.996000 4.755700 1.832500 15.195742 5.372616 -1.597570 0.570200
4 0 Car 0 0 5.689000 349.220000 114.118000 379.460000 194.975000 2.045200 4.786900 1.865600 15.350275 5.506261 -1.645278 0.587000
5 0 Car 0 0 5.719614 349.220000 114.118000 379.460000 194.975000 1.941200 4.689600 1.792400 15.523431 5.597855 -1.605085 0.598200
5 1 Car 0 0 0.000000 349.220000 114.118000 379.460000 194.975000 2.069200 4.469700 1.717200 -3.021954 0.350940 -1.441254 2.829800
6 0 Car 0 0 5.718918 349.220000 114.118000 379.460000 194.975000 2.014700 4.716000 1.826200 15.752721 5.725830 -1.696539 0.612600
7 0 Car 0 0 5.383681 349.220000 114.118000 379.460000 194.975000 1.944800 4.554500 1.777500 15.850279 5.799937 -1.605452 0.595000
8 0 Car 0 0 5.295020 349.220000 114.118000 379.460000 194.975000 1.968500 4.695400 1.810600 15.997929 5.872960 -1.615999 0.587700
9 0 Car 0 0 5.197275 349.220000 114.118000 379.460000 194.975000 2.043800 4.665100 1.800300 16.162473 5.936548 -1.635411 0.602900
10 0 Car 0 0 5.114128 349.220000 114.118000 379.460000 194.975000 1.999000 4.745600 1.818700 16.346099 5.966350 -1.418276 0.615900
11 0 Car 0 0 5.093776 349.220000 114.118000 379.460000 194.975000 1.951900 4.728100 1.814500 16.493239 6.086973 -1.532772 0.616500
12 0 Car 0 0 5.023676 349.220000 114.118000 379.460000 194.975000 1.989700 4.751700 1.821800 16.610655 6.195618 -1.645561 0.600400
13 0 Car 0 0 4.880205 349.220000 114.118000 379.460000 194.975000 1.943400 4.688900 1.810000 16.701195 6.230908 -1.700872 0.609800
14 0 Car 0 0 4.836706 349.220000 114.118000 379.460000 194.975000 1.979400 4.745400 1.807200 16.847612 6.271199 -1.841551 0.611600
15 0 Car 0 0 4.795967 349.220000 114.118000 379.460000 194.975000 1.975300 4.788800 1.843900 16.975476 6.271856 -1.994917 0.590000
16 0 Car 0 0 4.730327 349.220000 114.118000 379.460000 194.975000 1.975800 4.739100 1.798200 17.091848 6.277851 -1.990432 0.562700
17 0 Car 0 0 4.706610 349.220000 114.118000 379.460000 194.975000 2.012200 4.810100 1.843800 17.220710 6.260426 -1.916340 0.519600
18 0 Car 0 0 4.670439 349.220000 114.118000 379.460000 194.975000 1.987800 4.688100 1.814800 17.371530 6.225508 -1.785434 0.522900
19 0 Car 0 0 4.630517 349.220000 114.118000 379.460000 194.975000 1.986300 4.669600 1.816700 17.505622 6.190651 -1.480340 0.489300
20 0 Car 0 0 4.594219 349.220000 114.118000 379.460000 194.975000 1.972300 4.756500 1.832500 17.626181 6.166435 -1.788877 0.475200
24 2 Car 0 0 3.405805 349.220000 114.118000 379.460000 194.975000 1.891700 4.096600 1.756200 17.968483 5.793024 -1.594603 0.356500
28 3 Car 0 0 0.000000 349.220000 114.118000 379.460000 194.975000 1.478200 3.707000 1.550000 -10.093443 2.594001 -1.536335 -2.652200
28 4 Car 0 0 4.679356 349.220000 114.118000 379.460000 194.975000 1.920600 4.283800 1.755100 18.723318 5.159683 -1.603236 0.178500
29 4 Car 0 0 4.809500 349.220000 114.118000 379.460000 194.975000 1.915900 4.369100 1.750600 18.862914 4.953689 -1.579448 0.148800
33 5 Car 0 0 4.309201 349.220000 114.118000 379.460000 194.975000 1.928900 4.426600 1.746400 19.393404 3.812857 -1.528240 -0.045500
34 5 Car 0 0 4.555947 349.220000 114.118000 379.460000 194.975000 2.008600 4.619900 1.799000 19.551790 3.482130 -1.595737 -0.071200
35 5 Car 0 0 4.748865 349.220000 114.118000 379.460000 194.975000 1.967600 4.616700 1.791200 19.716666 3.080885 -1.567311 -0.107500
39 6 Car 0 0 3.945725 349.220000 114.118000 379.460000 194.975000 1.967400 4.460000 1.807400 19.748003 1.262084 -1.709830 -0.226300
40 6 Car 0 0 4.162126 349.220000 114.118000 379.460000 194.975000 1.902500 4.663400 1.903700 19.772516 0.777329 -1.647381 -0.239400
44 7 Car 0 0 0.000000 349.220000 114.118000 379.460000 194.975000 1.508600 4.267800 1.652400 -15.528180 6.219191 -1.410144 -2.164700
44 8 Car 0 0 4.758966 349.220000 114.118000 379.460000 194.975000 2.016500 4.798900 1.846300 19.657974 -1.518708 -1.662791 -0.402200
45 8 Car 0 0 4.810536 349.220000 114.118000 379.460000 194.975000 1.985000 4.630100 1.795000 19.517198 -2.039889 -1.629915 -0.407000
46 8 Car 0 0 5.014599 349.220000 114.118000 379.460000 194.975000 2.058800 4.836400 1.849200 19.571386 -2.632810 -1.655695 -0.449800
47 8 Car 0 0 4.949049 349.220000 114.118000 379.460000 194.975000 1.981000 4.788600 1.813600 19.499225 -3.241323 -1.588190 -0.498600
48 8 Car 0 0 4.838199 349.220000 114.118000 379.460000 194.975000 1.927400 4.671000 1.784600 19.362677 -3.816914 -1.513228 -0.532300
48 9 Car 0 0 0.000000 349.220000 114.118000 379.460000 194.975000 1.427000 3.819400 1.524300 -16.759354 7.277589 -1.522563 -1.179200
49 8 Car 0 0 4.774584 349.220000 114.118000 379.460000 194.975000 1.957400 4.731000 1.876800 19.251241 -4.384303 -1.270641 -0.573600
50 8 Car 0 0 4.706662 349.220000 114.118000 379.460000 194.975000 2.043200 4.562500 1.852100 19.125907 -4.921712 -1.629441 -0.591100
51 8 Car 0 0 4.698264 349.220000 114.118000 379.460000 194.975000 1.917100 4.479500 1.869500 18.987573 -5.505354 -1.567304 -0.647900
52 8 Car 0 0 4.764516 349.220000 114.118000 379.460000 194.975000 2.065200 4.810900 1.902000 18.936897 -6.110144 -1.609723 -0.659800
53 8 Car 0 0 4.731619 349.220000 114.118000 379.460000 194.975000 2.013800 4.517700 1.865100 18.780191 -6.660441 -1.209526 -0.695200
57 10 Car 0 0 4.293847 349.220000 114.118000 379.460000 194.975000 1.996200 4.642200 1.787000 18.329570 -8.948478 -1.538124 -0.849200
58 10 Car 0 0 4.516979 349.220000 114.118000 379.460000 194.975000 1.989100 4.640400 1.793900 18.214450 -9.427376 -1.503358 -0.897200
59 10 Car 0 0 4.818756 349.220000 114.118000 379.460000 194.975000 1.987400 4.640000 1.781800 18.184032 -9.977189 -1.523241 -0.924000
60 10 Car 0 0 4.932004 349.220000 114.118000 379.460000 194.975000 1.917400 4.455700 1.830600 18.025252 -10.503661 -1.287018 -0.917500
61 10 Car 0 0 5.104818 349.220000 114.118000 379.460000 194.975000 1.975900 4.640700 1.819500 17.999809 -10.957993 -1.606941 -0.969900
62 10 Car 0 0 5.190429 349.220000 114.118000 379.460000 194.975000 2.040700 4.566200 1.827600 17.996858 -11.422285 -1.698184 -0.980900
62 11 Car 0 0 0.000000 349.220000 114.118000 379.460000 194.975000 1.530200 4.366700 1.657200 -21.523965 8.461166 -1.729275 -2.537600
63 10 Car 0 0 5.276639 349.220000 114.118000 379.460000 194.975000 2.037700 4.512800 1.771700 17.976491 -11.850120 -1.715563 -1.018000
64 10 Car 0 0 5.376130 349.220000 114.118000 379.460000 194.975000 1.965100 4.577900 1.803300 17.980512 -12.255759 -1.720487 -0.999800
65 10 Car 0 0 5.346647 349.220000 114.118000 379.460000 194.975000 1.931100 4.292500 1.803200 17.962286 -12.550585 -1.357818 -0.983800
65 12 Car 0 0 0.824655 349.220000 114.118000 379.460000 194.975000 1.808200 4.415800 1.767300 13.995795 -12.199593 -1.661399 -1.046300
65 13 Car 0 0 3.567346 349.220000 114.118000 379.460000 194.975000 1.493600 4.123300 1.639500 43.346827 -3.589067 -1.356359 -2.529100
66 10 Car 0 0 5.480914 349.220000 114.118000 379.460000 194.975000 2.015300 4.783800 1.851200 18.004095 -12.954390 -1.680604 -1.028400
66 12 Car 0 0 0.556081 349.220000 114.118000 379.460000 194.975000 1.808200 4.415800 1.767300 13.698802 -12.032874 -1.661399 -1.046300
66 13 Car 0 0 3.436172 349.220000 114.118000 379.460000 194.975000 1.505400 4.063000 1.627500 42.879125 -3.202971 -1.853893 -2.571400
67 10 Car 0 0 5.547556 349.220000 114.118000 379.460000 194.975000 1.998600 4.514100 1.814900 18.072392 -13.302633 -1.698546 -1.009300
67 12 Car 0 0 0.583098 349.220000 114.118000 379.460000 194.975000 1.764000 4.210600 1.681900 13.486059 -11.922871 -1.649896 -0.987800
67 13 Car 0 0 3.436172 349.220000 114.118000 379.460000 194.975000 1.505400 4.063000 1.627500 42.541897 -2.653858 -1.853893 -2.571400
68 10 Car 0 0 5.653385 349.220000 114.118000 379.460000 194.975000 1.959100 4.603100 1.817900 18.179575 -13.663627 -1.606561 -1.054200
68 12 Car 0 0 0.804114 349.220000 114.118000 379.460000 194.975000 1.775700 4.265800 1.724100 13.174903 -11.756068 -1.620101 -1.008400
68 13 Car 0 0 1.638085 349.220000 114.118000 379.460000 194.975000 1.527100 3.894200 1.627400 41.503417 -1.488869 -1.739085 -2.456400
69 10 Car 0 0 5.671663 349.220000 114.118000 379.460000 194.975000 1.909100 4.394000 1.754900 18.260177 -13.906583 -1.327261 -1.063400
69 12 Car 0 0 0.676470 349.220000 114.118000 379.460000 194.975000 1.775700 4.265800 1.724100 12.933628 -11.481859 -1.620101 -1.008400
69 13 Car 0 0 1.714252 349.220000 114.118000 379.460000 194.975000 1.456000 3.945800 1.582200 41.064583 -0.957670 -1.163575 -2.448600
70 10 Car 0 0 5.668206 349.220000 114.118000 379.460000 194.975000 1.852700 4.304500 1.786900 18.456784 -14.089626 -1.633063 -1.005700
70 13 Car 0 0 2.148369 349.220000 114.118000 379.460000 194.975000 1.524400 3.992700 1.631200 40.690677 -0.600684 -1.799256 -2.521100
70 12 Car 0 0 0.676470 349.220000 114.118000 379.460000 194.975000 1.775700 4.265800 1.724100 12.759302 -11.274390 -1.620101 -1.008400
71 10 Car 0 0 5.741924 349.220000 114.118000 379.460000 194.975000 1.847400 4.209800 1.744900 18.695664 -14.339408 -1.452403 -0.976500
71 13 Car 0 0 2.736914 349.220000 114.118000 379.460000 194.975000 1.503200 4.279800 1.659200 40.347445 -0.334163 -1.393439 -2.214800
71 12 Car 0 0 0.603317 349.220000 114.118000 379.460000 194.975000 1.775700 4.265800 1.724100 12.551541 -10.933574 -1.620101 -1.008400
72 10 Car 0 0 5.716690 349.220000 114.118000 379.460000 194.975000 1.746100 3.854500 1.694000 18.888382 -14.408590 -1.780092 -1.001200
72 13 Car 0 0 2.357367 349.220000 114.118000 379.460000 194.975000 1.473600 3.772700 1.554700 40.001510 0.418542 -1.918541 -2.177000
72 12 Car 0 0 0.580152 349.220000 114.118000 379.460000 194.975000 1.775700 4.265800 1.724100 12.385323 -10.667606 -1.620101 -1.008400
73 10 Car 0 0 5.755537 349.220000 114.118000 379.460000 194.975000 1.732700 4.026000 1.725400 19.100339 -14.619567 -1.724817 -1.046600
73 13 Car 0 0 2.541590 349.220000 114.118000 379.460000 194.975000 1.552100 4.016300 1.630500 39.338046 1.062601 -1.899577 -2.242800
73 12 Car 0 0 0.580152 349.220000 114.118000 379.460000 194.975000 1.775700 4.265800 1.724100 12.242715 -10.450888 -1.620101 -1.008400
73 14 Car 0 0 5.575286 349.220000 114.118000 379.460000 194.975000 1.474800 3.991000 1.605700 57.295715 6.643888 -1.904739 -2.493300
74 10 Car 0 0 5.872920 349.220000 114.118000 379.460000 194.975000 1.906100 4.220100 1.744100 19.357653 -14.898669 -1.871113 -1.015000
74 13 Car 0 0 2.682652 349.220000 114.118000 379.460000 194.975000 1.490600 3.977000 1.579900 38.628197 1.709504 -1.859346 -2.235700
74 14 Car 0 0 5.402205 349.220000 114.118000 379.460000 194.975000 1.577200 3.840000 1.633800 56.572075 7.975022 -1.855745 -2.530900
75 10 Car 0 0 5.938795 349.220000 114.118000 379.460000 194.975000 1.866800 4.200200 1.666200 19.785045 -14.989887 -1.861553 -0.887400
75 13 Car 0 0 2.754547 349.220000 114.118000 379.460000 194.975000 1.534600 3.907900 1.608600 38.072061 2.368613 -1.969204 -2.196500
75 14 Car 0 0 5.402205 349.220000 114.118000 379.460000 194.975000 1.577200 3.840000 1.633800 55.951460 9.332973 -1.855745 -2.530900
76 13 Car 0 0 2.719703 349.220000 114.118000 379.460000 194.975000 1.527800 3.740000 1.611100 37.345243 3.118945 -1.947626 -2.532800
76 10 Car 0 0 5.938795 349.220000 114.118000 379.460000 194.975000 1.866800 4.200200 1.666200 19.763399 -14.553030 -1.861553 -0.887400
77 10 Car 0 0 6.034014 349.220000 114.118000 379.460000 194.975000 1.717900 4.068300 1.681800 20.520135 -15.184994 -2.046495 -0.946100
77 14 Car 0 0 4.117172 349.220000 114.118000 379.460000 194.975000 1.560600 3.817600 1.631600 54.545397 11.853548 -2.100353 -2.194900
78 14 Car 0 0 4.067349 349.220000 114.118000 379.460000 194.975000 1.560600 3.817600 1.631600 53.470660 13.486833 -2.100353 -2.194900
78 10 Car 0 0 6.034014 349.220000 114.118000 379.460000 194.975000 1.717900 4.068300 1.681800 20.510836 -14.658140 -2.046495 -0.946100
79 14 Car 0 0 3.594460 349.220000 114.118000 379.460000 194.975000 1.561700 3.885600 1.635200 52.717431 14.841569 -2.089133 -2.185900
79 10 Car 0 0 6.156315 349.220000 114.118000 379.460000 194.975000 1.662200 3.838900 1.661600 21.283107 -15.303909 -1.615793 -0.875500
80 14 Car 0 0 2.983580 349.220000 114.118000 379.460000 194.975000 1.559900 3.965500 1.647000 52.115306 16.068951 -2.046787 -2.219300
80 10 Car 0 0 6.156315 349.220000 114.118000 379.460000 194.975000 1.662200 3.838900 1.661600 21.272205 -14.788967 -1.615793 -0.875500
81 14 Car 0 0 2.509779 349.220000 114.118000 379.460000 194.975000 1.593700 4.012100 1.667200 51.347941 17.359160 -1.996652 -2.240900
81 10 Car 0 0 6.492224 349.220000 114.118000 379.460000 194.975000 1.746400 4.203800 1.732800 22.320348 -15.532043 -1.676975 -0.862700
82 14 Car 0 0 2.222524 349.220000 114.118000 379.460000 194.975000 1.578900 3.854700 1.661300 50.580575 18.626948 -2.041954 -2.215000
82 10 Car 0 0 6.492224 349.220000 114.118000 379.460000 194.975000 1.746400 4.203800 1.732800 22.317089 -15.002589 -1.676975 -0.862700
82 15 Car 0 0 1.957019 349.220000 114.118000 379.460000 194.975000 1.535100 3.842100 1.619700 35.828081 -20.676534 -2.370734 2.448100
90 16 Car 0 0 1.469199 349.220000 114.118000 379.460000 194.975000 1.524700 3.910300 1.605300 42.409638 28.036623 -1.644345 -1.997600
91 16 Car 0 0 1.267951 349.220000 114.118000 379.460000 194.975000 1.524700 3.910300 1.605300 41.155772 29.083428 -1.644345 -1.997600
92 16 Car 0 0 1.198319 349.220000 114.118000 379.460000 194.975000 1.528200 3.748000 1.608400 39.940486 30.093532 -1.337101 -1.904900
93 16 Car 0 0 1.116658 349.220000 114.118000 379.460000 194.975000 1.528200 3.748000 1.608400 38.682396 31.154340 -1.337101 -1.904900
93 17 Car 0 0 2.061124 349.220000 114.118000 379.460000 194.975000 1.498200 3.722700 1.561800 34.954308 -10.564123 -1.563151 2.714800
94 17 Car 0 0 1.697160 349.220000 114.118000 379.460000 194.975000 1.513800 3.916600 1.611700 34.796541 -9.634593 -2.125414 2.677400
94 16 Car 0 0 1.116658 349.220000 114.118000 379.460000 194.975000 1.528200 3.748000 1.608400 37.293989 32.195768 -1.337101 -1.904900
95 17 Car 0 0 1.405879 349.220000 114.118000 379.460000 194.975000 1.502600 3.791200 1.589400 34.480303 -8.774010 -2.113517 2.652700
95 18 Car 0 0 0.000000 349.220000 114.118000 379.460000 194.975000 1.814400 3.930900 1.865200 -33.794529 -13.480917 -1.937509 -0.399300
96 17 Car 0 0 1.103699 349.220000 114.118000 379.460000 194.975000 1.556300 4.096100 1.661200 34.266198 -7.766517 -1.995504 2.714200
97 17 Car 0 0 1.321642 349.220000 114.118000 379.460000 194.975000 1.654900 4.372500 1.735400 34.061811 -7.102391 -1.898405 2.668000
97 19 Car 0 0 1.864767 349.220000 114.118000 379.460000 194.975000 1.578400 3.349600 1.622600 35.194955 -15.576521 -2.029193 -0.327500
98 17 Car 0 0 1.039526 349.220000 114.118000 379.460000 194.975000 1.546800 4.127600 1.654900 33.719609 -6.194677 -1.275915 2.756900
98 19 Car 0 0 1.432146 349.220000 114.118000 379.460000 194.975000 1.601900 3.779300 1.633200 35.131052 -14.758905 -1.420491 -0.309600
98 20 Car 0 0 0.000000 349.220000 114.118000 379.460000 194.975000 1.761000 4.165800 1.783000 -34.248120 -16.023970 -1.845539 -0.315800
99 17 Car 0 0 0.915545 349.220000 114.118000 379.460000 194.975000 1.590600 4.202600 1.693300 33.290346 -5.313934 -1.841959 2.834800
99 19 Car 0 0 1.187387 349.220000 114.118000 379.460000 194.975000 1.688700 3.812800 1.602200 35.001444 -13.890897 -2.147052 -0.189900
99 21 Car 0 0 2.740731 349.220000 114.118000 379.460000 194.975000 1.447400 3.765500 1.575300 27.890924 -12.411104 -2.011375 -0.203400
99 22 Car 0 0 0.000000 349.220000 114.118000 379.460000 194.975000 1.423900 3.833300 1.553200 -34.393762 -16.905608 -0.617515 1.372500
100 17 Car 0 0 0.784173 349.220000 114.118000 379.460000 194.975000 1.598000 4.067700 1.707400 32.837392 -4.525783 -1.979208 2.919800
100 19 Car 0 0 0.973996 349.220000 114.118000 379.460000 194.975000 1.554300 3.745300 1.640400 34.774593 -13.029313 -2.030142 -0.213100
100 21 Car 0 0 2.376075 349.220000 114.118000 379.460000 194.975000 1.469400 3.795800 1.592600 27.723113 -11.718668 -2.030942 -0.177800
101 17 Car 0 0 0.713274 349.220000 114.118000 379.460000 194.975000 1.580100 3.943600 1.612900 32.413527 -3.691004 -1.880463 2.813000
101 19 Car 0 0 0.858880 349.220000 114.118000 379.460000 194.975000 1.536300 3.842600 1.655300 34.561619 -12.230878 -2.097141 -0.189600
101 21 Car 0 0 2.030748 349.220000 114.118000 379.460000 194.975000 1.513400 3.801800 1.623600 27.500281 -11.020758 -2.104261 -0.155300
101 23 Car 0 0 1.077154 349.220000 114.118000 379.460000 194.975000 1.460900 3.526300 1.581400 22.951100 -10.934774 -1.974342 -0.816600
102 17 Car 0 0 0.538394 349.220000 114.118000 379.460000 194.975000 1.580100 3.943600 1.612900 31.824527 -2.942981 -1.880463 2.813000
102 19 Car 0 0 0.916328 349.220000 114.118000 379.460000 194.975000 1.500700 3.773300 1.636700 34.251026 -11.447296 -1.968748 -0.195500
102 21 Car 0 0 1.692550 349.220000 114.118000 379.460000 194.975000 1.476900 3.862300 1.624700 27.144624 -10.353000 -2.094928 -0.159900
102 23 Car 0 0 0.318699 349.220000 114.118000 379.460000 194.975000 1.574900 3.671400 1.673600 22.626129 -10.407108 -2.030759 -0.739900
103 17 Car 0 0 0.513734 349.220000 114.118000 379.460000 194.975000 1.619100 4.002500 1.704000 31.389018 -2.180083 -1.924482 2.920200
103 19 Car 0 0 0.635496 349.220000 114.118000 379.460000 194.975000 1.565600 3.886600 1.613400 33.916533 -10.655222 -2.006943 -0.133400
103 21 Car 0 0 1.561167 349.220000 114.118000 379.460000 194.975000 1.457800 3.569900 1.585500 26.732088 -9.747513 -2.063509 -0.110800
103 23 Car 0 0 0.190571 349.220000 114.118000 379.460000 194.975000 1.572000 3.447400 1.632500 22.217262 -9.933129 -2.049127 -0.801700
104 17 Car 0 0 0.424394 349.220000 114.118000 379.460000 194.975000 1.687000 4.140600 1.731100 30.837149 -1.437412 -1.395818 2.994400
104 19 Car 0 0 0.269090 349.220000 114.118000 379.460000 194.975000 1.582900 3.884600 1.693100 33.658585 -9.835146 -1.443341 -0.117200
104 21 Car 0 0 1.383443 349.220000 114.118000 379.460000 194.975000 1.384000 3.767100 1.566600 26.352745 -9.175379 -1.595065 -0.110200
104 23 Car 0 0 0.256592 349.220000 114.118000 379.460000 194.975000 1.546200 3.829600 1.640100 21.956093 -9.421446 -1.676201 -0.739200
105 17 Car 0 0 0.298475 349.220000 114.118000 379.460000 194.975000 1.602000 3.911900 1.599800 30.249239 -0.796177 -1.833581 2.929700
105 19 Car 0 0 0.249604 349.220000 114.118000 379.460000 194.975000 1.538100 3.928400 1.615300 33.287627 -9.108254 -1.960961 -0.116300
105 21 Car 0 0 1.228561 349.220000 114.118000 379.460000 194.975000 1.341200 3.731700 1.525900 25.987875 -8.600637 -1.946394 -0.077200
105 23 Car 0 0 0.098300 349.220000 114.118000 379.460000 194.975000 1.568500 3.671800 1.603800 21.569882 -8.992890 -1.995720 -0.722000
106 17 Car 0 0 0.312926 349.220000 114.118000 379.460000 194.975000 1.594500 4.101600 1.696200 29.762426 -0.094055 -1.702899 3.020900
106 19 Car 0 0 0.430544 349.220000 114.118000 379.460000 194.975000 1.525600 3.814900 1.577800 32.861879 -8.383299 -1.866575 -0.135700
106 21 Car 0 0 1.095317 349.220000 114.118000 379.460000 194.975000 1.354800 3.555800 1.510200 25.554085 -8.022377 -1.884624 -0.068600
106 23 Car 0 0 0.096992 349.220000 114.118000 379.460000 194.975000 1.436200 3.676900 1.550400 21.166161 -8.490107 -1.908183 -0.704700
106 24 Car 0 0 4.524883 349.220000 114.118000 379.460000 194.975000 1.421800 3.843300 1.550400 13.574809 8.437034 -1.494370 -1.695700
106 25 Car 0 0 1.916973 349.220000 114.118000 379.460000 194.975000 1.590700 3.966500 1.623500 38.151833 -8.405413 -1.899516 0.021800
107 17 Car 0 0 0.277014 349.220000 114.118000 379.460000 194.975000 1.514900 4.368200 1.681600 29.227443 0.495713 -1.653337 2.996700
107 19 Car 0 0 0.221478 349.220000 114.118000 379.460000 194.975000 1.620100 3.848100 1.623200 32.446266 -7.641345 -1.896357 -0.052900
107 21 Car 0 0 0.939479 349.220000 114.118000 379.460000 194.975000 1.435200 3.683700 1.529400 25.203632 -7.437990 -1.872228 -0.022800
107 23 Car 0 0 0.032295 349.220000 114.118000 379.460000 194.975000 1.393500 3.743800 1.536600 20.759218 -8.074000 -1.854622 -0.683200
107 24 Car 0 0 4.331073 349.220000 114.118000 379.460000 194.975000 1.433800 4.229500 1.615000 12.745402 8.514133 -1.492761 -1.614700
107 25 Car 0 0 1.463679 349.220000 114.118000 379.460000 194.975000 1.558800 3.959300 1.609500 37.711913 -7.575800 -1.842769 0.020100
108 17 Car 0 0 0.222001 349.220000 114.118000 379.460000 194.975000 1.612700 4.114900 1.651700 28.573173 1.138998 -1.657808 3.042600
108 19 Car 0 0 0.269237 349.220000 114.118000 379.460000 194.975000 1.547200 3.696200 1.591500 31.991602 -6.941099 -1.761271 -0.034900
108 21 Car 0 0 0.797967 349.220000 114.118000 379.460000 194.975000 1.422200 3.745300 1.520600 24.764182 -6.898033 -1.865076 0.003200
108 23 Car 0 0 0.068705 349.220000 114.118000 379.460000 194.975000 1.515300 3.714100 1.638700 20.342818 -7.606901 -1.902571 -0.644200
108 24 Car 0 0 4.412584 349.220000 114.118000 379.460000 194.975000 1.466000 4.221900 1.644500 11.947943 8.430296 -1.436768 -1.581000
108 25 Car 0 0 1.463679 349.220000 114.118000 379.460000 194.975000 1.558800 3.959300 1.609500 37.251646 -6.744843 -1.842769 0.020100
109 17 Car 0 0 0.031095 349.220000 114.118000 379.460000 194.975000 1.576500 4.035000 1.598400 27.901215 1.678048 -1.593476 3.090200
109 19 Car 0 0 0.186783 349.220000 114.118000 379.460000 194.975000 1.542600 3.809500 1.652700 31.555087 -6.315893 -1.773442 -0.046600
109 21 Car 0 0 0.664940 349.220000 114.118000 379.460000 194.975000 1.415300 3.672800 1.513800 24.351958 -6.454458 -1.825435 0.036600
109 23 Car 0 0 0.142808 349.220000 114.118000 379.460000 194.975000 1.500100 3.765000 1.588100 19.911687 -7.214018 -1.865088 -0.619400
109 24 Car 0 0 4.195770 349.220000 114.118000 379.460000 194.975000 1.442600 4.384800 1.640300 11.235178 8.314368 -1.418214 -1.634800
109 25 Car 0 0 1.337599 349.220000 114.118000 379.460000 194.975000 1.557700 4.281400 1.642000 36.915078 -6.068965 -1.738038 0.025500
110 17 Car 0 0 -0.072274 349.220000 114.118000 379.460000 194.975000 1.592500 4.127100 1.679300 27.247665 2.172891 -1.678586 3.077000
110 19 Car 0 0 0.114690 349.220000 114.118000 379.460000 194.975000 1.560400 3.814400 1.642200 31.103937 -5.732847 -1.791511 0.009500
110 21 Car 0 0 0.623482 349.220000 114.118000 379.460000 194.975000 1.385000 3.643000 1.498900 23.878589 -6.026413 -1.767121 0.005700
110 23 Car 0 0 0.193583 349.220000 114.118000 379.460000 194.975000 1.436500 3.760800 1.572100 19.423318 -6.863725 -1.846656 -0.616800
110 24 Car 0 0 4.240131 349.220000 114.118000 379.460000 194.975000 1.446300 4.163600 1.607200 10.433712 8.089540 -1.462526 -1.577400
110 25 Car 0 0 1.337599 349.220000 114.118000 379.460000 194.975000 1.557700 4.281400 1.642000 36.464602 -5.416570 -1.738038 0.025500
111 17 Car 0 0 -0.242474 349.220000 114.118000 379.460000 194.975000 1.590400 4.006300 1.672800 26.610052 2.676179 -1.681005 3.102200
111 19 Car 0 0 0.055472 349.220000 114.118000 379.460000 194.975000 1.522600 3.710500 1.632200 30.559923 -5.173069 -1.743296 0.015900
111 21 Car 0 0 0.622176 349.220000 114.118000 379.460000 194.975000 1.445200 3.715900 1.550100 23.398214 -5.580271 -1.819649 0.074300
111 23 Car 0 0 0.166444 349.220000 114.118000 379.460000 194.975000 1.485100 3.779200 1.606100 18.999449 -6.525975 -1.856315 -0.586900
111 24 Car 0 0 4.488482 349.220000 114.118000 379.460000 194.975000 1.463800 3.729500 1.549600 9.784930 7.805524 -1.497209 -1.640500
111 25 Car 0 0 0.816045 349.220000 114.118000 379.460000 194.975000 1.577400 4.098000 1.624000 35.867182 -4.802885 -1.864237 0.056800
112 17 Car 0 0 -0.125216 349.220000 114.118000 379.460000 194.975000 1.590400 4.006300 1.672800 25.966383 3.197779 -1.681005 3.102200
112 19 Car 0 0 0.083461 349.220000 114.118000 379.460000 194.975000 1.508000 3.923300 1.659700 30.063305 -4.562315 -1.863735 0.046200
112 21 Car 0 0 0.601556 349.220000 114.118000 379.460000 194.975000 1.392800 3.624300 1.523100 22.858558 -5.126153 -1.858594 0.041800
112 23 Car 0 0 0.206322 349.220000 114.118000 379.460000 194.975000 1.528000 3.718900 1.621000 18.507427 -6.142643 -1.898971 -0.553900
112 24 Car 0 0 4.275791 349.220000 114.118000 379.460000 194.975000 1.423700 4.322500 1.616800 9.042962 7.637225 -1.518398 -1.539300
112 25 Car 0 0 0.768960 349.220000 114.118000 379.460000 194.975000 1.577400 4.098000 1.624000 35.400583 -4.106700 -1.864237 0.056800
112 26 Car 0 0 0.000000 349.220000 114.118000 379.460000 194.975000 1.579400 3.904400 1.595400 -35.691455 -26.715755 -1.861380 0.040400
113 17 Car 0 0 -0.081781 349.220000 114.118000 379.460000 194.975000 1.580100 3.932700 1.657600 25.341726 3.637835 -1.367372 3.107500
113 19 Car 0 0 0.186182 349.220000 114.118000 379.460000 194.975000 1.498000 3.838600 1.615300 29.575480 -4.046987 -1.410684 0.050400
113 21 Car 0 0 0.495336 349.220000 114.118000 379.460000 194.975000 1.404400 3.580000 1.527200 22.346371 -4.767042 -1.537434 0.037200
113 23 Car 0 0 0.143199 349.220000 114.118000 379.460000 194.975000 1.432500 3.752200 1.571500 18.001065 -5.857988 -1.674735 -0.569800
113 24 Car 0 0 3.807947 349.220000 114.118000 379.460000 194.975000 1.436400 4.217300 1.618900 8.411448 7.591844 -1.424094 -1.607100
113 25 Car 0 0 0.581548 349.220000 114.118000 379.460000 194.975000 1.593200 3.948800 1.639500 34.849366 -3.480267 -1.424642 0.100100
114 17 Car 0 0 -0.103907 349.220000 114.118000 379.460000 194.975000 1.580100 3.932700 1.657600 24.670416 4.082141 -1.367372 3.107500
114 19 Car 0 0 0.074332 349.220000 114.118000 379.460000 194.975000 1.511500 3.664300 1.592500 28.990723 -3.504649 -1.786579 0.071800
114 21 Car 0 0 0.487622 349.220000 114.118000 379.460000 194.975000 1.461100 3.613200 1.551400 21.882465 -4.349514 -1.881846 0.071500
114 23 Car 0 0 0.219048 349.220000 114.118000 379.460000 194.975000 1.504800 3.718100 1.615500 17.547931 -5.506525 -1.896785 -0.553700
114 24 Car 0 0 3.517271 349.220000 114.118000 379.460000 194.975000 1.502400 4.035900 1.620900 7.541333 7.493116 -1.555739 -1.527700
114 25 Car 0 0 0.435938 349.220000 114.118000 379.460000 194.975000 1.506100 3.975500 1.599800 34.277217 -2.891996 -1.864068 0.079500
115 17 Car 0 0 -0.072466 349.220000 114.118000 379.460000 194.975000 1.580100 3.932700 1.657600 24.023739 4.596119 -1.367372 3.107500
115 19 Car 0 0 0.094192 349.220000 114.118000 379.460000 194.975000 1.514500 3.697000 1.595300 28.483918 -2.924873 -1.837741 0.109100
115 21 Car 0 0 0.523929 349.220000 114.118000 379.460000 194.975000 1.376800 3.674400 1.508200 21.349564 -3.887290 -1.789636 0.092700
115 23 Car 0 0 0.255164 349.220000 114.118000 379.460000 194.975000 1.462600 3.645800 1.584300 17.004419 -5.160385 -1.874087 -0.566900
115 24 Car 0 0 3.267018 349.220000 114.118000 379.460000 194.975000 1.513700 4.166400 1.645600 6.729275 7.441006 -1.555786 -1.496200
115 25 Car 0 0 0.435938 349.220000 114.118000 379.460000 194.975000 1.506100 3.975500 1.599800 33.722885 -2.220783 -1.864068 0.079500
115 27 Car 0 0 2.537378 349.220000 114.118000 379.460000 194.975000 1.548800 3.976600 1.623100 38.976835 -1.416172 -1.859657 0.100700
115 28 Car 0 0 4.190722 349.220000 114.118000 379.460000 194.975000 1.708200 4.056400 1.621100 29.073746 4.978699 -1.598281 -2.998000
116 17 Car 0 0 -0.128863 349.220000 114.118000 379.460000 194.975000 1.580100 3.932700 1.657600 23.317442 5.013219 -1.367372 3.107500
116 19 Car 0 0 0.105878 349.220000 114.118000 379.460000 194.975000 1.507700 3.671600 1.596400 27.935518 -2.433001 -1.804126 0.123100
116 21 Car 0 0 0.564716 349.220000 114.118000 379.460000 194.975000 1.408200 3.668200 1.543400 20.846532 -3.492754 -1.828069 0.144900
116 23 Car 0 0 0.291940 349.220000 114.118000 379.460000 194.975000 1.484900 3.738100 1.623300 16.522803 -4.853833 -1.887442 -0.515000
116 27 Car 0 0 2.358911 349.220000 114.118000 379.460000 194.975000 1.536000 3.868200 1.610600 38.391105 -0.641671 -1.862628 0.101900
116 28 Car 0 0 4.129708 349.220000 114.118000 379.460000 194.975000 1.808000 4.200200 1.641500 28.605275 5.703169 -1.571523 -3.002500
116 24 Car 0 0 3.267018 349.220000 114.118000 379.460000 194.975000 1.513700 4.166400 1.645600 6.054379 7.548779 -1.555786 -1.496200
116 25 Car 0 0 0.267165 349.220000 114.118000 379.460000 194.975000 1.526700 4.146500 1.635700 33.206698 -1.596947 -1.866029 0.139400
117 17 Car 0 0 -0.188833 349.220000 114.118000 379.460000 194.975000 1.580100 3.932700 1.657600 22.662003 5.453269 -1.367372 3.107500
117 19 Car 0 0 0.026933 349.220000 114.118000 379.460000 194.975000 1.511800 3.663000 1.587200 27.383054 -1.917446 -1.777526 0.160700
117 21 Car 0 0 0.670096 349.220000 114.118000 379.460000 194.975000 1.419200 3.663900 1.530900 20.286020 -3.106006 -1.835315 0.160000
117 23 Car 0 0 0.363950 349.220000 114.118000 379.460000 194.975000 1.480600 3.576900 1.571600 16.012828 -4.538687 -1.827479 -0.501500
117 27 Car 0 0 2.014292 349.220000 114.118000 379.460000 194.975000 1.550300 3.819100 1.614400 37.808507 0.091278 -1.847632 0.135000
117 28 Car 0 0 3.675082 349.220000 114.118000 379.460000 194.975000 1.933700 4.352900 1.679600 27.936367 6.312621 -1.620826 -3.024300
117 25 Car 0 0 0.210048 349.220000 114.118000 379.460000 194.975000 1.508900 4.202700 1.613900 32.673178 -0.980312 -1.782073 0.152900
118 17 Car 0 0 -0.162734 349.220000 114.118000 379.460000 194.975000 1.580100 3.932700 1.657600 21.997293 5.933268 -1.367372 3.107500
118 19 Car 0 0 0.057687 349.220000 114.118000 379.460000 194.975000 1.429500 3.558500 1.532800 26.766201 -1.401124 -1.722980 0.163400
118 21 Car 0 0 0.564452 349.220000 114.118000 379.460000 194.975000 1.392300 3.788000 1.530500 19.808443 -2.676605 -1.821455 0.186500
118 23 Car 0 0 0.330219 349.220000 114.118000 379.460000 194.975000 1.490000 3.672500 1.589100 15.506402 -4.232792 -1.825880 -0.488000
118 27 Car 0 0 1.490848 349.220000 114.118000 379.460000 194.975000 1.508200 3.779500 1.580100 37.188318 0.818035 -1.709460 0.134500
118 28 Car 0 0 3.293583 349.220000 114.118000 379.460000 194.975000 1.731200 4.124600 1.648800 27.250336 6.949023 -1.590510 -3.075100
118 25 Car 0 0 0.207196 349.220000 114.118000 379.460000 194.975000 1.537900 4.073600 1.608100 32.079614 -0.308662 -1.796665 0.156200
119 17 Car 0 0 -0.240730 349.220000 114.118000 379.460000 194.975000 1.580100 3.932700 1.657600 21.256682 6.339877 -1.367372 3.107500
119 19 Car 0 0 -0.068294 349.220000 114.118000 379.460000 194.975000 1.500000 3.746700 1.588800 26.266364 -0.866274 -1.338660 0.173700
119 21 Car 0 0 0.645016 349.220000 114.118000 379.460000 194.975000 1.324500 3.651200 1.503500 19.210044 -2.322727 -1.447514 0.202500
119 23 Car 0 0 0.393634 349.220000 114.118000 379.460000 194.975000 1.513300 3.778900 1.619800 15.014830 -3.920407 -1.593818 -0.476600
119 27 Car 0 0 1.255830 349.220000 114.118000 379.460000 194.975000 1.561900 4.007500 1.626500 36.654591 1.537454 -1.221772 0.156300
119 28 Car 0 0 2.809103 349.220000 114.118000 379.460000 194.975000 1.735200 4.238800 1.650600 26.561169 7.454451 -1.173490 -2.982100
119 25 Car 0 0 0.349851 349.220000 114.118000 379.460000 194.975000 1.553600 4.317900 1.647800 31.510733 0.307152 -1.304758 0.355000
120 17 Car 0 0 -0.223050 349.220000 114.118000 379.460000 194.975000 1.580100 3.932700 1.657600 20.528928 6.718012 -1.367372 3.107500
120 19 Car 0 0 -0.003922 349.220000 114.118000 379.460000 194.975000 1.535700 3.678100 1.577100 25.699547 -0.420531 -1.722678 0.170900
120 21 Car 0 0 0.603267 349.220000 114.118000 379.460000 194.975000 1.394200 3.830500 1.532000 18.676839 -1.980998 -1.753841 0.197000
120 23 Car 0 0 0.371841 349.220000 114.118000 379.460000 194.975000 1.444100 3.631100 1.545200 14.505845 -3.667409 -1.760770 -0.452400
120 27 Car 0 0 1.055091 349.220000 114.118000 379.460000 194.975000 1.571400 3.776700 1.601600 36.045767 2.201094 -1.781704 0.348300
120 28 Car 0 0 2.247360 349.220000 114.118000 379.460000 194.975000 1.771000 4.185900 1.627500 25.826995 7.807126 -1.502167 -2.925400
120 25 Car 0 0 0.075782 349.220000 114.118000 379.460000 194.975000 1.509400 4.035300 1.597000 30.912749 0.820870 -1.752653 0.192600
121 17 Car 0 0 -0.109803 349.220000 114.118000 379.460000 194.975000 1.580100 3.932700 1.657600 19.802443 7.065199 -1.367372 3.107500
121 19 Car 0 0 0.097590 349.220000 114.118000 379.460000 194.975000 1.616300 3.892000 1.659100 25.152535 0.047595 -1.748051 0.212600
121 21 Car 0 0 0.467745 349.220000 114.118000 379.460000 194.975000 1.455800 3.804600 1.568300 18.120931 -1.653239 -1.771723 0.193400
121 23 Car 0 0 0.340387 349.220000 114.118000 379.460000 194.975000 1.498000 3.768800 1.635800 13.989712 -3.392485 -1.774566 -0.446700
121 27 Car 0 0 0.745537 349.220000 114.118000 379.460000 194.975000 1.502400 3.617200 1.561300 35.388995 2.826319 -1.707686 0.183600
121 28 Car 0 0 1.812897 349.220000 114.118000 379.460000 194.975000 1.801000 4.248900 1.671500 25.032913 8.152999 -1.590412 -2.964400
121 25 Car 0 0 0.012304 349.220000 114.118000 379.460000 194.975000 1.491300 4.036700 1.590400 30.242535 1.357306 -1.688753 0.167900
122 17 Car 0 0 -0.074601 349.220000 114.118000 379.460000 194.975000 1.580100 3.932700 1.657600 19.134978 7.361890 -1.367372 3.107500
122 19 Car 0 0 0.097053 349.220000 114.118000 379.460000 194.975000 1.588200 3.663200 1.621800 24.539797 0.416685 -1.703088 0.222100
122 21 Car 0 0 0.474051 349.220000 114.118000 379.460000 194.975000 1.381300 3.614100 1.493700 17.517063 -1.399045 -1.700096 0.237300
122 23 Car 0 0 0.351453 349.220000 114.118000 379.460000 194.975000 1.509700 3.616100 1.597400 13.441424 -3.181510 -1.760700 -0.418000
122 27 Car 0 0 0.462049 349.220000 114.118000 379.460000 194.975000 1.555700 3.780100 1.592000 34.784985 3.301944 -1.691381 0.191400
122 28 Car 0 0 1.474706 349.220000 114.118000 379.460000 194.975000 1.783500 4.056400 1.649400 24.266622 8.444338 -1.651789 -2.964100
122 25 Car 0 0 0.128156 349.220000 114.118000 379.460000 194.975000 1.482500 4.065100 1.586400 29.670940 1.835305 -1.677339 0.193700
123 17 Car 0 0 -0.108091 349.220000 114.118000 379.460000 194.975000 1.580100 3.932700 1.657600 18.502214 7.616233 -1.367372 3.107500
123 19 Car 0 0 0.186707 349.220000 114.118000 379.460000 194.975000 1.563800 3.799500 1.625300 23.991180 0.677829 -1.683094 0.284600
123 21 Car 0 0 0.521615 349.220000 114.118000 379.460000 194.975000 1.433000 3.713400 1.541600 16.913024 -1.198254 -1.702434 0.235900
123 23 Car 0 0 0.347010 349.220000 114.118000 379.460000 194.975000 1.450300 3.700200 1.571800 12.904101 -3.022395 -1.677474 -0.410600
123 27 Car 0 0 0.382926 349.220000 114.118000 379.460000 194.975000 1.538600 4.121200 1.628700 34.225107 3.717640 -1.717530 0.200400
123 28 Car 0 0 1.350008 349.220000 114.118000 379.460000 194.975000 1.788700 4.087400 1.678300 23.629560 8.744892 -1.644758 -2.917000
123 25 Car 0 0 0.287268 349.220000 114.118000 379.460000 194.975000 1.487200 4.097100 1.605200 29.139309 2.213507 -1.666865 0.203100
124 17 Car 0 0 -0.072270 349.220000 114.118000 379.460000 194.975000 1.580100 3.932700 1.657600 17.774803 7.750391 -1.367372 3.107500
124 19 Car 0 0 0.163539 349.220000 114.118000 379.460000 194.975000 1.576000 3.740000 1.590400 23.342998 0.891639 -1.695851 0.303900
124 21 Car 0 0 0.445016 349.220000 114.118000 379.460000 194.975000 1.402300 3.665100 1.558500 16.326691 -1.040600 -1.740358 0.268400
124 23 Car 0 0 0.256676 349.220000 114.118000 379.460000 194.975000 1.453500 3.908400 1.622000 12.329985 -2.914305 -1.654579 -0.406600
124 27 Car 0 0 0.211479 349.220000 114.118000 379.460000 194.975000 1.498800 3.885300 1.590600 33.570108 3.976168 -1.719024 0.325000
124 28 Car 0 0 1.196551 349.220000 114.118000 379.460000 194.975000 1.776800 4.144800 1.640100 22.953317 8.935585 -1.703771 -2.927300
124 25 Car 0 0 0.197908 349.220000 114.118000 379.460000 194.975000 1.517500 4.223400 1.629600 28.441681 2.431506 -1.736110 0.315400
125 17 Car 0 0 -0.153256 349.220000 114.118000 379.460000 194.975000 1.580100 3.932700 1.657600 17.141193 7.861189 -1.367372 3.107500
125 19 Car 0 0 0.089409 349.220000 114.118000 379.460000 194.975000 1.469400 3.674700 1.559800 22.733229 1.032255 -1.318081 0.304600
125 21 Car 0 0 0.478226 349.220000 114.118000 379.460000 194.975000 1.407600 3.726500 1.549200 15.748312 -0.938901 -1.501963 0.278600
125 23 Car 0 0 0.252026 349.220000 114.118000 379.460000 194.975000 1.473600 3.760900 1.622400 11.753891 -2.857191 -1.518175 -0.418700
125 27 Car 0 0 0.401630 349.220000 114.118000 379.460000 194.975000 1.537900 3.628000 1.590400 32.881471 4.195466 -1.311166 0.203600
125 28 Car 0 0 1.091264 349.220000 114.118000 379.460000 194.975000 1.842900 4.284700 1.732500 22.310595 9.116396 -1.613293 -2.932200
125 25 Car 0 0 0.313973 349.220000 114.118000 379.460000 194.975000 1.430100 3.875500 1.551500 27.792606 2.568532 -1.269385 0.337800
126 17 Car 0 0 -0.104979 349.220000 114.118000 379.460000 194.975000 1.580100 3.932700 1.657600 16.569217 7.922531 -1.367372 3.107500
126 19 Car 0 0 0.147276 349.220000 114.118000 379.460000 194.975000 1.454400 3.828800 1.592700 22.158301 1.061301 -1.671680 0.218300
126 21 Car 0 0 0.381991 349.220000 114.118000 379.460000 194.975000 1.324500 3.645100 1.504100 15.197067 -0.906540 -1.679620 0.243200
126 23 Car 0 0 0.291532 349.220000 114.118000 379.460000 194.975000 1.455400 3.701500 1.566600 11.126101 -2.827361 -1.677030 -0.402900
126 27 Car 0 0 0.207440 349.220000 114.118000 379.460000 194.975000 1.489600 3.974600 1.586600 32.375714 4.270477 -1.784133 0.197800
126 28 Car 0 0 0.930502 349.220000 114.118000 379.460000 194.975000 1.738400 4.221100 1.666100 21.679144 9.170593 -1.923233 -2.916200
126 25 Car 0 0 0.149820 349.220000 114.118000 379.460000 194.975000 1.480800 3.944700 1.564300 27.200643 2.610026 -1.826112 0.150300
126 29 Car 0 0 2.737728 349.220000 114.118000 379.460000 194.975000 1.529900 3.982800 1.615900 26.685929 10.579191 -1.950589 -2.771900
127 17 Car 0 0 -0.084151 349.220000 114.118000 379.460000 194.975000 1.580100 3.932700 1.657600 15.950666 7.892573 -1.367372 3.107500
127 19 Car 0 0 0.110289 349.220000 114.118000 379.460000 194.975000 1.475800 3.675500 1.567700 21.514684 1.068135 -1.324811 0.285300
127 21 Car 0 0 0.424181 349.220000 114.118000 379.460000 194.975000 1.413500 3.706700 1.554800 14.586538 -0.895181 -1.495575 0.279600
127 23 Car 0 0 0.311918 349.220000 114.118000 379.460000 194.975000 1.495400 3.773200 1.618900 10.572764 -2.791587 -1.547945 -0.387300
127 27 Car 0 0 0.036515 349.220000 114.118000 379.460000 194.975000 1.550300 3.756000 1.593800 31.763406 4.183491 -1.402954 0.196500
127 28 Car 0 0 0.846812 349.220000 114.118000 379.460000 194.975000 1.776000 4.228400 1.658200 21.202760 9.200569 -1.623302 -2.918300
127 25 Car 0 0 0.287003 349.220000 114.118000 379.460000 194.975000 1.557800 3.970200 1.630600 26.643744 2.654578 -1.427001 0.298300
127 29 Car 0 0 2.446514 349.220000 114.118000 379.460000 194.975000 1.579900 3.895500 1.651400 26.068494 10.584618 -1.575782 -2.757000
128 17 Car 0 0 -0.089152 349.220000 114.118000 379.460000 194.975000 1.580100 3.932700 1.657600 15.343796 7.859495 -1.367372 3.107500
128 19 Car 0 0 0.127465 349.220000 114.118000 379.460000 194.975000 1.563400 3.706100 1.648400 20.863621 0.995661 -1.780280 0.285600
128 21 Car 0 0 0.366199 349.220000 114.118000 379.460000 194.975000 1.410300 3.804500 1.571700 13.955686 -0.937976 -1.788563 0.260300
128 23 Car 0 0 0.234073 349.220000 114.118000 379.460000 194.975000 1.479400 3.845300 1.611200 9.930906 -2.839188 -1.672456 -0.422400
128 27 Car 0 0 0.056819 349.220000 114.118000 379.460000 194.975000 1.573500 3.788500 1.604500 31.072221 4.081111 -1.996016 0.190700
128 28 Car 0 0 0.707168 349.220000 114.118000 379.460000 194.975000 1.832900 4.160000 1.693300 20.545702 9.123262 -2.064991 -2.833600
128 25 Car 0 0 0.251238 349.220000 114.118000 379.460000 194.975000 1.472400 3.868600 1.570100 26.215475 2.665853 -1.959379 0.346400
128 29 Car 0 0 2.096682 349.220000 114.118000 379.460000 194.975000 1.566000 4.089300 1.659000 25.469457 10.530203 -2.084252 -2.789400
128 30 Car 0 0 0.000000 349.220000 114.118000 379.460000 194.975000 1.480100 3.602000 1.517100 -38.683988 -33.976394 0.272223 -0.354400
129 17 Car 0 0 -0.068993 349.220000 114.118000 379.460000 194.975000 1.580100 3.932700 1.657600 14.794409 7.792930 -1.367372 3.107500
129 19 Car 0 0 0.100972 349.220000 114.118000 379.460000 194.975000 1.520600 3.820000 1.636700 20.303336 0.919818 -1.397114 0.285000
129 21 Car 0 0 0.395663 349.220000 114.118000 379.460000 194.975000 1.371100 3.699200 1.527100 13.332697 -1.007745 -1.499786 0.268000
129 23 Car 0 0 0.204814 349.220000 114.118000 379.460000 194.975000 1.494500 3.860400 1.642000 9.292758 -2.911190 -1.517276 -0.434200
129 27 Car 0 0 0.195533 349.220000 114.118000 379.460000 194.975000 1.448300 3.753700 1.549500 30.487914 3.965096 -1.379486 0.211000
129 28 Car 0 0 0.674249 349.220000 114.118000 379.460000 194.975000 1.718300 4.152200 1.667900 19.964023 9.031851 -1.729315 -2.904900
129 25 Car 0 0 0.314677 349.220000 114.118000 379.460000 194.975000 1.470100 4.003600 1.575700 25.485395 2.483601 -1.392081 0.408500
129 29 Car 0 0 2.043683 349.220000 114.118000 379.460000 194.975000 1.501700 3.825600 1.609400 24.809982 10.414788 -1.723775 -2.802700
130 17 Car 0 0 -0.124962 349.220000 114.118000 379.460000 194.975000 1.580100 3.932700 1.657600 14.248886 7.650702 -1.367372 3.107500
130 19 Car 0 0 0.101746 349.220000 114.118000 379.460000 194.975000 1.490500 3.806800 1.607400 19.731445 0.761156 -1.630690 0.284500
130 21 Car 0 0 0.346962 349.220000 114.118000 379.460000 194.975000 1.439300 3.855800 1.575800 12.748701 -1.121657 -1.680315 0.274700
130 23 Car 0 0 0.221141 349.220000 114.118000 379.460000 194.975000 1.498000 3.745300 1.609000 8.662425 -2.979856 -1.626943 -0.432900
130 27 Car 0 0 0.171622 349.220000 114.118000 379.460000 194.975000 1.584200 3.816200 1.645600 29.847824 3.674592 -1.775732 0.192900
130 28 Car 0 0 0.573204 349.220000 114.118000 379.460000 194.975000 1.789000 4.160700 1.695200 19.454227 8.869901 -1.974946 -2.923600
130 29 Car 0 0 1.796643 349.220000 114.118000 379.460000 194.975000 1.512100 3.796300 1.610500 24.280098 10.183219 -1.924696 -2.791200
130 25 Car 0 0 0.314677 349.220000 114.118000 379.460000 194.975000 1.470100 4.003600 1.575700 24.941433 2.286195 -1.392081 0.408500
131 17 Car 0 0 -0.157276 349.220000 114.118000 379.460000 194.975000 1.580100 3.932700 1.657600 13.725895 7.510356 -1.367372 3.107500
131 19 Car 0 0 0.095505 349.220000 114.118000 379.460000 194.975000 1.564600 3.775900 1.621100 19.111514 0.558908 -1.630272 0.236800
131 21 Car 0 0 0.271696 349.220000 114.118000 379.460000 194.975000 1.432500 3.868700 1.579700 12.131807 -1.251360 -1.621082 0.216000
131 23 Car 0 0 0.279208 349.220000 114.118000 379.460000 194.975000 1.525100 3.746900 1.643700 7.998079 -3.022824 -1.579498 -0.385200
131 27 Car 0 0 0.242710 349.220000 114.118000 379.460000 194.975000 1.460800 3.380600 1.520600 29.325466 3.436090 -1.668710 0.177700
131 28 Car 0 0 0.572537 349.220000 114.118000 379.460000 194.975000 1.741500 4.271300 1.696300 18.907911 8.684851 -1.835203 -2.939300
131 29 Car 0 0 1.571122 349.220000 114.118000 379.460000 194.975000 1.530500 3.739100 1.610200 23.748140 9.843454 -1.919556 -2.791900
131 25 Car 0 0 -0.417339 349.220000 114.118000 379.460000 194.975000 1.470100 4.003600 1.575700 23.982207 1.622936 -1.392081 0.408500
131 31 Car 0 0 1.026518 349.220000 114.118000 379.460000 194.975000 1.491400 3.764900 1.562600 29.193365 11.540293 -1.834405 -2.975600
132 17 Car 0 0 -0.222284 349.220000 114.118000 379.460000 194.975000 1.580100 3.932700 1.657600 13.150460 7.311097 -1.367372 3.107500
132 19 Car 0 0 0.115092 349.220000 114.118000 379.460000 194.975000 1.585400 3.641600 1.586700 18.461379 0.315722 -1.526742 0.222400
132 21 Car 0 0 0.299840 349.220000 114.118000 379.460000 194.975000 1.377700 3.825100 1.526600 11.498149 -1.391485 -1.560681 0.207500
132 23 Car 0 0 0.274681 349.220000 114.118000 379.460000 194.975000 1.521100 3.803400 1.662400 7.329490 -3.119315 -1.563878 -0.404300
132 28 Car 0 0 0.500992 349.220000 114.118000 379.460000 194.975000 1.798200 4.262700 1.711700 18.341288 8.438600 -1.885164 -2.916400
132 29 Car 0 0 1.407951 349.220000 114.118000 379.460000 194.975000 1.483100 3.699900 1.583100 23.287528 9.544640 -1.922986 -2.840100
132 25 Car 0 0 -0.340742 349.220000 114.118000 379.460000 194.975000 1.361500 3.534900 1.477400 23.406120 1.328449 -1.511712 0.371700
132 31 Car 0 0 0.806349 349.220000 114.118000 379.460000 194.975000 1.501100 3.712600 1.581000 28.769887 11.173405 -1.782825 -2.809400
132 27 Car 0 0 0.242710 349.220000 114.118000 379.460000 194.975000 1.460800 3.380600 1.520600 28.787320 3.086320 -1.668710 0.177700
133 17 Car 0 0 -0.191256 349.220000 114.118000 379.460000 194.975000 1.580100 3.932700 1.657600 12.642405 7.148257 -1.367372 3.107500
133 19 Car 0 0 0.144507 349.220000 114.118000 379.460000 194.975000 1.598900 3.666900 1.639600 17.813235 0.047343 -1.517825 0.198300
133 21 Car 0 0 0.234882 349.220000 114.118000 379.460000 194.975000 1.451200 3.754000 1.573700 10.840080 -1.585799 -1.574604 0.196800
133 23 Car 0 0 0.205845 349.220000 114.118000 379.460000 194.975000 1.531900 3.921700 1.651000 6.694077 -3.230159 -1.597275 -0.428900
133 28 Car 0 0 0.365546 349.220000 114.118000 379.460000 194.975000 1.745900 4.235100 1.700500 17.898706 8.189700 -1.821854 -2.970300
133 29 Car 0 0 1.266205 349.220000 114.118000 379.460000 194.975000 1.445700 3.661300 1.561800 22.851597 9.208445 -1.821358 -2.845600
133 25 Car 0 0 -0.035832 349.220000 114.118000 379.460000 194.975000 1.462900 3.869300 1.545900 22.850597 1.066565 -1.539311 0.346900
133 31 Car 0 0 0.686117 349.220000 114.118000 379.460000 194.975000 1.550800 3.883400 1.576700 28.291381 10.744789 -1.776428 -2.944100
134 17 Car 0 0 -0.217624 349.220000 114.118000 379.460000 194.975000 1.580100 3.932700 1.657600 12.087503 6.946710 -1.367372 3.107500
134 19 Car 0 0 0.164720 349.220000 114.118000 379.460000 194.975000 1.565300 3.686100 1.625800 17.190003 -0.215230 -1.504666 0.188100
134 21 Car 0 0 0.171078 349.220000 114.118000 379.460000 194.975000 1.443500 3.833000 1.565600 10.239059 -1.727367 -1.574949 0.186400
134 23 Car 0 0 0.259728 349.220000 114.118000 379.460000 194.975000 1.457800 3.742500 1.601000 5.956638 -3.307215 -1.533539 -0.457500
134 28 Car 0 0 0.191427 349.220000 114.118000 379.460000 194.975000 1.745100 4.231700 1.699700 17.387715 7.900239 -1.785710 -2.946200
134 29 Car 0 0 1.144406 349.220000 114.118000 379.460000 194.975000 1.482400 3.714000 1.565500 22.335405 8.871965 -1.799628 -2.904700
134 25 Car 0 0 0.609658 349.220000 114.118000 379.460000 194.975000 1.442300 3.930200 1.546200 22.281716 0.893509 -1.522849 0.207400
134 31 Car 0 0 0.473339 349.220000 114.118000 379.460000 194.975000 1.501500 3.599900 1.564200 27.823395 10.376715 -1.671090 -2.812600
135 17 Car 0 0 -0.237393 349.220000 114.118000 379.460000 194.975000 1.580100 3.932700 1.657600 11.609865 6.773762 -1.367372 3.107500
135 19 Car 0 0 0.229834 349.220000 114.118000 379.460000 194.975000 1.538000 3.710800 1.616300 16.588394 -0.478029 -1.504304 0.167400
135 21 Car 0 0 0.122810 349.220000 114.118000 379.460000 194.975000 1.373500 3.854100 1.520600 9.551523 -1.921331 -1.545538 0.173000
135 23 Car 0 0 0.305657 349.220000 114.118000 379.460000 194.975000 1.469100 3.777700 1.544800 5.310937 -3.354999 -1.563679 -0.507200
135 28 Car 0 0 0.159128 349.220000 114.118000 379.460000 194.975000 1.762600 4.278400 1.725500 16.793440 7.608464 -1.801160 -2.958900
135 29 Car 0 0 1.059824 349.220000 114.118000 379.460000 194.975000 1.453300 3.728100 1.565900 21.861056 8.544118 -1.772288 -2.910700
135 25 Car 0 0 0.693733 349.220000 114.118000 379.460000 194.975000 1.457500 4.050200 1.554600 21.763838 0.584101 -1.527325 0.185800
135 31 Car 0 0 0.367307 349.220000 114.118000 379.460000 194.975000 1.516500 3.775700 1.578900 27.283704 9.944031 -1.694529 -2.934000
135 27 Car 0 0 0.116480 349.220000 114.118000 379.460000 194.975000 1.472400 3.659900 1.558600 26.892136 1.788816 -1.487820 0.141700
136 17 Car 0 0 -0.249772 349.220000 114.118000 379.460000 194.975000 1.580100 3.932700 1.657600 11.029957 6.587908 -1.367372 3.107500
136 19 Car 0 0 0.264753 349.220000 114.118000 379.460000 194.975000 1.592200 3.731800 1.660800 15.968659 -0.726733 -1.542877 0.174500
136 21 Car 0 0 0.234323 349.220000 114.118000 379.460000 194.975000 1.397600 3.737300 1.517700 8.852822 -2.055464 -1.566870 0.146300
136 23 Car 0 0 0.334997 349.220000 114.118000 379.460000 194.975000 1.404900 3.573600 1.489700 4.662890 -3.394422 -1.547783 -0.468700
136 28 Car 0 0 0.233541 349.220000 114.118000 379.460000 194.975000 1.753300 4.304000 1.715900 16.306801 7.382830 -1.827176 -2.991700
136 29 Car 0 0 1.010951 349.220000 114.118000 379.460000 194.975000 1.481400 3.772700 1.573300 21.361542 8.206104 -1.867470 -2.905200
136 25 Car 0 0 0.590618 349.220000 114.118000 379.460000 194.975000 1.521200 4.283100 1.625300 21.160357 0.284342 -1.586264 0.198600
136 31 Car 0 0 0.389997 349.220000 114.118000 379.460000 194.975000 1.532600 3.718800 1.569100 26.889001 9.563419 -1.748606 -2.936900
136 27 Car 0 0 0.120531 349.220000 114.118000 379.460000 194.975000 1.401600 3.665700 1.514400 26.233572 1.373474 -1.539880 0.114900
137 17 Car 0 0 -0.272118 349.220000 114.118000 379.460000 194.975000 1.580100 3.932700 1.657600 10.530295 6.429795 -1.367372 3.107500
137 19 Car 0 0 0.270283 349.220000 114.118000 379.460000 194.975000 1.552800 3.709500 1.631700 15.239175 -0.986579 -1.568033 0.154600
137 21 Car 0 0 0.210807 349.220000 114.118000 379.460000 194.975000 1.345200 3.787900 1.494200 8.170704 -2.191851 -1.590563 0.126400
137 23 Car 0 0 0.398747 349.220000 114.118000 379.460000 194.975000 1.533600 4.208700 1.651500 3.817018 -3.463261 -1.608241 -0.441800
137 28 Car 0 0 0.361810 349.220000 114.118000 379.460000 194.975000 1.743800 4.330700 1.733300 15.750792 7.159895 -1.852612 -3.027400
137 29 Car 0 0 0.834107 349.220000 114.118000 379.460000 194.975000 1.460000 4.041900 1.611300 20.868377 7.920983 -1.847672 -2.917200
137 25 Car 0 0 0.412552 349.220000 114.118000 379.460000 194.975000 1.495000 4.134100 1.593000 20.450769 -0.034225 -1.550585 0.191100
137 31 Car 0 0 0.321453 349.220000 114.118000 379.460000 194.975000 1.468600 3.386100 1.514800 26.285548 9.122020 -1.819484 -2.932300
137 27 Car 0 0 0.068194 349.220000 114.118000 379.460000 194.975000 1.457700 3.574100 1.528500 25.561568 0.949870 -1.580858 0.100700
138 17 Car 0 0 -0.341744 349.220000 114.118000 379.460000 194.975000 1.580100 3.932700 1.657600 9.923068 6.244864 -1.367372 3.107500
138 19 Car 0 0 0.302836 349.220000 114.118000 379.460000 194.975000 1.535500 3.712000 1.600000 14.545626 -1.224545 -1.538586 0.121300
138 21 Car 0 0 0.224584 349.220000 114.118000 379.460000 194.975000 1.432900 3.721700 1.536300 7.474321 -2.322602 -1.611089 0.117400
138 28 Car 0 0 0.289842 349.220000 114.118000 379.460000 194.975000 1.877200 4.134800 1.686800 15.232764 6.932417 -1.885981 -3.013000
138 29 Car 0 0 0.822246 349.220000 114.118000 379.460000 194.975000 1.484800 3.648500 1.552300 20.317531 7.589938 -1.865417 -2.943400
138 25 Car 0 0 0.292314 349.220000 114.118000 379.460000 194.975000 1.455900 4.136600 1.564700 19.723122 -0.329054 -1.621783 0.179700
138 31 Car 0 0 0.311446 349.220000 114.118000 379.460000 194.975000 1.571700 3.686600 1.600600 25.854315 8.787310 -1.864634 -2.956400
138 27 Car 0 0 0.058377 349.220000 114.118000 379.460000 194.975000 1.478300 3.667300 1.537900 25.000591 0.613050 -1.614669 0.121600
138 23 Car 0 0 0.398747 349.220000 114.118000 379.460000 194.975000 1.533600 4.208700 1.651500 3.160709 -3.511735 -1.608241 -0.441800
138 32 Car 0 0 1.111468 349.220000 114.118000 379.460000 194.975000 1.464300 3.852400 1.598700 42.265132 13.530790 -1.527269 1.737000
139 17 Car 0 0 -0.384217 349.220000 114.118000 379.460000 194.975000 1.580100 3.932700 1.657600 9.374147 6.080809 -1.367372 3.107500
139 19 Car 0 0 0.307056 349.220000 114.118000 379.460000 194.975000 1.520400 3.641300 1.607800 13.832016 -1.450941 -1.563791 0.131900
139 21 Car 0 0 0.234908 349.220000 114.118000 379.460000 194.975000 1.421300 3.764200 1.553500 6.779677 -2.446903 -1.615914 0.101000
139 28 Car 0 0 0.195807 349.220000 114.118000 379.460000 194.975000 1.791900 4.351500 1.732700 14.689066 6.685545 -1.857187 -3.001000
139 29 Car 0 0 0.775202 349.220000 114.118000 379.460000 194.975000 1.450900 3.754300 1.544000 19.805843 7.281062 -1.839044 -2.943800
139 25 Car 0 0 0.293063 349.220000 114.118000 379.460000 194.975000 1.558400 4.192600 1.631000 19.152943 -0.611417 -1.668518 0.120100
139 31 Car 0 0 0.365556 349.220000 114.118000 379.460000 194.975000 1.526100 3.537900 1.524700 25.354058 8.390880 -1.810613 -2.978900
139 27 Car 0 0 -0.004773 349.220000 114.118000 379.460000 194.975000 1.524600 3.980600 1.601000 24.454348 0.259441 -1.658295 0.102600
139 32 Car 0 0 0.362696 349.220000 114.118000 379.460000 194.975000 1.424400 3.683000 1.556100 41.819930 12.870002 -1.470185 1.725800
140 17 Car 0 0 -0.371856 349.220000 114.118000 379.460000 194.975000 1.580100 3.932700 1.657600 8.793811 5.954530 -1.367372 3.107500
140 19 Car 0 0 0.308681 349.220000 114.118000 379.460000 194.975000 1.538400 3.634700 1.592400 13.144458 -1.640078 -1.390666 0.118600
140 21 Car 0 0 0.274270 349.220000 114.118000 379.460000 194.975000 1.441600 3.788000 1.538200 6.088033 -2.529581 -1.527773 0.080800
140 28 Car 0 0 0.174735 349.220000 114.118000 379.460000 194.975000 1.803700 4.289400 1.676300 14.074770 6.468621 -1.611480 -3.032500
140 29 Car 0 0 0.682001 349.220000 114.118000 379.460000 194.975000 1.481800 3.787700 1.563300 19.195959 7.025105 -1.551010 -2.945700
140 25 Car 0 0 0.142066 349.220000 114.118000 379.460000 194.975000 1.473200 4.171200 1.585400 18.411647 -0.850244 -1.325014 0.133900
140 31 Car 0 0 0.197631 349.220000 114.118000 379.460000 194.975000 1.502800 3.617800 1.573500 24.730839 8.054859 -1.469894 -2.982900
140 27 Car 0 0 0.032837 349.220000 114.118000 379.460000 194.975000 1.529000 3.981100 1.590000 23.797068 -0.064562 -1.238179 0.107200
140 32 Car 0 0 0.511407 349.220000 114.118000 379.460000 194.975000 1.463600 3.888000 1.579800 41.343987 12.362147 -0.810574 1.722500
141 17 Car 0 0 -0.378924 349.220000 114.118000 379.460000 194.975000 1.580100 3.932700 1.657600 8.255188 5.838739 -1.367372 3.107500
141 19 Car 0 0 0.302808 349.220000 114.118000 379.460000 194.975000 1.559900 3.620300 1.597100 12.470492 -1.827613 -1.568384 0.104000
141 21 Car 0 0 0.292540 349.220000 114.118000 379.460000 194.975000 1.427000 3.712500 1.501000 5.356548 -2.600077 -1.595404 0.064800
141 28 Car 0 0 0.099015 349.220000 114.118000 379.460000 194.975000 1.699600 4.273900 1.679500 13.541668 6.270568 -1.709699 -3.045700
141 29 Car 0 0 0.614373 349.220000 114.118000 379.460000 194.975000 1.445000 3.705800 1.538200 18.607437 6.769136 -1.769723 -3.012300
141 25 Car 0 0 0.082744 349.220000 114.118000 379.460000 194.975000 1.496900 4.187300 1.598500 17.764067 -1.080771 -1.598346 0.126600
141 31 Car 0 0 0.276313 349.220000 114.118000 379.460000 194.975000 1.501200 3.587900 1.516600 24.140757 7.681587 -1.772458 -2.991800
141 27 Car 0 0 -0.073564 349.220000 114.118000 379.460000 194.975000 1.516300 3.798200 1.569900 23.107652 -0.425079 -1.597478 0.005900
141 32 Car 0 0 0.086429 349.220000 114.118000 379.460000 194.975000 1.483100 3.525600 1.572700 40.807402 11.680064 -1.378747 1.774500
141 33 Car 0 0 4.171342 349.220000 114.118000 379.460000 194.975000 1.581300 3.968600 1.583400 28.139341 0.046325 -1.589013 0.038300
142 17 Car 0 0 -0.447955 349.220000 114.118000 379.460000 194.975000 1.580100 3.932700 1.657600 7.769434 5.713369 -1.367372 3.107500
142 19 Car 0 0 0.342626 349.220000 114.118000 379.460000 194.975000 1.546000 3.709200 1.627300 11.830735 -2.013595 -1.373847 0.075700
142 21 Car 0 0 0.244361 349.220000 114.118000 379.460000 194.975000 1.471800 3.837500 1.530100 4.677938 -2.690842 -1.571704 0.059900
142 28 Car 0 0 -0.051098 349.220000 114.118000 379.460000 194.975000 1.780300 4.409200 1.667900 12.979020 6.059707 -1.591939 -3.088200
142 29 Car 0 0 0.606431 349.220000 114.118000 379.460000 194.975000 1.465300 3.648600 1.527800 18.032354 6.492583 -1.508473 -3.008900
142 25 Car 0 0 0.110997 349.220000 114.118000 379.460000 194.975000 1.449000 4.240700 1.589200 17.078297 -1.369001 -1.369306 0.135700
142 31 Car 0 0 0.448671 349.220000 114.118000 379.460000 194.975000 1.476600 3.608800 1.513200 23.663591 7.333801 -1.320837 -3.023300
142 27 Car 0 0 -0.227933 349.220000 114.118000 379.460000 194.975000 1.462000 3.818200 1.549200 22.431697 -0.786224 -1.216149 0.077000
142 32 Car 0 0 -0.050904 349.220000 114.118000 379.460000 194.975000 1.469500 4.038300 1.606600 40.354265 11.125401 -0.694788 1.712800
142 33 Car 0 0 4.171342 349.220000 114.118000 379.460000 194.975000 1.581300 3.968600 1.583400 27.509290 -0.309034 -1.589013 0.038300
143 17 Car 0 0 -0.541576 349.220000 114.118000 379.460000 194.975000 1.580100 3.932700 1.657600 7.209735 5.580966 -1.367372 3.107500
143 19 Car 0 0 0.330832 349.220000 114.118000 379.460000 194.975000 1.504700 3.638300 1.580500 11.122118 -2.164745 -1.480138 0.055700
143 21 Car 0 0 0.176616 349.220000 114.118000 379.460000 194.975000 1.450500 3.893400 1.532700 3.990140 -2.768911 -1.592613 0.048000
143 28 Car 0 0 -0.064264 349.220000 114.118000 379.460000 194.975000 1.760400 4.313800 1.691800 12.368273 5.885974 -1.692352 -3.081700
143 29 Car 0 0 0.510674 349.220000 114.118000 379.460000 194.975000 1.419900 3.713700 1.529300 17.433938 6.296990 -1.663274 -3.021400
143 25 Car 0 0 0.107824 349.220000 114.118000 379.460000 194.975000 1.543700 4.246800 1.624900 16.399205 -1.587770 -1.519911 0.072400
143 31 Car 0 0 0.342575 349.220000 114.118000 379.460000 194.975000 1.507200 3.231900 1.515200 22.961834 7.027980 -1.604060 -2.997500
143 27 Car 0 0 -0.175926 349.220000 114.118000 379.460000 194.975000 1.526200 4.036600 1.600000 21.742420 -1.047402 -1.464587 0.038100
143 32 Car 0 0 -0.255281 349.220000 114.118000 379.460000 194.975000 1.416500 3.511300 1.530100 39.791307 10.528793 -1.177779 1.653200
143 33 Car 0 0 3.329097 349.220000 114.118000 379.460000 194.975000 1.490600 4.159400 1.579900 26.867346 -0.665502 -1.461002 0.092300
144 17 Car 0 0 -0.572656 349.220000 114.118000 379.460000 194.975000 1.580100 3.932700 1.657600 6.679840 5.490399 -1.367372 3.107500
144 19 Car 0 0 0.342839 349.220000 114.118000 379.460000 194.975000 1.486500 3.736400 1.578100 10.430080 -2.292523 -1.481093 0.055900
144 21 Car 0 0 0.152538 349.220000 114.118000 379.460000 194.975000 1.431500 3.811000 1.521200 3.379797 -2.793700 -1.614375 0.034800
144 28 Car 0 0 0.017818 349.220000 114.118000 379.460000 194.975000 1.794300 4.309200 1.701200 11.734011 5.758401 -1.730872 -3.082600
144 29 Car 0 0 0.459396 349.220000 114.118000 379.460000 194.975000 1.435200 4.002800 1.586200 16.898309 6.112781 -1.666181 -3.016600
144 25 Car 0 0 0.121807 349.220000 114.118000 379.460000 194.975000 1.478200 4.186000 1.589900 15.696568 -1.780808 -1.496027 0.070800
144 31 Car 0 0 0.279373 349.220000 114.118000 379.460000 194.975000 1.612100 3.558700 1.544900 22.410774 6.818444 -1.673994 -3.035600
144 27 Car 0 0 -0.156790 349.220000 114.118000 379.460000 194.975000 1.517400 3.915000 1.612000 20.982817 -1.295890 -1.469134 0.046600
144 32 Car 0 0 -0.177754 349.220000 114.118000 379.460000 194.975000 1.410400 3.667000 1.543500 39.188533 10.100634 -1.115617 1.680600
144 33 Car 0 0 2.997072 349.220000 114.118000 379.460000 194.975000 1.501300 3.957700 1.584800 26.276916 -0.816824 -1.462081 0.093400
144 34 Car 0 0 4.228891 349.220000 114.118000 379.460000 194.975000 1.539900 3.561500 1.584900 34.698463 -0.712775 -1.256795 0.035500
145 17 Car 0 0 -0.487408 349.220000 114.118000 379.460000 194.975000 1.580100 3.932700 1.657600 6.051044 5.420143 -1.367372 3.107500
145 19 Car 0 0 0.363137 349.220000 114.118000 379.460000 194.975000 1.547500 3.674300 1.597400 9.677193 -2.420009 -1.547013 0.043900
145 21 Car 0 0 0.213687 349.220000 114.118000 379.460000 194.975000 1.437200 3.765100 1.515700 2.668219 -2.802132 -1.621333 -0.065100
145 28 Car 0 0 -0.027716 349.220000 114.118000 379.460000 194.975000 1.819500 4.458900 1.725500 11.174073 5.640291 -1.736650 -3.093000
145 29 Car 0 0 0.470565 349.220000 114.118000 379.460000 194.975000 1.409000 3.975000 1.558400 16.300469 5.929515 -1.663492 -3.052300
145 25 Car 0 0 0.124761 349.220000 114.118000 379.460000 194.975000 1.531400 4.363100 1.631400 14.996726 -1.933785 -1.562697 0.073600
145 31 Car 0 0 0.354312 349.220000 114.118000 379.460000 194.975000 1.474800 3.404500 1.468500 21.804396 6.548290 -1.659264 -3.046600
145 27 Car 0 0 -0.189551 349.220000 114.118000 379.460000 194.975000 1.506400 3.912600 1.591600 20.332857 -1.516860 -1.530978 0.039900
145 32 Car 0 0 -0.175623 349.220000 114.118000 379.460000 194.975000 1.400900 3.685200 1.548700 38.620909 9.688881 -1.229540 1.628700
145 33 Car 0 0 2.540103 349.220000 114.118000 379.460000 194.975000 1.481400 3.870400 1.546200 25.610719 -1.078682 -1.476626 0.045100
145 34 Car 0 0 4.118410 349.220000 114.118000 379.460000 194.975000 1.546700 3.598200 1.573400 33.968510 -0.872179 -1.378201 0.132400
146 17 Car 0 0 -0.516433 349.220000 114.118000 379.460000 194.975000 1.580100 3.932700 1.657600 5.396778 5.326991 -1.367372 3.107500
146 19 Car 0 0 0.282373 349.220000 114.118000 379.460000 194.975000 1.575400 3.590100 1.578800 8.965797 -2.479968 -1.450756 0.052100
146 21 Car 0 0 0.272719 349.220000 114.118000 379.460000 194.975000 1.443500 3.622800 1.569300 2.011856 -2.774040 -1.671669 0.049100
146 28 Car 0 0 0.019052 349.220000 114.118000 379.460000 194.975000 1.755200 4.461000 1.712400 10.491360 5.535377 -1.629793 -3.124700
146 29 Car 0 0 0.512191 349.220000 114.118000 379.460000 194.975000 1.427900 3.693700 1.539700 15.590781 5.759412 -1.552811 -3.049600
146 25 Car 0 0 0.138133 349.220000 114.118000 379.460000 194.975000 1.539600 4.213800 1.620400 14.241069 -2.083918 -1.404570 0.057100
146 31 Car 0 0 0.249052 349.220000 114.118000 379.460000 194.975000 1.463300 3.431100 1.507100 21.160312 6.373854 -1.412059 -3.068900
146 27 Car 0 0 -0.098123 349.220000 114.118000 379.460000 194.975000 1.492100 3.846100 1.558800 19.625444 -1.673209 -1.329165 0.057200
146 32 Car 0 0 -0.278111 349.220000 114.118000 379.460000 194.975000 1.388700 3.495100 1.520000 38.046676 9.305438 -0.724523 1.603100
146 33 Car 0 0 1.995905 349.220000 114.118000 379.460000 194.975000 1.469800 4.122700 1.572900 24.793833 -1.370280 -1.198519 -0.002900
146 34 Car 0 0 3.567574 349.220000 114.118000 379.460000 194.975000 1.540900 3.735900 1.548300 33.263684 -1.050058 -0.945358 0.108300
147 17 Car 0 0 -0.629517 349.220000 114.118000 379.460000 194.975000 1.531200 3.780000 1.603800 4.746036 5.233940 -1.836983 3.123700
147 19 Car 0 0 0.312417 349.220000 114.118000 379.460000 194.975000 1.575700 3.667500 1.603200 8.284289 -2.562014 -1.642858 0.032300
147 28 Car 0 0 -0.078152 349.220000 114.118000 379.460000 194.975000 1.861300 4.462500 1.712200 9.871312 5.440584 -1.805948 -3.113900
147 29 Car 0 0 0.558611 349.220000 114.118000 379.460000 194.975000 1.444100 3.763900 1.552100 14.958388 5.610290 -1.796929 -3.045600
147 25 Car 0 0 0.097157 349.220000 114.118000 379.460000 194.975000 1.471800 4.165600 1.577100 13.523134 -2.201249 -1.648752 0.041600
147 31 Car 0 0 0.349803 349.220000 114.118000 379.460000 194.975000 1.440700 3.388000 1.476900 20.498707 6.153096 -1.774851 -3.068200
147 27 Car 0 0 -0.220454 349.220000 114.118000 379.460000 194.975000 1.496900 3.758800 1.569300 18.973023 -1.870177 -1.674643 0.013200
147 32 Car 0 0 -0.444246 349.220000 114.118000 379.460000 194.975000 1.447600 3.622300 1.568300 37.467200 8.934539 -1.479553 1.591200
147 33 Car 0 0 1.518622 349.220000 114.118000 379.460000 194.975000 1.403000 3.856500 1.536300 23.875032 -1.656988 -1.619828 0.000500
147 34 Car 0 0 2.803069 349.220000 114.118000 379.460000 194.975000 1.542500 3.634500 1.584700 32.453889 -1.325823 -1.576263 0.118400
147 21 Car 0 0 0.272719 349.220000 114.118000 379.460000 194.975000 1.443500 3.622800 1.569300 1.276142 -2.780172 -1.671669 0.049100
