2 0 Car 0 0 0.000000 349.220000 114.118000 379.460000 194.975000 1.681500 4.072900 1.668200 -7.389439 0.055350 -1.195274 -3.099400
2 1 Car 0 0 3.010752 349.220000 114.118000 379.460000 194.975000 1.444400 3.576900 1.485400 22.547979 16.362329 -1.399560 3.056600
3 1 Car 0 0 2.714652 349.220000 114.118000 379.460000 194.975000 1.509000 3.589300 1.504100 21.372443 16.419976 -1.430518 3.063300
4 1 Car 0 0 2.327512 349.220000 114.118000 379.460000 194.975000 1.515300 3.500500 1.545500 20.048034 16.506244 -1.406739 3.077700
9 2 Car 0 0 0.000000 349.220000 114.118000 379.460000 194.975000 1.496600 3.917700 1.628600 -16.109456 0.004216 -1.995854 -3.128100
16 3 Car 0 0 0.000000 349.220000 114.118000 379.460000 194.975000 1.464200 3.879900 1.576800 -24.671117 -0.399558 -1.490292 -1.618000
19 4 Car 0 0 2.717868 349.220000 114.118000 379.460000 194.975000 1.501100 3.565700 1.561200 50.575947 20.132857 -0.861632 -1.726400
35 5 Car 0 0 2.833342 349.220000 114.118000 379.460000 194.975000 1.446700 3.974400 1.591800 62.181514 -10.293451 -0.988509 -0.343400
36 5 Car 0 0 2.645241 349.220000 114.118000 379.460000 194.975000 1.489400 4.039900 1.620500 61.026112 -10.168722 -1.018039 -0.380600
40 6 Car 0 0 7.628562 349.220000 114.118000 379.460000 194.975000 1.511200 4.324700 1.654600 58.697211 4.668367 -1.274543 2.972500
41 6 Car 0 0 7.692168 349.220000 114.118000 379.460000 194.975000 1.543300 4.400000 1.690900 56.849064 5.121058 -1.517124 3.037500
42 6 Car 0 0 7.870744 349.220000 114.118000 379.460000 194.975000 1.520800 4.209000 1.660600 54.869549 5.404479 -0.505609 2.826800
42 7 Car 0 0 4.066393 349.220000 114.118000 379.460000 194.975000 1.596100 4.263500 1.701800 54.037311 -8.832860 -1.338681 -0.162600
43 6 Car 0 0 8.102524 349.220000 114.118000 379.460000 194.975000 1.500000 3.856900 1.571200 52.779605 5.567803 -0.714202 2.911800
43 7 Car 0 0 4.024480 349.220000 114.118000 379.460000 194.975000 1.514300 3.947000 1.609200 53.192568 -8.817640 -0.701085 -0.338200
44 6 Car 0 0 8.168769 349.220000 114.118000 379.460000 194.975000 1.532200 4.129200 1.645500 50.756763 6.086203 -1.481118 2.906200
44 7 Car 0 0 3.689680 349.220000 114.118000 379.460000 194.975000 1.530100 3.853800 1.619600 52.072010 -8.502061 -1.407195 -0.157500
45 6 Car 0 0 8.306060 349.220000 114.118000 379.460000 194.975000 1.487300 4.109600 1.624400 48.744665 6.442897 -1.378453 2.922000
45 7 Car 0 0 3.218932 349.220000 114.118000 379.460000 194.975000 1.476600 3.801600 1.588200 50.992616 -8.196962 -1.360080 -0.105700
46 6 Car 0 0 8.427573 349.220000 114.118000 379.460000 194.975000 1.445900 4.037200 1.595500 46.720134 6.837642 -1.370116 2.929100
46 7 Car 0 0 2.774296 349.220000 114.118000 379.460000 194.975000 1.460800 3.912400 1.586200 49.881460 -7.951637 -1.244261 -0.162100
47 6 Car 0 0 8.571462 349.220000 114.118000 379.460000 194.975000 1.461600 3.875700 1.564300 44.546671 7.282490 -1.370890 2.921400
47 7 Car 0 0 2.412582 349.220000 114.118000 379.460000 194.975000 1.445200 3.877100 1.585100 48.710612 -7.626180 -1.320871 -0.135400
48 6 Car 0 0 8.492368 349.220000 114.118000 379.460000 194.975000 1.443000 4.115100 1.610300 42.640085 7.654037 -1.354054 2.927400
48 7 Car 0 0 2.172879 349.220000 114.118000 379.460000 194.975000 1.541200 4.036100 1.646200 47.689043 -7.411095 -1.418958 -0.094200
49 6 Car 0 0 8.584723 349.220000 114.118000 379.460000 194.975000 1.368500 4.129500 1.574900 40.590201 8.106228 -0.761394 2.993700
49 7 Car 0 0 1.892278 349.220000 114.118000 379.460000 194.975000 1.526200 4.091200 1.649600 46.603802 -7.180294 -0.584814 -0.131500
50 6 Car 0 0 8.494192 349.220000 114.118000 379.460000 194.975000 1.435000 4.119600 1.617100 38.573459 8.444567 -1.436270 2.965300
50 7 Car 0 0 1.658534 349.220000 114.118000 379.460000 194.975000 1.518200 3.938200 1.632700 45.397840 -6.965022 -1.312212 -0.152700
51 6 Car 0 0 8.554003 349.220000 114.118000 379.460000 194.975000 1.361000 4.060400 1.557200 36.521303 8.726264 -1.403761 3.009500
51 7 Car 0 0 1.451918 349.220000 114.118000 379.460000 194.975000 1.474200 4.023800 1.618100 44.346241 -6.717370 -1.277752 -0.109800
52 6 Car 0 0 8.663566 349.220000 114.118000 379.460000 194.975000 1.344200 3.888500 1.532400 34.386873 9.037530 -1.385416 3.003900
52 7 Car 0 0 1.308108 349.220000 114.118000 379.460000 194.975000 1.499900 3.801100 1.600200 43.220326 -6.551796 -1.377463 -0.099600
53 6 Car 0 0 8.533313 349.220000 114.118000 379.460000 194.975000 1.408700 4.213000 1.618000 32.445969 9.372600 -1.002822 3.005000
53 7 Car 0 0 1.113860 349.220000 114.118000 379.460000 194.975000 1.539400 3.891800 1.630500 42.076535 -6.236303 -0.839312 -0.146900
54 6 Car 0 0 8.501499 349.220000 114.118000 379.460000 194.975000 1.408300 4.094400 1.597300 30.510736 9.638362 -1.494755 3.029100
54 7 Car 0 0 0.977334 349.220000 114.118000 379.460000 194.975000 1.383400 3.809100 1.537100 40.987834 -6.016870 -1.426382 -0.139800
55 6 Car 0 0 8.442112 349.220000 114.118000 379.460000 194.975000 1.405200 4.073600 1.592100 28.517888 9.865032 -1.437048 3.022200
55 7 Car 0 0 1.054926 349.220000 114.118000 379.460000 194.975000 1.437600 4.103800 1.604300 39.990525 -5.769930 -1.430674 -0.122300
56 6 Car 0 0 8.444373 349.220000 114.118000 379.460000 194.975000 1.451600 4.251100 1.598200 26.561358 10.058418 -1.405752 3.057600
56 7 Car 0 0 1.009628 349.220000 114.118000 379.460000 194.975000 1.450900 4.129800 1.589600 38.966903 -5.582142 -1.361364 -0.119700
57 6 Car 0 0 8.409528 349.220000 114.118000 379.460000 194.975000 1.440700 4.239600 1.628800 24.662807 10.287910 -1.380674 3.039900
57 7 Car 0 0 0.874312 349.220000 114.118000 379.460000 194.975000 1.453300 4.183900 1.623900 37.906268 -5.370235 -1.312372 -0.067700
58 6 Car 0 0 8.405186 349.220000 114.118000 379.460000 194.975000 1.428000 4.254500 1.618400 22.631868 10.498775 -1.393775 3.048900
58 7 Car 0 0 0.710441 349.220000 114.118000 379.460000 194.975000 1.367500 3.791000 1.538000 36.771305 -5.146996 -1.249582 -0.042400
59 6 Car 0 0 8.408668 349.220000 114.118000 379.460000 194.975000 1.447600 4.181600 1.629800 20.720321 10.654211 -1.413504 3.060200
59 7 Car 0 0 0.732832 349.220000 114.118000 379.460000 194.975000 1.387100 3.965900 1.551600 35.750033 -5.030069 -1.350262 -0.126800
60 6 Car 0 0 8.342882 349.220000 114.118000 379.460000 194.975000 1.391700 4.198600 1.596700 18.829951 10.743745 -1.217007 3.072900
60 7 Car 0 0 0.827700 349.220000 114.118000 379.460000 194.975000 1.520800 4.119700 1.662600 34.732544 -4.907682 -0.948675 -0.089400
61 6 Car 0 0 8.369434 349.220000 114.118000 379.460000 194.975000 1.423000 4.155300 1.610200 16.923665 10.849568 -1.565444 3.083400
61 7 Car 0 0 0.873411 349.220000 114.118000 379.460000 194.975000 1.429600 4.114900 1.577400 33.757920 -4.838767 -1.411469 -0.126300
62 6 Car 0 0 8.373805 349.220000 114.118000 379.460000 194.975000 1.452000 4.235900 1.647800 15.066973 10.991676 -1.605070 3.077400
62 7 Car 0 0 0.785842 349.220000 114.118000 379.460000 194.975000 1.399000 4.063300 1.544900 32.763502 -4.740177 -1.435058 -0.058200
62 8 Car 0 0 0.000000 349.220000 114.118000 379.460000 194.975000 1.549700 3.782200 1.629800 -77.259484 -8.737825 -0.326107 1.258200
63 6 Car 0 0 8.349074 349.220000 114.118000 379.460000 194.975000 1.492300 3.965400 1.602300 13.289234 11.093090 -1.605196 3.072600
63 7 Car 0 0 0.659865 349.220000 114.118000 379.460000 194.975000 1.410000 4.161600 1.595800 31.834763 -4.616649 -1.296967 -0.026400
64 6 Car 0 0 8.300283 349.220000 114.118000 379.460000 194.975000 1.467500 3.650200 1.544500 11.476804 11.089321 -1.566927 3.119400
64 7 Car 0 0 0.483292 349.220000 114.118000 379.460000 194.975000 1.466300 4.011700 1.609000 30.776196 -4.501586 -1.312763 -0.022500
65 7 Car 0 0 0.564738 349.220000 114.118000 379.460000 194.975000 1.483700 4.382600 1.651900 30.007607 -4.426096 -0.852895 -0.095100
65 6 Car 0 0 8.300283 349.220000 114.118000 379.460000 194.975000 1.467500 3.650200 1.544500 10.527587 11.121855 -1.566927 3.119400
66 7 Car 0 0 0.428380 349.220000 114.118000 379.460000 194.975000 1.430300 3.884200 1.558600 28.952708 -4.391492 -1.410371 -0.086400
66 9 Car 0 0 6.108076 349.220000 114.118000 379.460000 194.975000 1.424500 3.903900 1.569600 60.787895 -15.902883 -0.834127 1.411300
67 7 Car 0 0 0.471987 349.220000 114.118000 379.460000 194.975000 1.423200 4.131100 1.628200 27.937390 -4.375403 -1.399645 -0.050900
67 9 Car 0 0 6.242997 349.220000 114.118000 379.460000 194.975000 1.524300 4.247600 1.641100 60.034208 -15.266054 -0.916266 1.414400
68 7 Car 0 0 0.326229 349.220000 114.118000 379.460000 194.975000 1.432400 4.003200 1.629100 27.045458 -4.305263 -1.525645 -0.064600
68 9 Car 0 0 6.242997 349.220000 114.118000 379.460000 194.975000 1.524300 4.247600 1.641100 59.162233 -15.178292 -0.916266 1.414400
69 7 Car 0 0 0.166765 349.220000 114.118000 379.460000 194.975000 1.376100 3.968500 1.538900 26.078259 -4.214894 -1.077605 -0.047100
69 9 Car 0 0 7.036925 349.220000 114.118000 379.460000 194.975000 1.506300 4.039000 1.625900 58.249790 -13.621750 -0.244186 1.452300
70 7 Car 0 0 0.223091 349.220000 114.118000 379.460000 194.975000 1.433900 3.927400 1.631800 25.156037 -4.204431 -1.534501 -0.064900
70 9 Car 0 0 6.528515 349.220000 114.118000 379.460000 194.975000 1.465900 4.009300 1.607400 57.370921 -12.920653 -1.304291 1.463800
71 7 Car 0 0 0.355569 349.220000 114.118000 379.460000 194.975000 1.432000 3.972900 1.601600 24.251385 -4.180653 -1.170612 -0.075500
71 9 Car 0 0 5.685839 349.220000 114.118000 379.460000 194.975000 1.385700 3.953800 1.561500 56.545263 -12.360880 -0.380087 1.464000
72 7 Car 0 0 0.372475 349.220000 114.118000 379.460000 194.975000 1.443100 4.105100 1.609700 23.449510 -4.134061 -1.447994 -0.021300
72 9 Car 0 0 5.423034 349.220000 114.118000 379.460000 194.975000 1.469300 3.991500 1.585800 55.782041 -11.787975 -0.977714 1.522900
73 7 Car 0 0 0.377194 349.220000 114.118000 379.460000 194.975000 1.460300 4.037700 1.632800 22.619859 -4.116609 -1.435706 -0.056200
73 9 Car 0 0 5.784258 349.220000 114.118000 379.460000 194.975000 1.507400 4.205700 1.643300 55.021605 -11.022656 -1.018979 1.471800
73 10 Car 0 0 3.303959 349.220000 114.118000 379.460000 194.975000 1.555600 3.743500 1.553200 49.514812 -37.549112 -0.333891 1.393900
73 11 Car 0 0 0.000000 349.220000 114.118000 379.460000 194.975000 1.463200 4.307900 1.632000 -87.305476 -10.285380 -0.827102 1.274300
74 7 Car 0 0 0.334796 349.220000 114.118000 379.460000 194.975000 1.476800 4.042400 1.644200 21.745184 -4.089235 -1.481969 -0.054700
74 10 Car 0 0 3.084155 349.220000 114.118000 379.460000 194.975000 1.661400 4.036600 1.664100 48.865709 -37.338920 -0.471895 1.358400
74 9 Car 0 0 5.784258 349.220000 114.118000 379.460000 194.975000 1.507400 4.205700 1.643300 54.214981 -10.917797 -1.018979 1.471800
75 7 Car 0 0 0.348326 349.220000 114.118000 379.460000 194.975000 1.471700 4.108500 1.652700 20.887871 -4.042148 -1.557474 -0.048100
75 10 Car 0 0 2.930467 349.220000 114.118000 379.460000 194.975000 1.525300 4.194700 1.646000 48.144509 -37.083095 -0.369897 1.347700
75 9 Car 0 0 6.592003 349.220000 114.118000 379.460000 194.975000 1.490300 3.834100 1.573500 53.235935 -9.178618 -1.187842 1.688400
76 7 Car 0 0 0.375993 349.220000 114.118000 379.460000 194.975000 1.387800 4.141900 1.607100 20.149456 -4.012126 -1.522549 -0.060200
76 10 Car 0 0 2.814330 349.220000 114.118000 379.460000 194.975000 1.601000 3.993000 1.637400 47.387949 -36.800336 -0.700108 1.404900
76 9 Car 0 0 6.569062 349.220000 114.118000 379.460000 194.975000 1.490300 3.834100 1.573500 52.405784 -8.457065 -1.187842 1.688400
76 12 Car 0 0 4.504318 349.220000 114.118000 379.460000 194.975000 1.463400 4.013100 1.595700 51.292971 -19.646633 -1.081754 1.225100
77 7 Car 0 0 0.348188 349.220000 114.118000 379.460000 194.975000 1.422100 4.125600 1.638000 19.331687 -3.988867 -1.544033 -0.040900
77 9 Car 0 0 6.479561 349.220000 114.118000 379.460000 194.975000 1.497300 4.127200 1.620100 51.575121 -7.768437 -1.203897 1.739800
77 12 Car 0 0 4.490496 349.220000 114.118000 379.460000 194.975000 1.536800 4.177400 1.642600 50.597267 -19.297350 -1.104658 1.186800
77 10 Car 0 0 2.814330 349.220000 114.118000 379.460000 194.975000 1.601000 3.993000 1.637400 46.657917 -36.719346 -0.700108 1.404900
77 13 Car 0 0 4.603063 349.220000 114.118000 379.460000 194.975000 1.414700 3.655800 1.528700 50.273363 14.799461 -1.600923 -2.111200
78 7 Car 0 0 0.383786 349.220000 114.118000 379.460000 194.975000 1.380900 4.232300 1.588600 18.530653 -3.962926 -1.301132 -0.032300
78 9 Car 0 0 6.240516 349.220000 114.118000 379.460000 194.975000 1.410700 3.976900 1.558200 50.423025 -7.196404 -0.674737 1.768700
78 12 Car 0 0 3.999677 349.220000 114.118000 379.460000 194.975000 1.561700 4.190500 1.678600 49.909217 -19.026838 -0.466058 1.267900
78 13 Car 0 0 4.603063 349.220000 114.118000 379.460000 194.975000 1.414700 3.655800 1.528700 49.406907 14.890907 -1.600923 -2.111200
79 7 Car 0 0 0.350885 349.220000 114.118000 379.460000 194.975000 1.378500 4.120400 1.585300 17.763477 -3.934716 -1.515320 -0.053400
79 9 Car 0 0 6.286152 349.220000 114.118000 379.460000 194.975000 1.534300 4.334300 1.688900 49.530672 -6.485934 -1.265249 1.765400
79 12 Car 0 0 4.817831 349.220000 114.118000 379.460000 194.975000 1.577400 3.867500 1.625800 49.389495 -18.308019 -1.080162 1.263800
79 13 Car 0 0 4.852455 349.220000 114.118000 379.460000 194.975000 1.439200 3.682900 1.532800 48.086936 14.435110 -1.513101 -1.977800
79 10 Car 0 0 1.815174 349.220000 114.118000 379.460000 194.975000 1.587000 4.059600 1.652200 45.153538 -36.290595 -0.798192 1.399100
80 7 Car 0 0 0.340680 349.220000 114.118000 379.460000 194.975000 1.412200 4.187200 1.617500 16.998378 -3.894403 -1.548931 -0.051000
80 9 Car 0 0 6.387745 349.220000 114.118000 379.460000 194.975000 1.591800 4.093500 1.679200 48.610687 -5.739163 -1.261819 1.909500
80 12 Car 0 0 5.891655 349.220000 114.118000 379.460000 194.975000 1.490400 3.833500 1.588300 48.882267 -17.335549 -1.129554 1.226900
80 13 Car 0 0 4.913383 349.220000 114.118000 379.460000 194.975000 1.408300 3.930800 1.552100 47.079971 14.116689 -1.684185 -1.931100
80 10 Car 0 0 1.934407 349.220000 114.118000 379.460000 194.975000 1.537700 3.853200 1.589200 44.509487 -36.017260 -0.791626 1.368300
81 7 Car 0 0 0.294291 349.220000 114.118000 379.460000 194.975000 1.435500 4.226100 1.647600 16.261201 -3.864973 -1.583542 -0.036100
81 9 Car 0 0 6.544196 349.220000 114.118000 379.460000 194.975000 1.563700 4.426200 1.703200 47.598740 -4.979525 -1.227609 1.930200
81 12 Car 0 0 6.456682 349.220000 114.118000 379.460000 194.975000 1.495600 3.738400 1.582900 48.383502 -16.446229 -1.061155 1.238400
81 13 Car 0 0 4.976416 349.220000 114.118000 379.460000 194.975000 1.442200 3.718000 1.571000 46.186634 13.754284 -1.544919 -2.104600
81 10 Car 0 0 2.106355 349.220000 114.118000 379.460000 194.975000 1.612300 3.744000 1.636400 43.953624 -35.705818 -0.812079 1.381900
82 7 Car 0 0 0.258095 349.220000 114.118000 379.460000 194.975000 1.429200 3.986100 1.601700 15.539575 -3.840482 -1.556228 -0.021100
82 9 Car 0 0 6.741581 349.220000 114.118000 379.460000 194.975000 1.537200 4.095900 1.652000 46.605019 -4.178618 -1.267191 1.967300
82 12 Car 0 0 6.135507 349.220000 114.118000 379.460000 194.975000 1.610600 4.115900 1.663200 47.833973 -15.955858 -1.154617 1.351600
82 13 Car 0 0 4.743422 349.220000 114.118000 379.460000 194.975000 1.442900 3.727700 1.531500 45.553246 13.451113 -1.468316 -1.785500
82 10 Car 0 0 2.106355 349.220000 114.118000 379.460000 194.975000 1.612300 3.744000 1.636400 43.333472 -35.622062 -0.812079 1.381900
83 7 Car 0 0 0.321642 349.220000 114.118000 379.460000 194.975000 1.412900 4.168800 1.593500 14.896820 -3.808231 -1.565859 -0.033200
83 9 Car 0 0 6.938343 349.220000 114.118000 379.460000 194.975000 1.511300 4.291700 1.658100 45.596169 -3.352709 -1.288667 2.139900
83 12 Car 0 0 5.949568 349.220000 114.118000 379.460000 194.975000 1.537700 3.983700 1.625400 47.222013 -15.413361 -1.135836 1.371900
83 13 Car 0 0 4.894941 349.220000 114.118000 379.460000 194.975000 1.390300 3.570600 1.494800 44.768041 13.007393 -1.472412 -1.754900
83 10 Car 0 0 3.064216 349.220000 114.118000 379.460000 194.975000 1.448600 3.607300 1.542200 42.755611 -34.706536 -0.783510 1.369900
84 7 Car 0 0 0.287979 349.220000 114.118000 379.460000 194.975000 1.433300 4.309200 1.620000 14.274195 -3.765245 -1.582713 -0.022200
84 9 Car 0 0 7.127261 349.220000 114.118000 379.460000 194.975000 1.616800 4.336300 1.732300 44.583922 -2.516224 -1.323372 2.129300
84 12 Car 0 0 5.937776 349.220000 114.118000 379.460000 194.975000 1.529800 4.089200 1.631000 46.662412 -14.753314 -1.150373 1.372200
84 13 Car 0 0 5.048237 349.220000 114.118000 379.460000 194.975000 1.496500 3.719100 1.551700 44.132765 12.549811 -1.448725 -1.739600
84 10 Car 0 0 3.096340 349.220000 114.118000 379.460000 194.975000 1.536100 3.692500 1.588500 42.197876 -34.454693 -0.801042 1.350000
85 7 Car 0 0 0.305137 349.220000 114.118000 379.460000 194.975000 1.418500 4.033300 1.602100 13.580269 -3.772103 -1.563660 -0.041800
85 9 Car 0 0 7.198092 349.220000 114.118000 379.460000 194.975000 1.508600 4.143800 1.658400 43.361934 -1.820592 -1.381781 2.122400
85 12 Car 0 0 6.109911 349.220000 114.118000 379.460000 194.975000 1.500100 3.743300 1.588600 46.129447 -14.007099 -1.103354 1.395700
85 13 Car 0 0 5.345980 349.220000 114.118000 379.460000 194.975000 1.409600 3.599900 1.525200 43.486106 12.023954 -1.422482 -1.697200
85 10 Car 0 0 3.096340 349.220000 114.118000 379.460000 194.975000 1.536100 3.692500 1.588500 41.620354 -34.379028 -0.801042 1.350000
85 14 Car 0 0 6.609649 349.220000 114.118000 379.460000 194.975000 1.422400 3.970100 1.558600 44.129793 -23.937267 -1.114068 1.277100
86 7 Car 0 0 0.334831 349.220000 114.118000 379.460000 194.975000 1.451100 4.161400 1.638100 12.914099 -3.760213 -1.614902 -0.053100
86 9 Car 0 0 7.228497 349.220000 114.118000 379.460000 194.975000 1.528300 3.965300 1.623400 42.243412 -1.120492 -1.376821 2.129200
86 12 Car 0 0 6.035901 349.220000 114.118000 379.460000 194.975000 1.638100 4.184500 1.689200 45.572032 -13.368602 -1.169485 1.424700
86 13 Car 0 0 5.538558 349.220000 114.118000 379.460000 194.975000 1.409600 3.599900 1.525200 43.072646 11.511636 -1.422482 -1.697200
86 14 Car 0 0 6.568214 349.220000 114.118000 379.460000 194.975000 1.475100 4.310300 1.640600 43.665342 -23.472382 -1.117815 1.282300
86 15 Car 0 0 0.000000 349.220000 114.118000 379.460000 194.975000 1.588000 4.282800 1.646200 -96.831795 -12.175457 -1.541529 2.794600
87 7 Car 0 0 0.342020 349.220000 114.118000 379.460000 194.975000 1.445100 4.219900 1.611100 12.328320 -3.745603 -1.609452 -0.049600
87 9 Car 0 0 7.327276 349.220000 114.118000 379.460000 194.975000 1.360900 3.864100 1.523900 41.176504 -0.377702 -1.326231 2.202700
87 12 Car 0 0 5.965909 349.220000 114.118000 379.460000 194.975000 1.599200 3.991900 1.667000 45.007320 -12.721357 -1.118946 1.453500
87 13 Car 0 0 5.537186 349.220000 114.118000 379.460000 194.975000 1.467600 3.674300 1.565500 42.329038 11.062897 -1.461971 -1.553500
87 14 Car 0 0 6.087811 349.220000 114.118000 379.460000 194.975000 1.456400 4.237300 1.619200 43.188368 -23.074737 -1.230157 1.309700
87 10 Car 0 0 3.678713 349.220000 114.118000 379.460000 194.975000 1.492200 3.375300 1.530700 40.720058 -33.239734 -0.835405 1.354900
87 16 Car 0 0 5.030261 349.220000 114.118000 379.460000 194.975000 1.527300 3.877300 1.612100 44.319205 34.649838 -1.992166 -3.029700
87 17 Car 0 0 12.704655 349.220000 114.118000 379.460000 194.975000 1.444700 3.839800 1.576000 44.830531 21.055386 -1.545352 -2.134600
88 7 Car 0 0 0.247938 349.220000 114.118000 379.460000 194.975000 1.476400 4.111200 1.618400 11.717539 -3.711070 -1.616803 -0.021000
88 9 Car 0 0 7.369212 349.220000 114.118000 379.460000 194.975000 1.423600 4.090000 1.605600 40.071154 0.292109 -1.356830 2.218600
88 12 Car 0 0 5.946644 349.220000 114.118000 379.460000 194.975000 1.562400 4.189200 1.679000 44.468101 -12.063795 -1.171212 1.514900
88 13 Car 0 0 5.736054 349.220000 114.118000 379.460000 194.975000 1.449900 3.852500 1.576000 41.903575 10.529690 -1.505334 -1.556300
88 14 Car 0 0 5.437662 349.220000 114.118000 379.460000 194.975000 1.456400 4.237300 1.619200 42.734063 -22.777352 -1.230157 1.309700
88 10 Car 0 0 3.542824 349.220000 114.118000 379.460000 194.975000 1.486600 3.597100 1.549800 40.051922 -33.114019 -0.887830 1.274600
88 16 Car 0 0 5.247255 349.220000 114.118000 379.460000 194.975000 1.527300 3.877300 1.612100 43.622160 35.259820 -1.992166 -3.029700
88 17 Car 0 0 12.521824 349.220000 114.118000 379.460000 194.975000 1.481700 3.860800 1.592900 43.777341 21.198222 -1.650383 -2.100400
89 7 Car 0 0 0.237937 349.220000 114.118000 379.460000 194.975000 1.380700 4.050300 1.567700 11.067031 -3.708350 -1.559040 -0.057100
89 9 Car 0 0 7.447173 349.220000 114.118000 379.460000 194.975000 1.340600 3.961800 1.531100 38.973634 1.004752 -1.299453 2.305000
89 12 Car 0 0 6.012966 349.220000 114.118000 379.460000 194.975000 1.540700 3.932600 1.621300 43.910069 -11.368911 -1.123293 1.529500
89 13 Car 0 0 5.735511 349.220000 114.118000 379.460000 194.975000 1.412900 3.840100 1.565200 41.285752 10.044208 -1.564529 -1.519500
89 14 Car 0 0 5.573765 349.220000 114.118000 379.460000 194.975000 1.498500 4.255600 1.657600 42.311997 -22.149103 -1.051902 1.244200
89 10 Car 0 0 3.756026 349.220000 114.118000 379.460000 194.975000 1.541800 3.445800 1.542400 39.595798 -32.746479 -0.809424 1.388100
89 16 Car 0 0 5.247255 349.220000 114.118000 379.460000 194.975000 1.527300 3.877300 1.612100 42.945414 35.340563 -1.992166 -3.029700
89 17 Car 0 0 12.521824 349.220000 114.118000 379.460000 194.975000 1.481700 3.860800 1.592900 43.126187 21.279271 -1.650383 -2.100400
89 18 Car 0 0 0.000000 349.220000 114.118000 379.460000 194.975000 1.529300 4.234800 1.643000 -98.538467 -12.669224 -1.833232 3.041500
90 7 Car 0 0 0.181098 349.220000 114.118000 379.460000 194.975000 1.390900 4.033100 1.570100 10.533965 -3.673797 -1.609828 -0.033100
90 9 Car 0 0 7.509944 349.220000 114.118000 379.460000 194.975000 1.396100 4.108000 1.578400 37.872260 1.678524 -1.319585 2.306600
90 12 Car 0 0 5.952232 349.220000 114.118000 379.460000 194.975000 1.570300 4.084600 1.674700 43.331035 -10.722697 -1.121535 1.583200
90 13 Car 0 0 5.792034 349.220000 114.118000 379.460000 194.975000 1.334000 3.467300 1.457300 40.776439 9.541114 -1.493761 -1.392500
90 14 Car 0 0 5.573765 349.220000 114.118000 379.460000 194.975000 1.498500 4.255600 1.657600 41.813989 -22.065335 -1.051902 1.244200
90 10 Car 0 0 3.756026 349.220000 114.118000 379.460000 194.975000 1.541800 3.445800 1.542400 39.118471 -32.667991 -0.809424 1.388100
91 7 Car 0 0 0.234095 349.220000 114.118000 379.460000 194.975000 1.466300 4.126600 1.623500 10.028519 -3.667455 -1.625085 -0.030700
91 9 Car 0 0 7.593931 349.220000 114.118000 379.460000 194.975000 1.413900 4.029100 1.607800 36.775724 2.354924 -1.357269 2.373300
91 12 Car 0 0 5.966072 349.220000 114.118000 379.460000 194.975000 1.560500 4.141700 1.655600 42.751549 -10.059651 -1.161526 1.613900
91 13 Car 0 0 5.911963 349.220000 114.118000 379.460000 194.975000 1.378800 3.425900 1.481600 40.370535 9.025434 -1.508535 -1.380900
91 14 Car 0 0 6.343203 349.220000 114.118000 379.460000 194.975000 1.521700 3.998700 1.602000 41.936225 -20.538134 -0.995421 1.495900
91 19 Car 0 0 4.932201 349.220000 114.118000 379.460000 194.975000 1.452100 3.858100 1.579100 41.487696 19.868411 -1.499992 -1.982500
91 20 Car 0 0 0.000000 349.220000 114.118000 379.460000 194.975000 1.510700 3.842700 1.567800 -99.555203 -13.026471 -1.835112 -2.140800
92 7 Car 0 0 0.290440 349.220000 114.118000 379.460000 194.975000 1.505600 4.008200 1.659400 9.505899 -3.657619 -1.668568 -0.037000
92 9 Car 0 0 7.633683 349.220000 114.118000 379.460000 194.975000 1.420100 4.062600 1.595800 35.618038 2.992960 -1.320058 2.394100
92 12 Car 0 0 6.062323 349.220000 114.118000 379.460000 194.975000 1.548800 4.232900 1.683800 42.182573 -9.354917 -1.134419 1.633700
92 14 Car 0 0 6.137775 349.220000 114.118000 379.460000 194.975000 1.521700 3.998700 1.602000 41.505562 -19.939387 -0.995421 1.495900
92 19 Car 0 0 4.985669 349.220000 114.118000 379.460000 194.975000 1.486700 3.930800 1.602100 40.860386 19.592046 -1.481269 -2.154200
92 13 Car 0 0 5.911963 349.220000 114.118000 379.460000 194.975000 1.378800 3.425900 1.481600 39.798739 9.103781 -1.508535 -1.380900
93 7 Car 0 0 0.283140 349.220000 114.118000 379.460000 194.975000 1.481000 4.065400 1.628100 9.005173 -3.652024 -1.530996 -0.055300
93 9 Car 0 0 7.706826 349.220000 114.118000 379.460000 194.975000 1.414500 4.093000 1.595700 34.427202 3.588827 -0.787907 2.452300
93 12 Car 0 0 6.188534 349.220000 114.118000 379.460000 194.975000 1.490900 4.021600 1.617600 41.600443 -8.646525 -0.454620 1.701700
93 14 Car 0 0 5.998590 349.220000 114.118000 379.460000 194.975000 1.521700 3.998700 1.602000 41.193856 -19.358168 -0.995421 1.495900
93 19 Car 0 0 4.740079 349.220000 114.118000 379.460000 194.975000 1.580100 3.846700 1.560900 40.152029 19.356540 -0.802774 -2.094300
93 13 Car 0 0 6.450271 349.220000 114.118000 379.460000 194.975000 1.378800 3.425900 1.481600 40.069111 7.926777 -1.508535 -1.380900
94 7 Car 0 0 0.244273 349.220000 114.118000 379.460000 194.975000 1.393900 4.198600 1.598900 8.543175 -3.630933 -1.636189 -0.045600
94 9 Car 0 0 7.723537 349.220000 114.118000 379.460000 194.975000 1.343400 4.024900 1.544500 33.250934 4.119295 -1.368903 2.492500
94 12 Car 0 0 6.359987 349.220000 114.118000 379.460000 194.975000 1.574300 4.086800 1.638900 40.989109 -7.910259 -1.187808 1.729900
94 14 Car 0 0 6.039829 349.220000 114.118000 379.460000 194.975000 1.495400 3.979300 1.616100 40.892234 -18.684734 -1.145807 1.267400
94 19 Car 0 0 5.096885 349.220000 114.118000 379.460000 194.975000 1.580100 3.846700 1.560900 39.355636 18.924906 -0.802774 -2.094300
94 13 Car 0 0 6.450271 349.220000 114.118000 379.460000 194.975000 1.378800 3.425900 1.481600 39.579873 7.995737 -1.508535 -1.380900
94 21 Car 0 0 4.494427 349.220000 114.118000 379.460000 194.975000 1.490600 3.959100 1.610500 67.053001 1.910179 -1.304423 2.757300
95 7 Car 0 0 0.286312 349.220000 114.118000 379.460000 194.975000 1.419600 4.330100 1.621100 8.154119 -3.610180 -1.687995 -0.053000
95 9 Car 0 0 7.789449 349.220000 114.118000 379.460000 194.975000 1.395500 3.993700 1.574400 32.029814 4.691011 -1.445185 2.542600
95 12 Car 0 0 6.453754 349.220000 114.118000 379.460000 194.975000 1.630500 4.098600 1.651400 40.340827 -7.202741 -1.245986 1.759400
95 14 Car 0 0 5.954451 349.220000 114.118000 379.460000 194.975000 1.473700 4.307800 1.631500 40.350565 -18.062970 -1.235838 1.361100
95 19 Car 0 0 4.721648 349.220000 114.118000 379.460000 194.975000 1.446400 3.752500 1.547500 38.647499 18.691165 -1.593245 -2.079600
95 21 Car 0 0 4.494427 349.220000 114.118000 379.460000 194.975000 1.490600 3.959100 1.610500 66.547016 2.009908 -1.304423 2.757300
96 7 Car 0 0 0.252855 349.220000 114.118000 379.460000 194.975000 1.386300 4.059900 1.585100 7.646778 -3.627183 -1.647340 -0.051800
96 9 Car 0 0 7.792367 349.220000 114.118000 379.460000 194.975000 1.487900 4.070400 1.628300 30.951295 5.210730 -1.489725 2.515500
96 12 Car 0 0 6.552477 349.220000 114.118000 379.460000 194.975000 1.656800 4.128500 1.630600 39.735127 -6.493308 -1.299760 1.796400
96 14 Car 0 0 5.769618 349.220000 114.118000 379.460000 194.975000 1.511900 4.570800 1.684800 39.991079 -17.543606 -1.331502 1.323400
96 19 Car 0 0 4.457484 349.220000 114.118000 379.460000 194.975000 1.532900 4.095400 1.622200 38.092447 18.447107 -1.508052 -2.079200
96 22 Car 0 0 0.000000 349.220000 114.118000 379.460000 194.975000 1.475100 3.587500 1.567200 -101.906987 -13.854864 -1.394308 3.022200
97 7 Car 0 0 0.172040 349.220000 114.118000 379.460000 194.975000 1.403500 4.054900 1.592600 7.183909 -3.612708 -1.664717 -0.049700
97 9 Car 0 0 7.869730 349.220000 114.118000 379.460000 194.975000 1.437000 4.111300 1.600000 29.728559 5.726733 -1.429997 2.587600
97 12 Car 0 0 6.682587 349.220000 114.118000 379.460000 194.975000 1.687700 4.027300 1.648900 39.095508 -5.776550 -1.303951 1.802000
97 14 Car 0 0 5.876230 349.220000 114.118000 379.460000 194.975000 1.502700 4.158600 1.622300 39.705537 -16.866350 -1.429323 1.334700
97 19 Car 0 0 4.586604 349.220000 114.118000 379.460000 194.975000 1.444700 3.719700 1.554600 37.353426 18.053714 -1.565398 -2.002000
97 13 Car 0 0 9.842053 349.220000 114.118000 379.460000 194.975000 1.378800 3.425900 1.481600 40.232713 4.865095 -1.508535 -1.380900
98 7 Car 0 0 0.103336 349.220000 114.118000 379.460000 194.975000 1.405500 4.141400 1.571600 6.787073 -3.564247 -1.565943 -0.067300
98 9 Car 0 0 7.966852 349.220000 114.118000 379.460000 194.975000 1.352200 4.128400 1.568800 28.463120 6.300502 -1.064825 2.616300
98 12 Car 0 0 6.861991 349.220000 114.118000 379.460000 194.975000 1.670700 4.171100 1.680000 38.427554 -5.019766 -0.693374 1.885800
98 14 Car 0 0 5.715855 349.220000 114.118000 379.460000 194.975000 1.471500 4.337200 1.627200 39.363565 -16.348791 -0.688866 1.346500
98 19 Car 0 0 4.461039 349.220000 114.118000 379.460000 194.975000 1.445700 3.807500 1.557000 36.682981 17.798180 -1.024688 -1.978400
98 13 Car 0 0 9.842053 349.220000 114.118000 379.460000 194.975000 1.378800 3.425900 1.481600 39.770583 4.914955 -1.508535 -1.380900
99 7 Car 0 0 0.081592 349.220000 114.118000 379.460000 194.975000 1.449800 3.930500 1.569900 6.318858 -3.572974 -1.686394 -0.053300
99 9 Car 0 0 8.071272 349.220000 114.118000 379.460000 194.975000 1.433400 3.699200 1.532500 27.120675 6.754903 -1.452932 2.698700
99 12 Car 0 0 6.872386 349.220000 114.118000 379.460000 194.975000 1.679800 4.155200 1.682200 37.739321 -4.350537 -1.342230 1.924900
99 14 Car 0 0 5.641662 349.220000 114.118000 379.460000 194.975000 1.586700 4.421200 1.673900 39.062278 -15.799438 -1.331657 1.374400
99 19 Car 0 0 4.397950 349.220000 114.118000 379.460000 194.975000 1.544900 3.800200 1.576200 36.194521 17.429135 -1.579805 -1.950000
100 7 Car 0 0 0.127912 349.220000 114.118000 379.460000 194.975000 1.457000 4.215700 1.582300 6.012797 -3.551939 -1.701595 -0.051900
100 9 Car 0 0 8.125545 349.220000 114.118000 379.460000 194.975000 1.419600 3.972500 1.573500 25.783175 7.116689 -1.478467 2.734600
100 12 Car 0 0 6.890829 349.220000 114.118000 379.460000 194.975000 1.776900 4.039200 1.630600 37.047793 -3.682844 -1.414330 1.959400
100 14 Car 0 0 5.585113 349.220000 114.118000 379.460000 194.975000 1.457300 4.550700 1.668200 38.749335 -15.257589 -1.275075 1.380100
100 19 Car 0 0 4.397154 349.220000 114.118000 379.460000 194.975000 1.531900 3.923800 1.607600 35.658911 17.034823 -1.546882 -1.979900
100 23 Car 0 0 9.694118 349.220000 114.118000 379.460000 194.975000 1.509600 3.690800 1.584700 38.838274 4.035703 -1.419538 2.164200
101 7 Car 0 0 0.114493 349.220000 114.118000 379.460000 194.975000 1.461300 4.268100 1.606300 5.605368 -3.557582 -1.659890 -0.054700
101 9 Car 0 0 8.229318 349.220000 114.118000 379.460000 194.975000 1.390900 3.511400 1.492300 24.473269 7.551055 -1.481745 2.773600
101 12 Car 0 0 6.849614 349.220000 114.118000 379.460000 194.975000 1.688400 4.002500 1.608100 36.388215 -3.067687 -1.368454 1.983200
101 14 Car 0 0 5.488638 349.220000 114.118000 379.460000 194.975000 1.471700 4.458600 1.650400 38.447221 -14.768687 -1.301967 1.383800
101 19 Car 0 0 4.494704 349.220000 114.118000 379.460000 194.975000 1.422500 3.714000 1.533500 35.128053 16.583143 -1.521159 -1.952500
101 23 Car 0 0 9.719352 349.220000 114.118000 379.460000 194.975000 1.509600 3.690800 1.584700 38.797858 3.405628 -1.419538 2.164200
102 7 Car 0 0 0.189433 349.220000 114.118000 379.460000 194.975000 1.461600 3.853300 1.555600 5.346532 -3.555203 -1.648892 -0.067000
102 9 Car 0 0 8.300065 349.220000 114.118000 379.460000 194.975000 1.422700 3.956000 1.573100 23.125635 7.829830 -1.502309 2.797500
102 12 Car 0 0 6.878122 349.220000 114.118000 379.460000 194.975000 1.640600 3.997300 1.604000 35.678065 -2.462405 -1.314539 2.050700
102 14 Car 0 0 5.484286 349.220000 114.118000 379.460000 194.975000 1.515600 4.434600 1.675500 38.137760 -14.229692 -1.303793 1.419400
102 19 Car 0 0 4.402287 349.220000 114.118000 379.460000 194.975000 1.471900 3.826500 1.547300 34.688758 16.214432 -1.495386 -1.909500
102 23 Car 0 0 9.489400 349.220000 114.118000 379.460000 194.975000 1.447600 3.656100 1.540600 38.919085 2.783545 -1.309561 2.205500
103 7 Car 0 0 0.273255 349.220000 114.118000 379.460000 194.975000 1.483700 4.038700 1.579000 5.043031 -3.573360 -1.662267 -0.057300
103 9 Car 0 0 8.371057 349.220000 114.118000 379.460000 194.975000 1.416600 3.945000 1.595900 21.758466 8.077310 -1.475955 2.841800
103 12 Car 0 0 6.972841 349.220000 114.118000 379.460000 194.975000 1.625000 3.969500 1.571200 34.965534 -1.825827 -1.319182 2.087700
103 14 Car 0 0 5.511806 349.220000 114.118000 379.460000 194.975000 1.404600 4.376400 1.615500 37.789599 -13.669915 -1.243505 1.433900
103 19 Car 0 0 4.284632 349.220000 114.118000 379.460000 194.975000 1.510100 4.146700 1.620300 34.344980 15.859669 -1.446479 -1.896400
103 23 Car 0 0 8.855820 349.220000 114.118000 379.460000 194.975000 1.375600 3.519300 1.488800 38.955562 2.173951 -1.266454 2.212500
104 7 Car 0 0 0.217023 349.220000 114.118000 379.460000 194.975000 1.435800 4.037200 1.563600 4.619886 -3.591766 -1.578210 -0.053000
104 9 Car 0 0 8.455705 349.220000 114.118000 379.460000 194.975000 1.364200 4.031400 1.576800 20.439792 8.385436 -1.228377 2.897000
104 12 Car 0 0 7.119037 349.220000 114.118000 379.460000 194.975000 1.621300 3.948600 1.570200 34.219479 -1.186591 -0.792592 2.128100
104 14 Car 0 0 5.614849 349.220000 114.118000 379.460000 194.975000 1.499400 4.404200 1.668900 37.522310 -13.070137 -0.660102 1.485700
104 19 Car 0 0 4.216948 349.220000 114.118000 379.460000 194.975000 1.510100 4.146700 1.620300 33.914104 15.486997 -1.446479 -1.896400
104 23 Car 0 0 8.083411 349.220000 114.118000 379.460000 194.975000 1.456600 3.662800 1.544200 39.005900 1.704188 -0.692268 2.257200
105 7 Car 0 0 0.262721 349.220000 114.118000 379.460000 194.975000 1.434500 3.603700 1.493400 4.490721 -3.558575 -1.656319 -0.046100
105 9 Car 0 0 8.541679 349.220000 114.118000 379.460000 194.975000 1.425300 3.916900 1.573500 19.085293 8.607110 -1.496383 2.931300
105 12 Car 0 0 7.110042 349.220000 114.118000 379.460000 194.975000 1.548600 4.011400 1.619000 33.469232 -0.609608 -1.368767 2.187900
105 14 Car 0 0 5.715386 349.220000 114.118000 379.460000 194.975000 1.418200 4.264800 1.615700 37.215737 -12.455599 -1.270346 1.497800
105 23 Car 0 0 7.560328 349.220000 114.118000 379.460000 194.975000 1.456600 3.662800 1.544200 39.311958 1.426802 -0.692268 2.257200
105 19 Car 0 0 4.216948 349.220000 114.118000 379.460000 194.975000 1.510100 4.146700 1.620300 33.610745 15.490281 -1.446479 -1.896400
105 24 Car 0 0 4.674270 349.220000 114.118000 379.460000 194.975000 1.596900 3.856900 1.561000 34.787935 -24.797321 -1.208541 1.342300
106 7 Car 0 0 0.287377 349.220000 114.118000 379.460000 194.975000 1.440300 4.172700 1.620900 4.134900 -3.597567 -1.706011 -0.004400
106 9 Car 0 0 8.623058 349.220000 114.118000 379.460000 194.975000 1.439200 3.935600 1.588800 17.708959 8.766650 -1.512673 2.961500
106 12 Car 0 0 7.069525 349.220000 114.118000 379.460000 194.975000 1.635400 4.078800 1.637600 32.726909 -0.052015 -1.447114 2.203300
106 14 Car 0 0 5.567882 349.220000 114.118000 379.460000 194.975000 1.459900 4.351400 1.645200 36.876235 -11.975870 -1.269952 1.563800
106 23 Car 0 0 7.560328 349.220000 114.118000 379.460000 194.975000 1.456600 3.662800 1.544200 38.990910 1.426917 -0.692268 2.257200
106 24 Car 0 0 4.674270 349.220000 114.118000 379.460000 194.975000 1.596900 3.856900 1.561000 34.461853 -24.796336 -1.208541 1.342300
106 19 Car 0 0 4.368296 349.220000 114.118000 379.460000 194.975000 1.449000 3.910100 1.556500 33.296071 14.568341 -1.455941 -1.712300
107 7 Car 0 0 0.240020 349.220000 114.118000 379.460000 194.975000 1.337100 4.003600 1.562000 3.852155 -3.575520 -1.702052 -0.063800
107 9 Car 0 0 8.709985 349.220000 114.118000 379.460000 194.975000 1.375100 4.054000 1.595200 16.358157 8.888048 -1.538637 2.994300
107 12 Car 0 0 7.148918 349.220000 114.118000 379.460000 194.975000 1.619200 4.062200 1.636500 31.976201 0.555199 -1.423544 2.244500
107 14 Car 0 0 5.503624 349.220000 114.118000 379.460000 194.975000 1.390800 4.429700 1.633300 36.568206 -11.465256 -1.248084 1.569700
107 19 Car 0 0 4.238053 349.220000 114.118000 379.460000 194.975000 1.534200 3.981000 1.601800 32.988851 14.189241 -1.506670 -1.679200
108 7 Car 0 0 0.131958 349.220000 114.118000 379.460000 194.975000 1.395800 3.933300 1.570200 3.493300 -3.538298 -1.663618 -0.096300
108 9 Car 0 0 8.800352 349.220000 114.118000 379.460000 194.975000 1.369700 3.908600 1.546100 15.001788 8.995470 -1.548555 3.016500
108 12 Car 0 0 7.239246 349.220000 114.118000 379.460000 194.975000 1.574200 4.051200 1.602300 31.162588 1.150749 -1.383114 2.292400
108 14 Car 0 0 5.381555 349.220000 114.118000 379.460000 194.975000 1.441700 4.549900 1.655100 36.251000 -10.990687 -1.225285 1.601100
108 19 Car 0 0 4.173250 349.220000 114.118000 379.460000 194.975000 1.484500 3.736100 1.572100 32.731061 13.818631 -1.464097 -1.615600
109 7 Car 0 0 0.015242 349.220000 114.118000 379.460000 194.975000 1.390500 3.794000 1.550500 3.199733 -3.470124 -1.668913 -0.147100
109 9 Car 0 0 8.888015 349.220000 114.118000 379.460000 194.975000 1.432200 3.970000 1.590200 13.629919 9.063596 -1.571809 3.054500
109 12 Car 0 0 7.329033 349.220000 114.118000 379.460000 194.975000 1.546900 4.058600 1.610000 30.320289 1.745126 -1.385340 2.322400
109 14 Car 0 0 5.476863 349.220000 114.118000 379.460000 194.975000 1.406100 4.490000 1.641400 35.916256 -10.407143 -1.224330 1.678700
109 19 Car 0 0 4.205462 349.220000 114.118000 379.460000 194.975000 1.554400 3.870600 1.641100 32.528955 13.413448 -1.560171 -1.585800
109 23 Car 0 0 7.460484 349.220000 114.118000 379.460000 194.975000 1.504900 3.757000 1.592000 39.956353 -0.713540 -1.423550 2.438400
110 7 Car 0 0 -0.125799 349.220000 114.118000 379.460000 194.975000 1.466900 3.749500 1.605700 2.972043 -3.374619 -1.717851 -0.188100
110 9 Car 0 0 8.970492 349.220000 114.118000 379.460000 194.975000 1.484700 3.881500 1.581000 12.300361 9.151983 -1.621076 3.061200
110 12 Car 0 0 7.311533 349.220000 114.118000 379.460000 194.975000 1.623600 4.041700 1.593200 29.540457 2.265476 -1.426067 2.362900
110 14 Car 0 0 5.574212 349.220000 114.118000 379.460000 194.975000 1.474000 4.257800 1.641400 35.626875 -9.814584 -1.330870 1.694900
110 19 Car 0 0 4.237423 349.220000 114.118000 379.460000 194.975000 1.503000 3.895500 1.615300 32.372638 13.000571 -1.437368 -1.492700
110 23 Car 0 0 7.456684 349.220000 114.118000 379.460000 194.975000 1.398500 3.458100 1.502000 40.192941 -1.280289 -1.320729 2.405700
111 7 Car 0 0 0.030864 349.220000 114.118000 379.460000 194.975000 1.424100 3.680500 1.575200 2.801382 -3.476900 -1.678036 -0.043300
111 9 Car 0 0 9.049147 349.220000 114.118000 379.460000 194.975000 1.453600 3.591700 1.527100 10.970424 9.186515 -1.592522 3.114900
111 12 Car 0 0 7.324092 349.220000 114.118000 379.460000 194.975000 1.622900 3.970600 1.599400 28.668159 2.751217 -1.409087 2.400800
111 14 Car 0 0 5.769455 349.220000 114.118000 379.460000 194.975000 1.481400 4.557900 1.668700 35.203338 -9.153197 -1.327983 1.709900
111 19 Car 0 0 4.252327 349.220000 114.118000 379.460000 194.975000 1.522800 3.925900 1.641500 32.257147 12.604578 -1.456963 -1.442000
111 23 Car 0 0 7.476249 349.220000 114.118000 379.460000 194.975000 1.343600 3.300900 1.450900 40.518946 -1.776467 -1.332926 2.434700
112 7 Car 0 0 0.221021 349.220000 114.118000 379.460000 194.975000 1.445900 3.847700 1.597600 2.670927 -3.625286 -1.688677 -0.095500
112 9 Car 0 0 9.137678 349.220000 114.118000 379.460000 194.975000 1.464100 3.652000 1.547100 9.645169 9.223680 -1.645299 3.131600
112 12 Car 0 0 7.344029 349.220000 114.118000 379.460000 194.975000 1.606600 3.951100 1.576600 27.817855 3.216155 -1.400698 2.447300
112 14 Car 0 0 5.966792 349.220000 114.118000 379.460000 194.975000 1.477200 4.384100 1.637800 34.791628 -8.478302 -1.263144 1.738800
112 19 Car 0 0 4.335282 349.220000 114.118000 379.460000 194.975000 1.587700 3.932100 1.622900 32.180528 12.182979 -1.459832 -1.356600
112 23 Car 0 0 7.427762 349.220000 114.118000 379.460000 194.975000 1.383300 3.474700 1.480400 40.889008 -2.208800 -1.321772 2.588000
113 12 Car 0 0 7.342343 349.220000 114.118000 379.460000 194.975000 1.663200 3.977600 1.639300 27.002446 3.628610 -1.102576 2.489700
113 14 Car 0 0 5.921395 349.220000 114.118000 379.460000 194.975000 1.479700 4.523900 1.682500 34.377524 -7.955063 -0.838123 1.791000
113 19 Car 0 0 4.436788 349.220000 114.118000 379.460000 194.975000 1.628200 3.583800 1.627800 32.090312 11.741379 -1.143625 -1.281300
113 23 Car 0 0 7.553865 349.220000 114.118000 379.460000 194.975000 1.389500 3.448600 1.493100 41.325286 -2.765826 -0.763276 2.539400
113 7 Car 0 0 0.221021 349.220000 114.118000 379.460000 194.975000 1.445900 3.847700 1.597600 2.470311 -3.631995 -1.688677 -0.095500
113 9 Car 0 0 9.137678 349.220000 114.118000 379.460000 194.975000 1.464100 3.652000 1.547100 9.441983 9.218365 -1.645299 3.131600
113 25 Car 0 0 7.125594 349.220000 114.118000 379.460000 194.975000 1.641000 3.623400 1.595300 33.856739 -20.370560 -0.760142 1.275100
114 12 Car 0 0 7.379976 349.220000 114.118000 379.460000 194.975000 1.654000 3.997200 1.610900 26.112337 4.082480 -1.416261 2.530700
114 14 Car 0 0 6.055579 349.220000 114.118000 379.460000 194.975000 1.533700 4.492400 1.713900 34.012925 -7.321134 -1.312117 1.868800
114 19 Car 0 0 4.358882 349.220000 114.118000 379.460000 194.975000 1.553000 3.366300 1.604700 32.144976 11.384106 -1.449144 -1.185200
114 23 Car 0 0 7.616540 349.220000 114.118000 379.460000 194.975000 1.530900 3.670900 1.593900 41.872299 -3.152141 -1.376541 2.541200
114 25 Car 0 0 7.271304 349.220000 114.118000 379.460000 194.975000 1.739000 3.864400 1.640700 33.859348 -19.721778 -1.197854 1.282400
115 12 Car 0 0 7.418875 349.220000 114.118000 379.460000 194.975000 1.661300 4.011500 1.604200 25.228685 4.507344 -1.402281 2.575700
115 14 Car 0 0 6.250715 349.220000 114.118000 379.460000 194.975000 1.371000 4.377400 1.625000 33.641906 -6.641309 -1.319814 1.869500
115 19 Car 0 0 4.496338 349.220000 114.118000 379.460000 194.975000 1.550900 3.692200 1.620200 32.211613 10.938628 -1.488329 -1.102400
115 23 Car 0 0 7.738960 349.220000 114.118000 379.460000 194.975000 1.530900 3.670900 1.593900 42.412744 -3.695490 -1.376541 2.541200
115 25 Car 0 0 7.274021 349.220000 114.118000 379.460000 194.975000 1.755300 3.992300 1.617700 33.833668 -19.136815 -1.173176 1.277200
116 12 Car 0 0 7.471465 349.220000 114.118000 379.460000 194.975000 1.646900 3.982200 1.613400 24.334772 4.966867 -1.423572 2.589000
116 14 Car 0 0 6.429646 349.220000 114.118000 379.460000 194.975000 1.626300 4.627600 1.731400 33.234709 -5.950536 -1.364317 1.898000
116 19 Car 0 0 4.559949 349.220000 114.118000 379.460000 194.975000 1.542900 3.569700 1.605400 32.421111 10.551076 -1.466828 -1.069200
116 23 Car 0 0 7.755598 349.220000 114.118000 379.460000 194.975000 1.530900 3.670900 1.593900 43.038866 -3.983808 -1.376541 2.541200
116 25 Car 0 0 7.275074 349.220000 114.118000 379.460000 194.975000 1.787300 4.013500 1.613800 33.830720 -18.465874 -1.278411 1.278800
117 12 Car 0 0 7.521038 349.220000 114.118000 379.460000 194.975000 1.688500 4.043800 1.648400 23.394994 5.363184 -1.459546 2.651400
117 14 Car 0 0 6.581776 349.220000 114.118000 379.460000 194.975000 1.584900 4.374000 1.668600 32.799618 -5.272304 -1.378195 1.976400
117 19 Car 0 0 4.455328 349.220000 114.118000 379.460000 194.975000 1.541300 3.562900 1.615100 32.551482 10.230012 -1.444658 -0.963800
117 23 Car 0 0 7.834219 349.220000 114.118000 379.460000 194.975000 1.530900 3.670900 1.593900 43.611716 -4.454971 -1.376541 2.541200
117 25 Car 0 0 7.113439 349.220000 114.118000 379.460000 194.975000 1.671400 3.946500 1.615500 33.791585 -17.834930 -1.211309 1.323800
117 26 Car 0 0 0.000000 349.220000 114.118000 379.460000 194.975000 1.517900 3.811500 1.568600 -107.959369 -14.571600 -1.210412 0.011700
118 12 Car 0 0 7.560970 349.220000 114.118000 379.460000 194.975000 1.667000 3.975700 1.631800 22.486223 5.740953 -1.484040 2.685200
118 14 Car 0 0 6.719934 349.220000 114.118000 379.460000 194.975000 1.497900 4.465200 1.694900 32.362714 -4.591940 -1.357279 1.973900
118 19 Car 0 0 4.352549 349.220000 114.118000 379.460000 194.975000 1.523900 3.658400 1.627800 32.752115 9.958411 -1.494058 -0.854400
118 23 Car 0 0 7.814826 349.220000 114.118000 379.460000 194.975000 1.530900 3.670900 1.593900 44.189682 -4.730854 -1.376541 2.541200
118 25 Car 0 0 6.960752 349.220000 114.118000 379.460000 194.975000 1.850100 3.961100 1.628500 33.763097 -17.208879 -1.292673 1.349000
119 12 Car 0 0 7.627245 349.220000 114.118000 379.460000 194.975000 1.657000 3.988400 1.631100 21.566390 6.162731 -1.218695 2.690300
119 14 Car 0 0 6.849232 349.220000 114.118000 379.460000 194.975000 1.486400 4.553800 1.694300 31.889591 -3.925663 -0.854106 2.025100
119 23 Car 0 0 7.760599 349.220000 114.118000 379.460000 194.975000 1.530900 3.670900 1.593900 44.714257 -4.945738 -1.376541 2.541200
119 25 Car 0 0 6.893612 349.220000 114.118000 379.460000 194.975000 1.790900 4.019400 1.592300 33.697500 -16.564164 -0.669538 1.349900
119 19 Car 0 0 4.352549 349.220000 114.118000 379.460000 194.975000 1.523900 3.658400 1.627800 32.614893 9.954160 -1.494058 -0.854400
120 12 Car 0 0 7.659015 349.220000 114.118000 379.460000 194.975000 1.630400 4.039800 1.618200 20.622720 6.467290 -1.516957 2.742600
120 14 Car 0 0 6.888455 349.220000 114.118000 379.460000 194.975000 1.432700 4.532100 1.684900 31.425288 -3.301938 -1.362970 2.021700
120 25 Car 0 0 6.709293 349.220000 114.118000 379.460000 194.975000 1.770100 4.044100 1.602900 33.651133 -15.977714 -1.209495 1.362600
120 23 Car 0 0 7.760599 349.220000 114.118000 379.460000 194.975000 1.530900 3.670900 1.593900 44.575976 -4.948295 -1.376541 2.541200
121 12 Car 0 0 7.707115 349.220000 114.118000 379.460000 194.975000 1.650600 4.077200 1.670400 19.638069 6.707766 -1.541185 2.774600
121 14 Car 0 0 6.841670 349.220000 114.118000 379.460000 194.975000 1.502200 4.512900 1.694500 30.956853 -2.732595 -1.366050 2.062300
121 25 Car 0 0 6.613193 349.220000 114.118000 379.460000 194.975000 1.808400 4.040200 1.626200 33.611028 -15.377859 -1.234279 1.391500
121 19 Car 0 0 4.246203 349.220000 114.118000 379.460000 194.975000 1.523900 3.658400 1.627800 33.286553 9.322171 -1.494058 -0.854400
122 12 Car 0 0 7.784111 349.220000 114.118000 379.460000 194.975000 1.628300 3.861200 1.621600 18.613825 6.983410 -1.551648 2.819800
122 14 Car 0 0 6.882112 349.220000 114.118000 379.460000 194.975000 1.545100 4.463800 1.714700 30.477843 -2.143664 -1.425578 2.073500
122 25 Car 0 0 6.507629 349.220000 114.118000 379.460000 194.975000 1.762600 4.068900 1.614100 33.568673 -14.800527 -1.222232 1.411900
122 19 Car 0 0 4.225565 349.220000 114.118000 379.460000 194.975000 1.486200 3.729500 1.580900 33.632853 9.146439 -1.418532 -0.642900
123 12 Car 0 0 7.855564 349.220000 114.118000 379.460000 194.975000 1.580500 3.731500 1.557900 17.564584 7.230794 -1.509037 2.842800
123 14 Car 0 0 6.983027 349.220000 114.118000 379.460000 194.975000 1.535700 4.420600 1.694500 29.993696 -1.522380 -1.409539 2.136400
123 25 Car 0 0 6.480248 349.220000 114.118000 379.460000 194.975000 1.803600 4.037000 1.580000 33.512229 -14.186097 -1.257145 1.423000
123 19 Car 0 0 4.176902 349.220000 114.118000 379.460000 194.975000 1.494600 3.422200 1.573100 33.876806 8.914106 -1.467214 -0.541000
124 12 Car 0 0 7.897526 349.220000 114.118000 379.460000 194.975000 1.607600 3.901900 1.615800 16.595524 7.427489 -1.565292 2.877200
124 14 Car 0 0 7.100936 349.220000 114.118000 379.460000 194.975000 1.433600 4.602100 1.700100 29.487704 -0.885324 -1.413279 2.144600
124 25 Car 0 0 6.518564 349.220000 114.118000 379.460000 194.975000 1.758000 3.758700 1.603100 33.461028 -13.528240 -1.222555 1.474700
124 19 Car 0 0 4.193026 349.220000 114.118000 379.460000 194.975000 1.500000 3.411600 1.566200 34.216476 8.723850 -1.475126 -0.474900
124 23 Car 0 0 8.067182 349.220000 114.118000 379.460000 194.975000 1.530900 3.670900 1.593900 48.386900 -6.583222 -1.376541 2.541200
125 12 Car 0 0 7.972120 349.220000 114.118000 379.460000 194.975000 1.608300 3.846000 1.585100 15.548242 7.660123 -1.352469 2.904700
125 14 Car 0 0 7.230267 349.220000 114.118000 379.460000 194.975000 1.417700 4.533000 1.660300 28.899652 -0.266119 -0.974080 2.184700
125 25 Car 0 0 6.634267 349.220000 114.118000 379.460000 194.975000 1.757600 3.801600 1.616000 33.392886 -12.836580 -0.707123 1.511400
125 19 Car 0 0 4.206256 349.220000 114.118000 379.460000 194.975000 1.513800 3.568000 1.570500 34.572760 8.630619 -0.975460 -0.375400
125 23 Car 0 0 8.074276 349.220000 114.118000 379.460000 194.975000 1.530900 3.670900 1.593900 49.065308 -6.866992 -1.376541 2.541200
126 12 Car 0 0 8.033315 349.220000 114.118000 379.460000 194.975000 1.573900 3.957500 1.576900 14.521495 7.802426 -1.566671 2.944000
126 14 Car 0 0 7.208641 349.220000 114.118000 379.460000 194.975000 1.473000 4.523000 1.701200 28.362133 0.297292 -1.446525 2.204400
126 25 Car 0 0 6.693858 349.220000 114.118000 379.460000 194.975000 1.686700 3.770000 1.618700 33.224516 -12.156299 -1.303023 1.531800
126 19 Car 0 0 4.209206 349.220000 114.118000 379.460000 194.975000 1.496600 3.444800 1.554500 34.890087 8.505827 -1.473686 -0.299600
126 23 Car 0 0 8.174313 349.220000 114.118000 379.460000 194.975000 1.478900 3.859000 1.595600 49.984764 -7.079389 -1.167642 2.783500
127 12 Car 0 0 8.103402 349.220000 114.118000 379.460000 194.975000 1.637400 3.946900 1.615300 13.464679 7.925363 -1.382350 2.963900
127 14 Car 0 0 7.240096 349.220000 114.118000 379.460000 194.975000 1.424700 4.444000 1.645300 27.752808 0.858645 -0.970445 2.240300
127 25 Car 0 0 6.732728 349.220000 114.118000 379.460000 194.975000 1.823900 3.888500 1.615500 33.107571 -11.478200 -0.738039 1.593000
127 19 Car 0 0 4.235695 349.220000 114.118000 379.460000 194.975000 1.412400 3.405900 1.513300 35.267284 8.469665 -0.784297 -0.216400
127 23 Car 0 0 8.277114 349.220000 114.118000 379.460000 194.975000 1.478500 3.828000 1.579400 50.952061 -7.246195 -0.369437 2.994900
128 12 Car 0 0 8.178042 349.220000 114.118000 379.460000 194.975000 1.557300 3.911800 1.613900 12.381242 8.036654 -1.579987 3.005100
128 14 Car 0 0 7.199455 349.220000 114.118000 379.460000 194.975000 1.447800 4.630100 1.701500 27.225261 1.402221 -1.422749 2.276000
128 25 Car 0 0 6.727091 349.220000 114.118000 379.460000 194.975000 1.723100 3.752100 1.587600 32.961949 -10.823731 -1.315951 1.584300
128 19 Car 0 0 4.267775 349.220000 114.118000 379.460000 194.975000 1.471000 3.481900 1.566700 35.648650 8.455090 -1.444385 -0.172700
128 23 Car 0 0 8.364776 349.220000 114.118000 379.460000 194.975000 1.602700 4.193600 1.694500 51.920424 -7.339759 -1.305038 3.041500
128 27 Car 0 0 4.695692 349.220000 114.118000 379.460000 194.975000 1.576800 3.762400 1.631300 59.253994 6.036487 -1.497250 3.055000
129 12 Car 0 0 8.251646 349.220000 114.118000 379.460000 194.975000 1.562600 3.786200 1.586000 11.296432 8.116878 -1.511265 2.994200
129 14 Car 0 0 7.264843 349.220000 114.118000 379.460000 194.975000 1.424300 4.508800 1.653900 26.621672 1.994811 -0.998640 2.312400
129 25 Car 0 0 6.843825 349.220000 114.118000 379.460000 194.975000 1.727700 3.791400 1.597200 32.815982 -10.121045 -0.717662 1.646300
129 19 Car 0 0 4.293892 349.220000 114.118000 379.460000 194.975000 1.516700 3.383500 1.585300 35.972934 8.520002 -0.952832 -0.058500
129 23 Car 0 0 8.398844 349.220000 114.118000 379.460000 194.975000 1.595700 3.921300 1.655400 52.743623 -7.512068 -0.309241 3.051100
129 27 Car 0 0 4.695692 349.220000 114.118000 379.460000 194.975000 1.576800 3.762400 1.631300 59.164628 6.039360 -1.497250 3.055000
130 12 Car 0 0 8.309051 349.220000 114.118000 379.460000 194.975000 1.550600 3.568800 1.547600 10.246888 8.209936 -1.602580 3.041500
130 14 Car 0 0 7.271791 349.220000 114.118000 379.460000 194.975000 1.499400 4.480100 1.688900 25.968660 2.503844 -1.466643 2.345200
130 25 Car 0 0 6.862423 349.220000 114.118000 379.460000 194.975000 1.774600 3.852900 1.551400 32.574451 -9.452537 -1.279262 1.660300
130 19 Car 0 0 4.398159 349.220000 114.118000 379.460000 194.975000 1.580900 4.062000 1.613000 36.538420 8.655860 -1.463892 0.054600
130 23 Car 0 0 8.398844 349.220000 114.118000 379.460000 194.975000 1.595700 3.921300 1.655400 52.657568 -7.503753 -0.309241 3.051100
131 12 Car 0 0 8.378978 349.220000 114.118000 379.460000 194.975000 1.555400 3.497800 1.554300 9.170476 8.288855 -1.635015 3.048400
131 14 Car 0 0 7.225685 349.220000 114.118000 379.460000 194.975000 1.457200 4.605100 1.687400 25.405967 2.983689 -1.449848 2.356700
131 25 Car 0 0 6.817845 349.220000 114.118000 379.460000 194.975000 1.778800 4.023200 1.648200 32.407359 -8.802176 -1.370270 1.709400
131 19 Car 0 0 4.416003 349.220000 114.118000 379.460000 194.975000 1.543300 3.610900 1.596700 36.871038 8.793514 -1.518732 0.141300
131 23 Car 0 0 8.557511 349.220000 114.118000 379.460000 194.975000 1.530200 3.890100 1.613300 54.595163 -8.004026 -1.392447 3.019800
132 14 Car 0 0 7.253075 349.220000 114.118000 379.460000 194.975000 1.506200 4.565800 1.696900 24.705000 3.449022 -1.510845 2.373800
132 25 Car 0 0 6.793464 349.220000 114.118000 379.460000 194.975000 1.737900 4.004400 1.597900 32.212323 -8.146790 -1.447955 1.745700
132 19 Car 0 0 4.489347 349.220000 114.118000 379.460000 194.975000 1.531400 3.918300 1.565600 37.267500 9.058335 -1.564972 0.201800
132 23 Car 0 0 8.565317 349.220000 114.118000 379.460000 194.975000 1.530200 3.890100 1.613300 55.378850 -8.230167 -1.392447 3.019800
132 12 Car 0 0 8.378978 349.220000 114.118000 379.460000 194.975000 1.555400 3.497800 1.554300 9.091142 8.291927 -1.635015 3.048400
133 14 Car 0 0 7.269353 349.220000 114.118000 379.460000 194.975000 1.460900 4.571000 1.692600 24.046823 3.957193 -1.473233 2.426100
133 25 Car 0 0 6.885999 349.220000 114.118000 379.460000 194.975000 1.712800 3.856600 1.622800 31.991465 -7.436250 -1.433411 1.804700
133 19 Car 0 0 4.529033 349.220000 114.118000 379.460000 194.975000 1.483400 3.726100 1.561800 37.578320 9.358640 -1.576232 0.363500
133 23 Car 0 0 8.645801 349.220000 114.118000 379.460000 194.975000 1.530200 3.890100 1.613300 56.284739 -8.434621 -1.392447 3.019800
134 14 Car 0 0 7.260608 349.220000 114.118000 379.460000 194.975000 1.450800 4.663900 1.711900 23.411344 4.407839 -1.470373 2.461300
134 25 Car 0 0 7.004373 349.220000 114.118000 379.460000 194.975000 1.792600 4.017900 1.626600 31.683035 -6.730112 -1.454061 1.805700
134 19 Car 0 0 4.470888 349.220000 114.118000 379.460000 194.975000 1.485700 3.908400 1.594400 37.935848 9.492047 -1.359181 0.333400
134 23 Car 0 0 8.645801 349.220000 114.118000 379.460000 194.975000 1.530200 3.890100 1.613300 56.205961 -8.409497 -1.392447 3.019800
134 28 Car 0 0 1.008386 349.220000 114.118000 379.460000 194.975000 1.509100 4.120900 1.651800 58.005085 2.603953 -1.371552 3.101000
135 14 Car 0 0 7.271457 349.220000 114.118000 379.460000 194.975000 1.463000 4.443800 1.664700 22.720450 4.836166 -1.534256 2.495300
135 25 Car 0 0 7.157472 349.220000 114.118000 379.460000 194.975000 1.793800 3.886900 1.577300 31.383865 -5.999444 -1.417476 1.860800
135 19 Car 0 0 4.476678 349.220000 114.118000 379.460000 194.975000 1.442500 3.532700 1.493900 38.168722 9.769160 -1.309168 0.421700
135 28 Car 0 0 0.602677 349.220000 114.118000 379.460000 194.975000 1.501000 3.948700 1.627400 57.836333 2.586945 -1.389463 3.019200
136 14 Car 0 0 7.276185 349.220000 114.118000 379.460000 194.975000 1.422200 4.526600 1.666400 22.022820 5.236503 -1.520783 2.514400
136 25 Car 0 0 7.290252 349.220000 114.118000 379.460000 194.975000 1.809500 3.927900 1.619900 30.982739 -5.272085 -1.470609 1.913200
136 28 Car 0 0 0.125797 349.220000 114.118000 379.460000 194.975000 1.578000 4.234000 1.684900 57.845932 2.576757 -1.455317 2.986900
136 19 Car 0 0 4.476678 349.220000 114.118000 379.460000 194.975000 1.442500 3.532700 1.493900 38.080292 9.785127 -1.309168 0.421700
137 14 Car 0 0 7.287503 349.220000 114.118000 379.460000 194.975000 1.547600 4.470200 1.688800 21.319962 5.684715 -1.595488 2.520600
137 25 Car 0 0 7.365386 349.220000 114.118000 379.460000 194.975000 1.792700 3.922800 1.579600 30.565722 -4.563492 -1.482029 1.958800
137 28 Car 0 0 0.555414 349.220000 114.118000 379.460000 194.975000 1.566100 4.093400 1.690300 57.643069 2.676024 -1.461973 3.046600
138 14 Car 0 0 7.288168 349.220000 114.118000 379.460000 194.975000 1.488000 4.516600 1.701400 20.602110 6.049690 -1.571707 2.583500
138 25 Car 0 0 7.401512 349.220000 114.118000 379.460000 194.975000 1.751300 4.009500 1.626500 30.199080 -3.859935 -1.448018 1.989100
138 28 Car 0 0 0.531049 349.220000 114.118000 379.460000 194.975000 1.526000 4.028200 1.635400 57.531739 2.701548 -1.505876 3.060400
138 29 Car 0 0 0.782005 349.220000 114.118000 379.460000 194.975000 1.477300 4.056700 1.604600 58.424626 6.172030 -1.499897 3.062600
139 14 Car 0 0 7.293281 349.220000 114.118000 379.460000 194.975000 1.531600 4.655000 1.729400 19.904996 6.462100 -1.577184 2.597900
139 25 Car 0 0 7.431459 349.220000 114.118000 379.460000 194.975000 1.773900 3.990300 1.592300 29.767644 -3.177855 -1.462696 2.025900
139 28 Car 0 0 0.519096 349.220000 114.118000 379.460000 194.975000 1.526000 4.028200 1.635400 57.485515 2.758384 -1.505876 3.060400
139 29 Car 0 0 1.271414 349.220000 114.118000 379.460000 194.975000 1.490200 4.206200 1.649300 58.381848 6.323246 -1.523762 3.086200
139 19 Car 0 0 4.680184 349.220000 114.118000 379.460000 194.975000 1.568100 3.880400 1.622900 39.447172 11.110982 -1.281942 0.582400
140 14 Car 0 0 7.332509 349.220000 114.118000 379.460000 194.975000 1.540000 4.592000 1.763700 19.103665 6.831095 -1.389669 2.650900
140 25 Car 0 0 7.514734 349.220000 114.118000 379.460000 194.975000 1.737900 3.882900 1.584700 29.358021 -2.474978 -1.029595 2.054400
140 28 Car 0 0 0.448527 349.220000 114.118000 379.460000 194.975000 1.542700 4.124900 1.678100 57.395790 2.754084 -0.518032 3.035000
140 29 Car 0 0 1.669589 349.220000 114.118000 379.460000 194.975000 1.490200 4.206200 1.649300 58.163428 6.477611 -1.523762 3.086200
140 19 Car 0 0 4.743953 349.220000 114.118000 379.460000 194.975000 1.528500 3.909600 1.613300 39.639515 11.526902 -0.830543 0.910100
141 14 Car 0 0 7.326788 349.220000 114.118000 379.460000 194.975000 1.471700 4.590000 1.717100 18.372026 7.148406 -1.576021 2.656600
141 25 Car 0 0 7.603365 349.220000 114.118000 379.460000 194.975000 1.845700 3.957400 1.590900 28.874346 -1.785470 -1.495492 2.091000
141 28 Car 0 0 0.367596 349.220000 114.118000 379.460000 194.975000 1.549900 4.306400 1.703300 57.337494 2.749717 -1.430979 2.988300
141 29 Car 0 0 1.409738 349.220000 114.118000 379.460000 194.975000 1.447600 4.057400 1.605300 58.049729 6.485475 -1.514721 2.751300
141 19 Car 0 0 4.826893 349.220000 114.118000 379.460000 194.975000 1.432400 3.645200 1.523200 40.025547 11.946163 -1.547158 0.713500
142 14 Car 0 0 7.342782 349.220000 114.118000 379.460000 194.975000 1.422900 4.504800 1.651400 17.575655 7.427915 -1.366181 2.688500
142 25 Car 0 0 7.527405 349.220000 114.118000 379.460000 194.975000 1.816500 3.845000 1.554700 28.386160 -1.157666 -1.166179 2.118500
142 28 Car 0 0 0.302111 349.220000 114.118000 379.460000 194.975000 1.625800 4.355400 1.759500 57.258395 2.743635 -0.758503 2.988900
142 29 Car 0 0 0.647696 349.220000 114.118000 379.460000 194.975000 1.464800 4.089200 1.607300 58.007366 6.241073 -0.770841 2.705000
142 19 Car 0 0 4.843210 349.220000 114.118000 379.460000 194.975000 1.518400 3.791000 1.608200 40.431046 12.302993 -1.046076 0.846000
142 30 Car 0 0 12.412218 349.220000 114.118000 379.460000 194.975000 1.405300 3.592400 1.493500 65.203524 -10.877417 -1.308114 -0.026700
143 14 Car 0 0 7.379917 349.220000 114.118000 379.460000 194.975000 1.422600 4.459000 1.646700 16.759678 7.768643 -1.601377 2.730800
143 25 Car 0 0 7.600436 349.220000 114.118000 379.460000 194.975000 1.837800 3.955500 1.611200 27.860163 -0.495289 -1.515514 2.162100
143 28 Car 0 0 0.363305 349.220000 114.118000 379.460000 194.975000 1.647400 4.323900 1.777900 57.281718 2.865031 -1.430511 3.104700
143 19 Car 0 0 4.916094 349.220000 114.118000 379.460000 194.975000 1.509500 3.763900 1.571500 40.542898 12.833892 -1.503676 0.985300
143 29 Car 0 0 0.647696 349.220000 114.118000 379.460000 194.975000 1.464800 4.089200 1.607300 57.944306 6.257063 -0.770841 2.705000
143 30 Car 0 0 12.412218 349.220000 114.118000 379.460000 194.975000 1.405300 3.592400 1.493500 65.143871 -10.859994 -1.308114 -0.026700
144 14 Car 0 0 7.443079 349.220000 114.118000 379.460000 194.975000 1.445300 4.297800 1.633400 15.868687 8.086624 -1.610242 2.761600
144 25 Car 0 0 7.689501 349.220000 114.118000 379.460000 194.975000 1.807700 3.794500 1.552600 27.328994 0.183317 -1.529984 2.206900
144 28 Car 0 0 0.534097 349.220000 114.118000 379.460000 194.975000 1.647400 4.323900 1.777900 57.129423 2.978981 -1.430511 3.104700
144 19 Car 0 0 4.916094 349.220000 114.118000 379.460000 194.975000 1.509500 3.763900 1.571500 40.483451 12.850143 -1.503676 0.985300
144 29 Car 0 0 0.051162 349.220000 114.118000 379.460000 194.975000 1.455600 3.990700 1.582000 57.915925 5.986001 -1.522412 2.733700
144 30 Car 0 0 12.519571 349.220000 114.118000 379.460000 194.975000 1.405300 3.592400 1.493500 67.256182 -10.916045 -1.308114 -0.026700
145 14 Car 0 0 7.447000 349.220000 114.118000 379.460000 194.975000 1.412800 4.474800 1.652200 15.097202 8.347488 -1.593660 2.780600
145 25 Car 0 0 7.747547 349.220000 114.118000 379.460000 194.975000 1.789200 3.900700 1.578900 26.746465 0.823327 -1.558708 2.237100
145 29 Car 0 0 0.120668 349.220000 114.118000 379.460000 194.975000 1.488600 4.148800 1.624400 57.840298 6.004159 -1.503302 2.758100
145 30 Car 0 0 12.403434 349.220000 114.118000 379.460000 194.975000 1.405300 3.592400 1.493500 68.353776 -11.093712 -1.308114 -0.026700
145 28 Car 0 0 0.534097 349.220000 114.118000 379.460000 194.975000 1.647400 4.323900 1.777900 57.073266 2.987604 -1.430511 3.104700
145 19 Car 0 0 5.249879 349.220000 114.118000 379.460000 194.975000 1.486200 3.676400 1.540900 40.784819 14.079886 -1.492305 1.001900
146 14 Car 0 0 7.490763 349.220000 114.118000 379.460000 194.975000 1.412000 4.568700 1.659000 14.244376 8.612418 -1.398450 2.825500
146 25 Car 0 0 7.837889 349.220000 114.118000 379.460000 194.975000 1.871000 4.008200 1.611300 26.189200 1.504685 -1.114906 2.266900
146 29 Car 0 0 0.275886 349.220000 114.118000 379.460000 194.975000 1.506100 4.180700 1.631500 57.794704 6.057993 -0.634806 2.744400
146 30 Car 0 0 12.055734 349.220000 114.118000 379.460000 194.975000 1.405300 3.592400 1.493500 69.371342 -11.053192 -1.308114 -0.026700
146 19 Car 0 0 5.212214 349.220000 114.118000 379.460000 194.975000 1.486200 3.676400 1.540900 40.989420 14.616260 -1.492305 1.001900
147 14 Car 0 0 7.487336 349.220000 114.118000 379.460000 194.975000 1.480800 4.537100 1.704500 13.484369 8.827721 -1.685109 2.858100
147 25 Car 0 0 7.942576 349.220000 114.118000 379.460000 194.975000 1.778700 3.882700 1.602600 25.556541 2.173040 -1.507349 2.321800
147 19 Car 0 0 5.405527 349.220000 114.118000 379.460000 194.975000 1.541300 3.745400 1.608100 41.247682 15.213296 -1.778687 1.125200
147 29 Car 0 0 0.275886 349.220000 114.118000 379.460000 194.975000 1.506100 4.180700 1.631500 57.743673 6.075835 -0.634806 2.744400
147 30 Car 0 0 12.055734 349.220000 114.118000 379.460000 194.975000 1.405300 3.592400 1.493500 69.324675 -11.032397 -1.308114 -0.026700
148 14 Car 0 0 7.516859 349.220000 114.118000 379.460000 194.975000 1.488600 4.340900 1.676200 12.646562 9.063311 -1.498447 2.898600
148 25 Car 0 0 8.042632 349.220000 114.118000 379.460000 194.975000 1.801700 3.869600 1.567900 24.853020 2.818514 -1.169478 2.384800
148 19 Car 0 0 5.648166 349.220000 114.118000 379.460000 194.975000 1.456700 3.884800 1.589200 41.370817 15.854132 -1.056170 1.062100
149 14 Car 0 0 7.535566 349.220000 114.118000 379.460000 194.975000 1.523800 4.264100 1.672900 11.829585 9.248181 -1.686443 2.928700
149 25 Car 0 0 8.057323 349.220000 114.118000 379.460000 194.975000 1.823300 3.910100 1.593600 24.147079 3.391722 -1.546786 2.381300
149 19 Car 0 0 5.648166 349.220000 114.118000 379.460000 194.975000 1.456700 3.884800 1.589200 41.320565 15.859030 -1.056170 1.062100
149 28 Car 0 0 -0.461718 349.220000 114.118000 379.460000 194.975000 1.557000 4.210200 1.664200 57.048287 2.612140 -1.484501 3.010700
150 14 Car 0 0 7.515099 349.220000 114.118000 379.460000 194.975000 1.455700 3.569800 1.527700 11.110529 9.378656 -1.682554 2.931800
150 25 Car 0 0 8.079176 349.220000 114.118000 379.460000 194.975000 1.826600 3.931400 1.603300 23.405526 3.937814 -1.521533 2.439800
150 28 Car 0 0 -0.462523 349.220000 114.118000 379.460000 194.975000 1.560800 4.060200 1.662000 56.994570 2.607260 -1.509669 3.090600
151 14 Car 0 0 7.573174 349.220000 114.118000 379.460000 194.975000 1.481200 3.838800 1.578000 10.184239 9.494561 -1.577345 2.974300
151 25 Car 0 0 8.126858 349.220000 114.118000 379.460000 194.975000 1.784200 3.710400 1.588500 22.617528 4.474603 -1.201722 2.479800
151 28 Car 0 0 -0.034051 349.220000 114.118000 379.460000 194.975000 1.548000 4.347800 1.680100 56.832770 2.657133 -0.606115 2.780900
151 19 Car 0 0 6.342668 349.220000 114.118000 379.460000 194.975000 1.501100 3.895700 1.600000 42.442541 17.978612 -1.187516 0.993400
152 14 Car 0 0 7.623346 349.220000 114.118000 379.460000 194.975000 1.459400 3.904600 1.581900 9.270762 9.549192 -1.664381 3.028300
152 25 Car 0 0 8.173701 349.220000 114.118000 379.460000 194.975000 1.904100 3.984700 1.625800 21.825141 5.000366 -1.617759 2.514000
152 28 Car 0 0 0.244793 349.220000 114.118000 379.460000 194.975000 1.548000 4.347800 1.680100 56.792296 2.714516 -0.606115 2.780900
152 19 Car 0 0 6.359319 349.220000 114.118000 379.460000 194.975000 1.501100 3.895700 1.600000 42.540908 18.586965 -1.187516 0.993400
153 25 Car 0 0 8.209359 349.220000 114.118000 379.460000 194.975000 1.865500 3.860500 1.622200 21.023323 5.486364 -1.613256 2.568000
153 28 Car 0 0 0.819444 349.220000 114.118000 379.460000 194.975000 1.538100 4.182100 1.659600 56.716239 2.827112 -1.574277 3.122900
153 19 Car 0 0 6.493498 349.220000 114.118000 379.460000 194.975000 1.457000 3.626000 1.545900 42.778459 19.296349 -1.834908 1.095800
153 14 Car 0 0 7.623346 349.220000 114.118000 379.460000 194.975000 1.459400 3.904600 1.581900 9.230025 9.555063 -1.664381 3.028300
154 25 Car 0 0 8.259228 349.220000 114.118000 379.460000 194.975000 1.842000 3.917600 1.605700 20.188913 5.974320 -1.588254 2.616300
154 28 Car 0 0 1.128011 349.220000 114.118000 379.460000 194.975000 1.538100 4.182100 1.659600 56.673346 2.934916 -1.574277 3.122900
154 19 Car 0 0 6.493498 349.220000 114.118000 379.460000 194.975000 1.457000 3.626000 1.545900 42.737074 19.307267 -1.834908 1.095800
155 25 Car 0 0 8.316814 349.220000 114.118000 379.460000 194.975000 1.981600 3.941100 1.564400 19.304600 6.422757 -1.699191 2.656800
155 28 Car 0 0 0.998609 349.220000 114.118000 379.460000 194.975000 1.522200 4.247900 1.669600 56.561952 2.887587 -1.537481 3.004300
156 25 Car 0 0 8.372027 349.220000 114.118000 379.460000 194.975000 1.881100 3.860000 1.535000 18.414870 6.854532 -1.634357 2.702500
156 28 Car 0 0 0.899968 349.220000 114.118000 379.460000 194.975000 1.530800 4.145400 1.655600 56.587403 2.969479 -1.588440 3.084200
157 25 Car 0 0 8.404628 349.220000 114.118000 379.460000 194.975000 1.890500 3.881400 1.605200 17.544757 7.218826 -1.630329 2.773900
157 28 Car 0 0 0.969320 349.220000 114.118000 379.460000 194.975000 1.541800 4.198600 1.661300 56.568652 2.911909 -1.526113 3.021000
158 25 Car 0 0 8.467871 349.220000 114.118000 379.460000 194.975000 1.762800 3.780900 1.601700 16.569133 7.521390 -1.665775 2.815900
158 28 Car 0 0 0.730192 349.220000 114.118000 379.460000 194.975000 1.539000 4.286000 1.668100 56.648469 3.002126 -1.511304 3.028400
159 25 Car 0 0 8.522560 349.220000 114.118000 379.460000 194.975000 1.825200 3.840800 1.604800 15.595463 7.785999 -1.605206 2.845200
159 28 Car 0 0 1.038782 349.220000 114.118000 379.460000 194.975000 1.515200 4.300300 1.654000 56.619753 2.856266 -1.574323 2.801600
160 25 Car 0 0 8.561683 349.220000 114.118000 379.460000 194.975000 1.886900 3.950300 1.615800 14.653542 7.997918 -1.700475 2.889000
160 28 Car 0 0 0.852050 349.220000 114.118000 379.460000 194.975000 1.543100 4.386000 1.687100 56.545360 2.896378 -1.553793 3.020900
161 25 Car 0 0 8.618099 349.220000 114.118000 379.460000 194.975000 1.828700 3.948500 1.621000 13.658612 8.189945 -1.650951 2.931300
161 28 Car 0 0 1.048144 349.220000 114.118000 379.460000 194.975000 1.490800 3.953900 1.617500 56.470370 2.750181 -1.504076 3.010200
162 25 Car 0 0 8.678193 349.220000 114.118000 379.460000 194.975000 1.862200 3.960400 1.595900 12.641796 8.335673 -1.684974 2.965400
162 28 Car 0 0 0.819585 349.220000 114.118000 379.460000 194.975000 1.502100 4.052300 1.604300 56.489635 2.862792 -1.540809 3.053800
163 25 Car 0 0 8.733327 349.220000 114.118000 379.460000 194.975000 1.905500 3.957200 1.690000 11.630302 8.508855 -1.768535 3.005300
163 28 Car 0 0 0.819585 349.220000 114.118000 379.460000 194.975000 1.502100 4.052300 1.604300 56.485593 2.863806 -1.540809 3.053800
164 25 Car 0 0 8.805997 349.220000 114.118000 379.460000 194.975000 1.893900 4.184700 1.684400 10.569611 8.711911 -1.738408 2.979700
174 31 Car 0 0 0.000000 349.220000 114.118000 379.460000 194.975000 1.443300 3.788700 1.537000 -110.985039 -15.368159 -0.665139 2.752900
186 32 Car 0 0 2.925505 349.220000 114.118000 379.460000 194.975000 1.388600 3.828900 1.563700 31.795964 -24.226651 -0.946795 1.413500
187 32 Car 0 0 3.266235 349.220000 114.118000 379.460000 194.975000 1.400400 3.797800 1.575300 32.018638 -23.902397 -0.847696 1.446300
188 32 Car 0 0 3.586263 349.220000 114.118000 379.460000 194.975000 1.424500 3.915900 1.576800 31.977139 -23.542134 -0.891052 1.428500
188 33 Car 0 0 0.000000 349.220000 114.118000 379.460000 194.975000 1.508000 4.167000 1.647200 -110.997961 -15.409101 -0.599483 3.048500
189 32 Car 0 0 3.858345 349.220000 114.118000 379.460000 194.975000 1.421400 4.010400 1.587400 31.938624 -23.162570 -1.454847 1.403200
190 32 Car 0 0 4.323769 349.220000 114.118000 379.460000 194.975000 1.407800 3.743400 1.528900 31.959762 -22.664614 -1.334134 1.424300
191 32 Car 0 0 4.431541 349.220000 114.118000 379.460000 194.975000 1.409800 3.891300 1.555300 32.023548 -22.224714 -1.344934 1.367200
191 34 Car 0 0 2.981510 349.220000 114.118000 379.460000 194.975000 1.483300 4.047100 1.621400 56.412112 3.076896 -1.559034 3.130900
192 32 Car 0 0 4.188693 349.220000 114.118000 379.460000 194.975000 1.483800 4.086300 1.617700 32.098447 -21.889271 -1.353436 1.394300
192 34 Car 0 0 2.471349 349.220000 114.118000 379.460000 194.975000 1.489000 4.127600 1.624500 56.424667 3.078009 -1.600269 3.112900
193 32 Car 0 0 3.966125 349.220000 114.118000 379.460000 194.975000 1.439500 4.109500 1.598000 32.218764 -21.586595 -1.271406 1.355200
193 34 Car 0 0 2.471349 349.220000 114.118000 379.460000 194.975000 1.489000 4.127600 1.624500 56.422420 3.075842 -1.600269 3.112900
194 32 Car 0 0 3.753989 349.220000 114.118000 379.460000 194.975000 1.485500 4.189700 1.631400 32.294535 -21.328778 -0.768132 1.375100
194 34 Car 0 0 1.385158 349.220000 114.118000 379.460000 194.975000 1.514900 4.110600 1.647600 56.476704 2.911187 -0.686257 3.046500
195 32 Car 0 0 3.586341 349.220000 114.118000 379.460000 194.975000 1.398200 4.168300 1.579600 32.348160 -21.090929 -1.329867 1.365100
195 34 Car 0 0 1.618028 349.220000 114.118000 379.460000 194.975000 1.514900 4.110600 1.647600 56.468167 3.069487 -0.686257 3.046500
196 32 Car 0 0 3.524469 349.220000 114.118000 379.460000 194.975000 1.393900 4.208100 1.592900 32.446628 -20.803032 -1.303908 1.365900
196 34 Car 0 0 1.264641 349.220000 114.118000 379.460000 194.975000 1.475300 4.035500 1.618100 56.515703 3.144136 -1.527529 3.118000
197 32 Car 0 0 3.431641 349.220000 114.118000 379.460000 194.975000 1.432200 4.248400 1.617000 32.535050 -20.575065 -1.291507 1.356100
197 34 Car 0 0 0.860835 349.220000 114.118000 379.460000 194.975000 1.499300 4.154000 1.637700 56.515163 3.130884 -1.545897 3.045400
198 32 Car 0 0 3.311878 349.220000 114.118000 379.460000 194.975000 1.454000 4.266100 1.626200 32.564334 -20.398029 -1.346774 1.362200
198 34 Car 0 0 0.860835 349.220000 114.118000 379.460000 194.975000 1.499300 4.154000 1.637700 56.513300 3.132668 -1.545897 3.045400
199 32 Car 0 0 3.214291 349.220000 114.118000 379.460000 194.975000 1.468800 4.301900 1.629500 32.637173 -20.241277 -1.335574 1.368600
199 34 Car 0 0 0.400099 349.220000 114.118000 379.460000 194.975000 1.480100 4.009400 1.598700 56.413897 3.029868 -1.518945 3.083300
200 32 Car 0 0 3.095701 349.220000 114.118000 379.460000 194.975000 1.462300 4.426100 1.654600 32.657044 -20.120109 -1.302952 1.316500
200 34 Car 0 0 0.259733 349.220000 114.118000 379.460000 194.975000 1.494800 4.191100 1.646200 56.455506 3.044404 -1.584268 3.071800
201 32 Car 0 0 3.052910 349.220000 114.118000 379.460000 194.975000 1.424200 4.128200 1.591300 32.732143 -19.799535 -0.841559 1.335700
201 34 Car 0 0 0.445872 349.220000 114.118000 379.460000 194.975000 1.497800 4.176800 1.635400 56.489959 3.146986 -0.671217 3.119700
202 32 Car 0 0 2.947137 349.220000 114.118000 379.460000 194.975000 1.474300 4.427300 1.658000 32.776394 -19.708799 -1.317516 1.346100
202 34 Car 0 0 0.333874 349.220000 114.118000 379.460000 194.975000 1.467400 4.008700 1.595900 56.480365 3.144194 -1.501499 3.064300
203 32 Car 0 0 2.795754 349.220000 114.118000 379.460000 194.975000 1.487600 4.398400 1.676500 32.744782 -19.675505 -1.364115 1.357900
203 34 Car 0 0 -0.062717 349.220000 114.118000 379.460000 194.975000 1.474200 4.112600 1.637600 56.492534 2.989795 -1.560943 3.041200
204 32 Car 0 0 2.707335 349.220000 114.118000 379.460000 194.975000 1.553100 4.319800 1.684000 32.773415 -19.535015 -0.841411 1.353700
204 34 Car 0 0 0.015349 349.220000 114.118000 379.460000 194.975000 1.510800 4.217800 1.646400 56.541673 3.061693 -0.737020 3.114100
205 32 Car 0 0 2.587383 349.220000 114.118000 379.460000 194.975000 1.476100 4.267700 1.631400 32.795118 -19.462890 -1.321578 1.324900
205 34 Car 0 0 -0.087855 349.220000 114.118000 379.460000 194.975000 1.480200 4.039300 1.612100 56.544225 3.005920 -1.494570 3.056600
206 32 Car 0 0 2.448439 349.220000 114.118000 379.460000 194.975000 1.459900 4.204200 1.630700 32.801126 -19.406739 -1.347824 1.364500
206 34 Car 0 0 -0.087855 349.220000 114.118000 379.460000 194.975000 1.480200 4.039300 1.612100 56.545915 3.006380 -1.494570 3.056600
207 32 Car 0 0 2.361137 349.220000 114.118000 379.460000 194.975000 1.506600 4.005900 1.618000 32.834927 -19.285370 -1.371153 1.351000
207 34 Car 0 0 0.113819 349.220000 114.118000 379.460000 194.975000 1.480200 4.039300 1.612100 56.411121 3.071674 -1.494570 3.056600
208 32 Car 0 0 2.207768 349.220000 114.118000 379.460000 194.975000 1.436900 4.156600 1.596400 32.881444 -19.241093 -1.266206 1.371200
208 34 Car 0 0 0.099075 349.220000 114.118000 379.460000 194.975000 1.492400 4.066600 1.610100 56.411303 3.083532 -1.540879 3.056400
209 32 Car 0 0 2.014511 349.220000 114.118000 379.460000 194.975000 1.462000 4.000300 1.580700 32.846133 -19.230785 -1.276311 1.341800
209 34 Car 0 0 0.029968 349.220000 114.118000 379.460000 194.975000 1.488500 4.010400 1.603100 56.439295 3.079109 -1.491945 3.123900
210 32 Car 0 0 1.795041 349.220000 114.118000 379.460000 194.975000 1.504100 4.400100 1.657800 32.821780 -19.262959 -1.361419 1.344800
210 34 Car 0 0 -0.090724 349.220000 114.118000 379.460000 194.975000 1.481200 4.062800 1.616700 56.465313 3.052487 -1.561388 3.091400
211 32 Car 0 0 1.640276 349.220000 114.118000 379.460000 194.975000 1.481800 4.213900 1.625300 32.852750 -19.230437 -1.350332 1.353600
211 34 Car 0 0 -0.306698 349.220000 114.118000 379.460000 194.975000 1.471900 3.981700 1.602000 56.467462 2.962024 -1.562599 3.020900
212 32 Car 0 0 1.449776 349.220000 114.118000 379.460000 194.975000 1.478900 4.168100 1.620200 32.856193 -19.244620 -1.379282 1.358900
212 34 Car 0 0 -0.328466 349.220000 114.118000 379.460000 194.975000 1.469100 4.034400 1.598300 56.466145 2.947812 -1.510129 3.124500
213 32 Car 0 0 1.267176 349.220000 114.118000 379.460000 194.975000 1.488700 4.023400 1.622800 32.892014 -19.162190 -1.383460 1.364600
213 34 Car 0 0 -0.325965 349.220000 114.118000 379.460000 194.975000 1.491900 4.106600 1.639400 56.530138 2.961985 -1.596330 3.071400
214 32 Car 0 0 1.021188 349.220000 114.118000 379.460000 194.975000 1.489900 4.117900 1.638400 32.855298 -19.203989 -1.350765 1.364800
214 34 Car 0 0 -0.239059 349.220000 114.118000 379.460000 194.975000 1.500300 4.118100 1.633700 56.515639 2.986195 -1.561813 3.128600
215 32 Car 0 0 0.784930 349.220000 114.118000 379.460000 194.975000 1.461400 4.107600 1.613300 32.843923 -19.241175 -1.316554 1.376300
215 34 Car 0 0 -0.322744 349.220000 114.118000 379.460000 194.975000 1.453700 3.949600 1.582500 56.547012 2.944954 -1.542970 3.075200
216 32 Car 0 0 0.593602 349.220000 114.118000 379.460000 194.975000 1.464700 4.096800 1.612100 32.842346 -19.257359 -1.291056 1.372100
216 34 Car 0 0 -0.301237 349.220000 114.118000 379.460000 194.975000 1.498800 4.113000 1.647500 56.554732 2.943416 -1.614841 3.062900
217 32 Car 0 0 0.622945 349.220000 114.118000 379.460000 194.975000 1.464700 4.096800 1.612100 32.831959 -19.296521 -1.291056 1.372100
217 34 Car 0 0 -0.257895 349.220000 114.118000 379.460000 194.975000 1.491400 4.115600 1.635100 56.537350 2.950332 -1.535665 3.080800
218 32 Car 0 0 0.258668 349.220000 114.118000 379.460000 194.975000 1.493300 4.110500 1.626200 32.858499 -19.246056 -1.333840 1.391200
218 34 Car 0 0 -0.354004 349.220000 114.118000 379.460000 194.975000 1.530700 4.295200 1.686200 56.566566 2.906628 -1.632028 3.064500
219 32 Car 0 0 0.329305 349.220000 114.118000 379.460000 194.975000 1.467400 4.202100 1.613100 32.805821 -19.295502 -1.284958 1.365800
219 34 Car 0 0 -0.233892 349.220000 114.118000 379.460000 194.975000 1.513300 4.189300 1.656400 56.547691 2.959297 -1.609029 3.076800
220 32 Car 0 0 0.208692 349.220000 114.118000 379.460000 194.975000 1.492700 4.174100 1.630800 32.828026 -19.269851 -1.340260 1.344000
220 34 Car 0 0 -0.245319 349.220000 114.118000 379.460000 194.975000 1.488500 4.104600 1.615100 56.555147 2.951415 -1.499301 3.100000
221 32 Car 0 0 0.344582 349.220000 114.118000 379.460000 194.975000 1.492700 4.174100 1.630800 32.792296 -19.310842 -1.340260 1.344000
221 34 Car 0 0 -0.344742 349.220000 114.118000 379.460000 194.975000 1.491400 4.051600 1.603600 56.516162 2.891423 -1.518382 3.054400
222 32 Car 0 0 0.349794 349.220000 114.118000 379.460000 194.975000 1.540100 4.186700 1.642700 32.807175 -19.315455 -1.289023 1.367200
222 34 Car 0 0 -0.233134 349.220000 114.118000 379.460000 194.975000 1.528900 4.249700 1.656800 56.529544 2.954612 -1.571939 3.090100
223 32 Car 0 0 0.363585 349.220000 114.118000 379.460000 194.975000 1.499300 4.307000 1.645900 32.782902 -19.338490 -1.332018 1.355200
223 34 Car 0 0 -0.337594 349.220000 114.118000 379.460000 194.975000 1.484700 3.991200 1.601600 56.526598 2.891648 -1.534063 3.101600
224 32 Car 0 0 0.351907 349.220000 114.118000 379.460000 194.975000 1.509100 4.127900 1.629300 32.857572 -19.325563 -1.328998 1.368200
224 34 Car 0 0 -0.293465 349.220000 114.118000 379.460000 194.975000 1.515300 4.170000 1.635300 56.542563 2.907617 -1.510712 3.059900
225 32 Car 0 0 0.156019 349.220000 114.118000 379.460000 194.975000 1.478300 4.187200 1.620000 32.844310 -19.304888 -1.324070 1.359500
225 34 Car 0 0 -0.291287 349.220000 114.118000 379.460000 194.975000 1.449400 4.022300 1.592000 56.476612 2.879174 -1.546807 3.066700
226 32 Car 0 0 -0.003192 349.220000 114.118000 379.460000 194.975000 1.434000 4.257000 1.611100 32.791644 -19.288497 -1.297309 1.363500
226 34 Car 0 0 -0.206304 349.220000 114.118000 379.460000 194.975000 1.484700 4.036100 1.609200 56.448663 2.905151 -1.551765 3.118800
