2 0 Car 0 0 0.000000 349.220000 114.118000 379.460000 194.975000 1.532300 3.596600 1.591600 -3.617717 0.039839 -1.172241 3.093200
2 1 Car 0 0 1.459950 349.220000 114.118000 379.460000 194.975000 1.490900 3.944100 1.628100 46.526912 21.058908 -1.235874 -3.094800
3 1 Car 0 0 1.576581 349.220000 114.118000 379.460000 194.975000 1.446800 3.579800 1.541100 45.393083 20.946607 -0.713077 -3.092400
3 2 Car 0 0 0.000000 349.220000 114.118000 379.460000 194.975000 1.797200 4.768800 1.740300 -4.778269 0.057309 -1.271448 1.648100
4 1 Car 0 0 1.116908 349.220000 114.118000 379.460000 194.975000 1.463000 3.509400 1.543400 44.016562 20.957265 -1.354869 -3.101900
5 1 Car 0 0 0.867233 349.220000 114.118000 379.460000 194.975000 1.417400 3.597400 1.503900 42.796554 20.959495 -1.321088 -3.109300
5 3 Car 0 0 14.379939 349.220000 114.118000 379.460000 194.975000 1.433300 4.135400 1.604800 7.248028 -3.267870 -1.687657 0.010700
5 4 Car 0 0 3.456685 349.220000 114.118000 379.460000 194.975000 1.489600 4.000400 1.599200 47.055360 21.088830 -1.354144 -3.132400
6 1 Car 0 0 0.739100 349.220000 114.118000 379.460000 194.975000 1.421700 3.521200 1.506300 41.574054 20.922081 -1.256459 -3.111100
6 3 Car 0 0 14.489026 349.220000 114.118000 379.460000 194.975000 1.421700 4.074600 1.583400 7.507912 -3.256859 -1.684853 -0.010600
6 4 Car 0 0 3.456685 349.220000 114.118000 379.460000 194.975000 1.489600 4.000400 1.599200 45.909990 21.076201 -1.354144 -3.132400
7 1 Car 0 0 0.728090 349.220000 114.118000 379.460000 194.975000 1.471900 3.790400 1.578100 40.526977 20.901723 -1.217271 -3.110000
7 3 Car 0 0 14.594225 349.220000 114.118000 379.460000 194.975000 1.431100 4.099300 1.585800 7.843803 -3.189857 -1.676118 -0.007700
8 1 Car 0 0 0.559387 349.220000 114.118000 379.460000 194.975000 1.439000 3.679800 1.543300 39.317347 20.895064 -1.083666 -3.056500
8 3 Car 0 0 14.817146 349.220000 114.118000 379.460000 194.975000 1.460600 4.122000 1.612700 8.181585 -3.198586 -1.685428 0.012900
8 4 Car 0 0 2.207380 349.220000 114.118000 379.460000 194.975000 1.489600 4.000400 1.599200 43.640783 20.987367 -1.354144 -3.132400
9 1 Car 0 0 0.462028 349.220000 114.118000 379.460000 194.975000 1.439000 3.679800 1.543300 38.058010 20.769300 -1.083666 -3.056500
9 3 Car 0 0 14.805068 349.220000 114.118000 379.460000 194.975000 1.446500 3.945900 1.596100 8.482979 -3.205181 -1.677852 -0.018100
9 4 Car 0 0 2.073399 349.220000 114.118000 379.460000 194.975000 1.489600 4.000400 1.599200 42.465467 20.921363 -1.354144 -3.132400
10 1 Car 0 0 0.527192 349.220000 114.118000 379.460000 194.975000 1.459100 3.654600 1.520600 37.015622 20.613193 -1.311670 -3.075300
10 3 Car 0 0 14.994496 349.220000 114.118000 379.460000 194.975000 1.392900 4.073300 1.569100 8.818895 -3.237006 -1.673510 -0.003500
10 4 Car 0 0 1.993295 349.220000 114.118000 379.460000 194.975000 1.489600 4.000400 1.599200 41.189517 20.765379 -1.354144 -3.132400
11 1 Car 0 0 0.578427 349.220000 114.118000 379.460000 194.975000 1.422600 3.644800 1.539200 35.876552 20.465905 -1.385108 -3.100100
11 3 Car 0 0 14.961971 349.220000 114.118000 379.460000 194.975000 1.432100 4.087600 1.578900 9.139820 -3.189634 -1.689639 0.002800
11 4 Car 0 0 1.774856 349.220000 114.118000 379.460000 194.975000 1.489600 4.000400 1.599200 40.138053 20.660416 -1.354144 -3.132400
12 1 Car 0 0 0.797294 349.220000 114.118000 379.460000 194.975000 1.473100 3.496500 1.507400 34.788380 20.304408 -1.043910 -3.081800
12 3 Car 0 0 15.032162 349.220000 114.118000 379.460000 194.975000 1.453700 3.953900 1.582800 9.438762 -3.260780 -1.569825 -0.020100
12 4 Car 0 0 1.744337 349.220000 114.118000 379.460000 194.975000 1.489600 4.000400 1.599200 38.861497 20.521424 -1.354144 -3.132400
13 1 Car 0 0 0.716154 349.220000 114.118000 379.460000 194.975000 1.486000 3.597100 1.544500 33.662579 20.243755 -1.554344 -3.098800
13 3 Car 0 0 15.088862 349.220000 114.118000 379.460000 194.975000 1.496000 4.190300 1.633200 9.853584 -3.236881 -1.706286 0.016000
13 4 Car 0 0 1.555643 349.220000 114.118000 379.460000 194.975000 1.489600 4.000400 1.599200 37.866782 20.383341 -1.354144 -3.132400
14 1 Car 0 0 0.592912 349.220000 114.118000 379.460000 194.975000 1.459500 3.579600 1.539400 32.493670 20.224770 -1.514506 -3.113100
14 3 Car 0 0 14.982541 349.220000 114.118000 379.460000 194.975000 1.425800 4.119300 1.608200 10.112517 -3.216981 -1.638939 0.009900
14 4 Car 0 0 1.408442 349.220000 114.118000 379.460000 194.975000 1.489600 4.000400 1.599200 36.759566 20.354639 -1.354144 -3.132400
15 1 Car 0 0 0.593707 349.220000 114.118000 379.460000 194.975000 1.495800 3.818800 1.598500 31.364030 20.175109 -1.520152 -3.119000
15 3 Car 0 0 14.961790 349.220000 114.118000 379.460000 194.975000 1.447800 4.167500 1.619200 10.452253 -3.224245 -1.633543 0.007200
15 4 Car 0 0 1.396005 349.220000 114.118000 379.460000 194.975000 1.489600 4.000400 1.599200 35.609646 20.263304 -1.354144 -3.132400
16 1 Car 0 0 0.643445 349.220000 114.118000 379.460000 194.975000 1.425100 3.685600 1.546300 30.276993 20.121911 -1.494705 -3.124400
16 3 Car 0 0 15.017469 349.220000 114.118000 379.460000 194.975000 1.464500 4.145100 1.623200 10.769823 -3.210420 -1.650716 0.016000
16 4 Car 0 0 1.272708 349.220000 114.118000 379.460000 194.975000 1.489600 4.000400 1.599200 34.458581 20.190390 -1.354144 -3.132400
17 1 Car 0 0 0.521755 349.220000 114.118000 379.460000 194.975000 1.452800 3.745700 1.559900 29.138650 20.105427 -1.535182 -3.090100
17 3 Car 0 0 15.015545 349.220000 114.118000 379.460000 194.975000 1.451200 4.001600 1.579400 11.141620 -3.248276 -1.640584 -0.009200
17 4 Car 0 0 1.182556 349.220000 114.118000 379.460000 194.975000 1.489600 4.000400 1.599200 33.368487 20.130588 -1.354144 -3.132400
18 1 Car 0 0 0.530663 349.220000 114.118000 379.460000 194.975000 1.494800 3.686500 1.560800 27.977350 20.051169 -1.585772 -3.115900
18 3 Car 0 0 14.923905 349.220000 114.118000 379.460000 194.975000 1.507800 3.881200 1.619700 11.398134 -3.229818 -1.702360 0.019100
18 4 Car 0 0 1.135185 349.220000 114.118000 379.460000 194.975000 1.489600 4.000400 1.599200 32.215212 20.069465 -1.354144 -3.132400
19 1 Car 0 0 0.690753 349.220000 114.118000 379.460000 194.975000 1.406100 3.665000 1.511000 26.852275 19.984120 -1.587774 -3.139700
19 3 Car 0 0 14.993266 349.220000 114.118000 379.460000 194.975000 1.451700 4.029800 1.597600 11.760502 -3.229674 -1.659714 0.010500
19 4 Car 0 0 1.057212 349.220000 114.118000 379.460000 194.975000 1.489600 4.000400 1.599200 31.089873 20.010387 -1.354144 -3.132400
20 1 Car 0 0 0.699659 349.220000 114.118000 379.460000 194.975000 1.420500 3.677200 1.505900 25.749852 19.947169 -1.613713 -3.109200
20 3 Car 0 0 15.028206 349.220000 114.118000 379.460000 194.975000 1.411100 4.070400 1.595100 12.200634 -3.200957 -1.669122 0.031700
20 4 Car 0 0 0.992564 349.220000 114.118000 379.460000 194.975000 1.489600 4.000400 1.599200 29.984426 19.971102 -1.354144 -3.132400
21 1 Car 0 0 0.818823 349.220000 114.118000 379.460000 194.975000 1.405800 3.628600 1.515400 24.626703 19.899303 -1.188371 -3.055800
21 3 Car 0 0 15.050059 349.220000 114.118000 379.460000 194.975000 1.434600 4.038400 1.581400 12.522599 -3.183537 -1.456224 0.015200
21 4 Car 0 0 0.829657 349.220000 114.118000 379.460000 194.975000 1.489600 4.000400 1.599200 28.733551 20.002088 -1.354144 -3.132400
22 1 Car 0 0 0.719398 349.220000 114.118000 379.460000 194.975000 1.560700 3.977000 1.637800 23.333798 19.915348 -1.583521 -3.125500
22 3 Car 0 0 15.042736 349.220000 114.118000 379.460000 194.975000 1.436800 4.079000 1.597900 12.910313 -3.167266 -1.608209 0.006400
22 4 Car 0 0 0.905980 349.220000 114.118000 379.460000 194.975000 1.489600 4.000400 1.599200 27.653795 19.953435 -1.354144 -3.132400
23 3 Car 0 0 15.032696 349.220000 114.118000 379.460000 194.975000 1.467200 4.031600 1.623200 13.286236 -3.140084 -1.633677 0.023000
23 4 Car 0 0 0.794839 349.220000 114.118000 379.460000 194.975000 1.489600 4.000400 1.599200 26.578847 19.968236 -1.354144 -3.132400
23 1 Car 0 0 0.719398 349.220000 114.118000 379.460000 194.975000 1.560700 3.977000 1.637800 22.231003 19.952301 -1.583521 -3.125500
24 3 Car 0 0 15.075086 349.220000 114.118000 379.460000 194.975000 1.466200 3.982900 1.598600 13.643673 -3.098369 -1.695780 -0.001200
24 4 Car 0 0 0.828657 349.220000 114.118000 379.460000 194.975000 1.489600 4.000400 1.599200 25.390347 19.934899 -1.354144 -3.132400
24 5 Car 0 0 11.627913 349.220000 114.118000 379.460000 194.975000 1.452200 3.962700 1.588900 3.413216 -3.688136 -1.710138 -0.094000
25 3 Car 0 0 15.057685 349.220000 114.118000 379.460000 194.975000 1.468100 3.973700 1.613900 14.017995 -3.075669 -1.490865 -0.003200
25 4 Car 0 0 0.701318 349.220000 114.118000 379.460000 194.975000 1.489600 4.000400 1.599200 24.313591 19.953548 -1.354144 -3.132400
25 5 Car 0 0 11.645991 349.220000 114.118000 379.460000 194.975000 1.519100 4.217300 1.642000 3.350914 -3.821264 -1.574765 -0.066000
26 3 Car 0 0 15.081186 349.220000 114.118000 379.460000 194.975000 1.442900 4.088500 1.594800 14.463130 -3.054139 -1.690416 -0.007800
26 4 Car 0 0 0.814233 349.220000 114.118000 379.460000 194.975000 1.489600 4.000400 1.599200 23.046446 19.946610 -1.354144 -3.132400
26 5 Car 0 0 11.931470 349.220000 114.118000 379.460000 194.975000 1.531500 3.728800 1.572600 3.614999 -3.762142 -1.668952 -0.061400
27 3 Car 0 0 15.121694 349.220000 114.118000 379.460000 194.975000 1.418900 4.010800 1.584700 14.833785 -2.974644 -1.697022 0.020000
27 4 Car 0 0 0.895280 349.220000 114.118000 379.460000 194.975000 1.509500 3.706700 1.573800 21.761217 19.959579 -1.560828 -3.080500
27 5 Car 0 0 12.364569 349.220000 114.118000 379.460000 194.975000 1.436000 3.989900 1.559800 4.033794 -3.601157 -1.647669 -0.054400
28 3 Car 0 0 15.137226 349.220000 114.118000 379.460000 194.975000 1.477900 4.148500 1.636300 15.281609 -2.922310 -1.668199 0.037400
28 5 Car 0 0 12.746300 349.220000 114.118000 379.460000 194.975000 1.445700 3.870700 1.569200 4.561502 -3.627001 -1.689179 0.023800
28 4 Car 0 0 0.895280 349.220000 114.118000 379.460000 194.975000 1.509500 3.706700 1.573800 20.625203 20.043281 -1.560828 -3.080500
29 3 Car 0 0 15.130777 349.220000 114.118000 379.460000 194.975000 1.463800 4.191600 1.636800 15.695368 -2.789644 -1.680263 0.028000
29 5 Car 0 0 13.007784 349.220000 114.118000 379.460000 194.975000 1.505900 3.527200 1.509700 5.001373 -3.515733 -1.682662 0.002000
30 3 Car 0 0 15.144579 349.220000 114.118000 379.460000 194.975000 1.474700 4.100900 1.625600 16.045713 -2.685023 -1.676177 0.047000
30 5 Car 0 0 13.211343 349.220000 114.118000 379.460000 194.975000 1.489500 3.838800 1.570700 5.282729 -3.497514 -1.649821 0.012700
31 3 Car 0 0 15.089001 349.220000 114.118000 379.460000 194.975000 1.499400 3.831400 1.632100 16.368719 -2.559500 -1.690061 0.036000
31 5 Car 0 0 13.409286 349.220000 114.118000 379.460000 194.975000 1.614900 3.757800 1.570200 5.686613 -3.483544 -1.646040 0.025100
32 3 Car 0 0 15.085781 349.220000 114.118000 379.460000 194.975000 1.402600 4.083500 1.587000 16.786411 -2.419286 -1.609423 0.049600
32 5 Car 0 0 13.416962 349.220000 114.118000 379.460000 194.975000 1.549400 3.535700 1.526200 5.949417 -3.401237 -1.605936 0.046500
33 3 Car 0 0 15.132332 349.220000 114.118000 379.460000 194.975000 1.425400 4.078300 1.610600 17.213256 -2.320798 -1.594815 0.052300
33 5 Car 0 0 13.506381 349.220000 114.118000 379.460000 194.975000 1.549500 3.645100 1.523600 6.198849 -3.308493 -1.655920 0.022100
34 3 Car 0 0 15.146463 349.220000 114.118000 379.460000 194.975000 1.414200 4.175700 1.604800 17.683019 -2.145863 -1.302563 0.078400
34 5 Car 0 0 13.507887 349.220000 114.118000 379.460000 194.975000 1.629700 3.574900 1.534000 6.484620 -3.186587 -1.565212 0.060600
35 3 Car 0 0 15.138276 349.220000 114.118000 379.460000 194.975000 1.436000 4.130200 1.625200 18.113120 -1.995094 -1.616504 0.053500
35 5 Car 0 0 13.570480 349.220000 114.118000 379.460000 194.975000 1.612200 3.804000 1.562200 6.844269 -3.098178 -1.637488 0.061800
36 3 Car 0 0 15.138044 349.220000 114.118000 379.460000 194.975000 1.428600 4.036200 1.592000 18.451579 -1.810150 -1.568517 0.064600
36 5 Car 0 0 13.688671 349.220000 114.118000 379.460000 194.975000 1.655200 3.833900 1.665700 7.172941 -3.041641 -1.677536 0.075500
37 3 Car 0 0 15.149591 349.220000 114.118000 379.460000 194.975000 1.415800 4.014000 1.580300 18.924769 -1.659878 -1.608104 0.066100
37 5 Car 0 0 13.720048 349.220000 114.118000 379.460000 194.975000 1.701100 3.902100 1.675800 7.521609 -2.915523 -1.724316 0.061700
38 3 Car 0 0 15.170677 349.220000 114.118000 379.460000 194.975000 1.426700 4.063900 1.597600 19.306310 -1.488434 -1.606448 0.067300
38 5 Car 0 0 13.765436 349.220000 114.118000 379.460000 194.975000 1.680600 3.702000 1.648200 7.779990 -2.806612 -1.683870 0.047200
39 3 Car 0 0 15.167869 349.220000 114.118000 379.460000 194.975000 1.407600 4.009200 1.578400 19.737686 -1.267257 -1.631947 0.088900
39 5 Car 0 0 13.836325 349.220000 114.118000 379.460000 194.975000 1.636600 3.762800 1.642800 8.179108 -2.616111 -1.716849 0.072200
40 3 Car 0 0 15.135512 349.220000 114.118000 379.460000 194.975000 1.412500 4.040400 1.607100 20.105174 -1.130068 -1.631534 0.063900
40 5 Car 0 0 13.831060 349.220000 114.118000 379.460000 194.975000 1.641900 3.724600 1.646500 8.483128 -2.488075 -1.674844 0.089100
41 3 Car 0 0 15.198617 349.220000 114.118000 379.460000 194.975000 1.461500 4.203700 1.639400 20.568980 -0.919869 -1.681410 0.075100
41 5 Car 0 0 13.936008 349.220000 114.118000 379.460000 194.975000 1.689100 3.813900 1.638700 8.836250 -2.338746 -1.695075 0.095900
42 3 Car 0 0 15.171841 349.220000 114.118000 379.460000 194.975000 1.438300 4.077800 1.634800 20.935491 -0.701462 -1.646641 0.105500
42 5 Car 0 0 13.950626 349.220000 114.118000 379.460000 194.975000 1.632000 3.750000 1.657500 9.171546 -2.221116 -1.650132 0.082500
43 3 Car 0 0 15.121639 349.220000 114.118000 379.460000 194.975000 1.458400 3.968400 1.624000 21.244296 -0.547847 -1.681968 0.091800
43 5 Car 0 0 13.993826 349.220000 114.118000 379.460000 194.975000 1.675600 3.829900 1.643200 9.547249 -2.048000 -1.704382 0.082900
44 3 Car 0 0 15.157619 349.220000 114.118000 379.460000 194.975000 1.441800 3.968300 1.585900 21.647139 -0.379299 -1.301601 0.113500
44 5 Car 0 0 14.051407 349.220000 114.118000 379.460000 194.975000 1.633500 3.779300 1.648300 9.852914 -1.890416 -1.521079 0.118300
45 3 Car 0 0 15.158982 349.220000 114.118000 379.460000 194.975000 1.434300 4.039900 1.612400 22.086442 -0.305301 -1.404336 0.124100
45 5 Car 0 0 14.088092 349.220000 114.118000 379.460000 194.975000 1.584700 3.777300 1.652600 10.246836 -1.816448 -1.531772 0.089800
46 3 Car 0 0 15.128153 349.220000 114.118000 379.460000 194.975000 1.408000 4.038600 1.591800 22.443666 -0.072073 -1.649299 0.116400
46 5 Car 0 0 14.105832 349.220000 114.118000 379.460000 194.975000 1.645500 3.820800 1.666200 10.602644 -1.643358 -1.694718 0.113400
46 6 Car 0 0 0.000000 349.220000 114.118000 379.460000 194.975000 1.514800 3.873400 1.598300 -53.926396 -0.453155 -0.881963 -3.044400
47 3 Car 0 0 15.131876 349.220000 114.118000 379.460000 194.975000 1.484300 3.990000 1.664700 22.764938 0.095171 -1.589715 0.111600
47 5 Car 0 0 14.132733 349.220000 114.118000 379.460000 194.975000 1.619000 3.756200 1.684400 10.867533 -1.496498 -1.646274 0.117300
48 3 Car 0 0 15.117163 349.220000 114.118000 379.460000 194.975000 1.442600 3.954100 1.623500 23.162958 0.196985 -1.551308 0.127300
48 5 Car 0 0 14.168213 349.220000 114.118000 379.460000 194.975000 1.581200 3.781800 1.650100 11.259739 -1.344859 -1.586783 0.143700
49 3 Car 0 0 15.140138 349.220000 114.118000 379.460000 194.975000 1.474400 4.243700 1.653400 23.642064 0.324486 -1.506168 0.104600
49 5 Car 0 0 14.198063 349.220000 114.118000 379.460000 194.975000 1.594400 3.765800 1.645900 11.649461 -1.225916 -1.551460 0.131900
50 3 Car 0 0 15.115912 349.220000 114.118000 379.460000 194.975000 1.412600 3.995000 1.580700 23.896054 0.515030 -1.488263 0.099800
50 5 Car 0 0 14.243543 349.220000 114.118000 379.460000 194.975000 1.624200 3.753100 1.634500 11.966471 -1.130282 -1.591616 0.106800
51 3 Car 0 0 15.079694 349.220000 114.118000 379.460000 194.975000 1.456200 4.025000 1.628200 24.216460 0.751637 -1.182822 0.131700
51 5 Car 0 0 14.226378 349.220000 114.118000 379.460000 194.975000 1.606400 3.730100 1.644600 12.269574 -1.030326 -1.469032 0.075700
52 3 Car 0 0 15.123482 349.220000 114.118000 379.460000 194.975000 1.418200 4.024500 1.566100 24.628310 0.889953 -1.605614 0.125500
52 5 Car 0 0 14.294332 349.220000 114.118000 379.460000 194.975000 1.573700 3.863200 1.646500 12.628120 -0.927314 -1.591994 0.101700
53 3 Car 0 0 15.126681 349.220000 114.118000 379.460000 194.975000 1.403200 4.102600 1.568000 25.056360 0.979898 -1.623209 0.114300
53 5 Car 0 0 14.354682 349.220000 114.118000 379.460000 194.975000 1.614500 3.847900 1.689000 13.086251 -0.796140 -1.618536 0.117900
53 7 Car 0 0 0.000000 349.220000 114.118000 379.460000 194.975000 1.578900 4.018000 1.667400 -61.793967 -0.000033 -1.524780 -2.659400
54 3 Car 0 0 15.113271 349.220000 114.118000 379.460000 194.975000 1.463300 4.112900 1.606500 25.435077 1.109083 -1.684941 0.159200
54 5 Car 0 0 14.367105 349.220000 114.118000 379.460000 194.975000 1.643300 3.832400 1.696100 13.449814 -0.708513 -1.645082 0.095000
55 3 Car 0 0 15.066112 349.220000 114.118000 379.460000 194.975000 1.364800 3.588100 1.494700 25.611647 1.297878 -1.205982 0.178800
55 5 Car 0 0 14.426549 349.220000 114.118000 379.460000 194.975000 1.544700 3.783600 1.642600 13.795460 -0.547440 -1.403083 0.110000
56 3 Car 0 0 15.080770 349.220000 114.118000 379.460000 194.975000 1.373300 3.857600 1.515100 26.065698 1.297819 -1.575534 0.120000
56 5 Car 0 0 14.440973 349.220000 114.118000 379.460000 194.975000 1.645000 3.727600 1.668500 14.168242 -0.481034 -1.601487 0.106500
56 8 Car 0 0 1.034649 349.220000 114.118000 379.460000 194.975000 1.509500 4.008300 1.631600 44.713221 25.834105 -1.586332 3.089400
56 9 Car 0 0 1.056879 349.220000 114.118000 379.460000 194.975000 1.567800 4.282000 1.712600 53.273124 26.952471 -0.993395 3.073900
57 3 Car 0 0 15.042301 349.220000 114.118000 379.460000 194.975000 1.388100 3.714400 1.522100 26.395625 1.248293 -1.627366 0.044200
57 5 Car 0 0 14.486554 349.220000 114.118000 379.460000 194.975000 1.614100 4.003000 1.674400 14.614362 -0.418531 -1.620331 0.098300
57 8 Car 0 0 0.302661 349.220000 114.118000 379.460000 194.975000 1.509500 4.008300 1.631600 43.696145 25.597446 -1.586332 3.089400
57 9 Car 0 0 1.729835 349.220000 114.118000 379.460000 194.975000 1.567800 4.282000 1.712600 52.355062 26.567703 -0.993395 3.073900
58 3 Car 0 0 15.062373 349.220000 114.118000 379.460000 194.975000 1.384200 3.732400 1.513500 26.745130 1.218888 -1.636043 0.038100
58 5 Car 0 0 14.537840 349.220000 114.118000 379.460000 194.975000 1.565800 3.895900 1.650200 14.968629 -0.396293 -1.589128 0.112000
58 8 Car 0 0 0.658473 349.220000 114.118000 379.460000 194.975000 1.509500 4.008300 1.631600 42.533431 25.495486 -1.586332 3.089400
58 9 Car 0 0 1.028918 349.220000 114.118000 379.460000 194.975000 1.567800 4.282000 1.712600 51.299728 26.416696 -0.993395 3.073900
59 3 Car 0 0 15.067608 349.220000 114.118000 379.460000 194.975000 1.429100 3.842800 1.539600 27.163174 1.344847 -1.690297 0.167400
59 5 Car 0 0 14.551517 349.220000 114.118000 379.460000 194.975000 1.582600 3.949900 1.649800 15.348433 -0.298184 -1.595223 0.094300
59 9 Car 0 0 1.266688 349.220000 114.118000 379.460000 194.975000 1.567800 4.282000 1.712600 50.233242 26.140778 -0.993395 3.073900
59 8 Car 0 0 0.658473 349.220000 114.118000 379.460000 194.975000 1.509500 4.008300 1.631600 41.503102 25.381769 -1.586332 3.089400
60 3 Car 0 0 15.041547 349.220000 114.118000 379.460000 194.975000 1.476800 3.723600 1.572600 27.489260 1.507001 -1.641404 0.104400
60 5 Car 0 0 14.521224 349.220000 114.118000 379.460000 194.975000 1.625400 3.778600 1.689400 15.626560 -0.188334 -1.636884 0.095000
60 9 Car 0 0 1.287767 349.220000 114.118000 379.460000 194.975000 1.567800 4.282000 1.712600 49.289099 25.945733 -0.993395 3.073900
60 8 Car 0 0 -0.126914 349.220000 114.118000 379.460000 194.975000 1.509500 4.008300 1.631600 40.341112 25.022756 -1.586332 3.089400
61 3 Car 0 0 15.091773 349.220000 114.118000 379.460000 194.975000 1.481400 3.921400 1.576500 27.910863 1.514501 -1.638206 0.036000
61 5 Car 0 0 14.570766 349.220000 114.118000 379.460000 194.975000 1.629200 3.769100 1.629300 15.962833 -0.061598 -1.610805 0.127500
61 9 Car 0 0 1.057946 349.220000 114.118000 379.460000 194.975000 1.567800 4.282000 1.712600 48.115040 25.850339 -0.993395 3.073900
61 8 Car 0 0 -0.111515 349.220000 114.118000 379.460000 194.975000 1.509500 4.008300 1.631600 39.326740 24.934969 -1.586332 3.089400
62 3 Car 0 0 15.054489 349.220000 114.118000 379.460000 194.975000 1.411100 3.523900 1.519400 28.220488 1.546279 -1.335863 0.099800
62 5 Car 0 0 14.653059 349.220000 114.118000 379.460000 194.975000 1.665200 4.218900 1.640500 16.503782 -0.009867 -1.466548 0.092800
62 9 Car 0 0 0.954933 349.220000 114.118000 379.460000 194.975000 1.567800 4.282000 1.712600 47.182416 25.737669 -0.993395 3.073900
62 8 Car 0 0 -0.028415 349.220000 114.118000 379.460000 194.975000 1.467400 3.870000 1.577900 38.318516 24.882427 -1.097655 3.127300
63 3 Car 0 0 15.029872 349.220000 114.118000 379.460000 194.975000 1.450800 3.608400 1.585400 28.545687 1.722574 -1.800880 0.131000
63 5 Car 0 0 14.661871 349.220000 114.118000 379.460000 194.975000 1.591300 4.136200 1.642400 16.867121 0.128016 -1.678638 0.092700
63 9 Car 0 0 0.748711 349.220000 114.118000 379.460000 194.975000 1.567800 4.282000 1.712600 46.056401 25.652590 -0.993395 3.073900
63 8 Car 0 0 0.005319 349.220000 114.118000 379.460000 194.975000 1.467400 3.870000 1.577900 37.257913 24.813956 -1.097655 3.127300
64 3 Car 0 0 15.052993 349.220000 114.118000 379.460000 194.975000 1.441200 3.754800 1.561100 28.868674 1.888930 -1.914164 0.141700
64 5 Car 0 0 14.659892 349.220000 114.118000 379.460000 194.975000 1.591600 4.064500 1.668600 17.102209 0.214397 -1.735029 0.084600
64 9 Car 0 0 0.550702 349.220000 114.118000 379.460000 194.975000 1.567800 4.282000 1.712600 44.950754 25.612818 -0.993395 3.073900
64 8 Car 0 0 -0.055510 349.220000 114.118000 379.460000 194.975000 1.467400 3.870000 1.577900 36.240424 24.721709 -1.097655 3.127300
65 3 Car 0 0 15.096292 349.220000 114.118000 379.460000 194.975000 1.451400 3.837700 1.568200 29.366379 1.955247 -1.802840 0.132000
65 5 Car 0 0 14.691028 349.220000 114.118000 379.460000 194.975000 1.627400 4.270200 1.655800 17.519153 0.309990 -1.720764 0.107000
65 9 Car 0 0 0.404631 349.220000 114.118000 379.460000 194.975000 1.567800 4.282000 1.712600 43.780402 25.542403 -0.993395 3.073900
65 8 Car 0 0 -0.117130 349.220000 114.118000 379.460000 194.975000 1.467400 3.870000 1.577900 35.153085 24.652582 -1.097655 3.127300
66 3 Car 0 0 15.027247 349.220000 114.118000 379.460000 194.975000 1.406700 3.609100 1.502500 29.579411 2.102908 -1.581734 0.123000
66 5 Car 0 0 14.656119 349.220000 114.118000 379.460000 194.975000 1.605900 4.068200 1.657600 17.784450 0.420911 -1.591950 0.114000
66 9 Car 0 0 0.511545 349.220000 114.118000 379.460000 194.975000 1.567800 4.282000 1.712600 42.776906 25.386982 -0.993395 3.073900
66 8 Car 0 0 -0.275274 349.220000 114.118000 379.460000 194.975000 1.467400 3.870000 1.577900 34.028015 24.658077 -1.097655 3.127300
67 3 Car 0 0 15.037095 349.220000 114.118000 379.460000 194.975000 1.485400 3.756300 1.564400 29.889081 2.017202 -1.058087 -0.034800
67 5 Car 0 0 14.720319 349.220000 114.118000 379.460000 194.975000 1.584500 4.423900 1.659500 18.152266 0.545001 -1.253183 0.111600
67 9 Car 0 0 0.394527 349.220000 114.118000 379.460000 194.975000 1.567800 4.282000 1.712600 41.643792 25.314186 -0.993395 3.073900
67 8 Car 0 0 -0.355447 349.220000 114.118000 379.460000 194.975000 1.458100 3.872100 1.564800 32.813613 24.616994 -0.990505 3.138200
68 3 Car 0 0 15.062425 349.220000 114.118000 379.460000 194.975000 1.456600 3.805000 1.552900 30.337257 1.886199 -1.488008 -0.108300
68 5 Car 0 0 14.758201 349.220000 114.118000 379.460000 194.975000 1.665000 4.352900 1.690700 18.585546 0.613070 -1.566725 0.093200
68 9 Car 0 0 0.144577 349.220000 114.118000 379.460000 194.975000 1.567800 4.282000 1.712600 40.531751 25.333560 -0.993395 3.073900
68 8 Car 0 0 -0.221601 349.220000 114.118000 379.460000 194.975000 1.458100 3.872100 1.564800 31.743352 24.472131 -0.990505 3.138200
69 3 Car 0 0 15.092124 349.220000 114.118000 379.460000 194.975000 1.512600 3.804000 1.599300 30.796277 2.010279 -1.656316 0.074400
69 5 Car 0 0 14.743854 349.220000 114.118000 379.460000 194.975000 1.664000 4.456400 1.657100 18.894712 0.673276 -1.601100 0.079400
69 9 Car 0 0 0.274003 349.220000 114.118000 379.460000 194.975000 1.567800 4.282000 1.712600 39.577362 25.149190 -0.993395 3.073900
69 8 Car 0 0 -0.260243 349.220000 114.118000 379.460000 194.975000 1.458100 3.872100 1.564800 30.660355 24.410784 -0.990505 3.138200
70 3 Car 0 0 15.074480 349.220000 114.118000 379.460000 194.975000 1.490900 3.899100 1.573700 31.011886 2.054906 -1.719855 0.034200
70 5 Car 0 0 14.713648 349.220000 114.118000 379.460000 194.975000 1.619000 4.336700 1.627300 19.043515 0.771139 -1.610034 0.115700
70 9 Car 0 0 0.387899 349.220000 114.118000 379.460000 194.975000 1.567800 4.282000 1.712600 38.644084 24.951489 -0.993395 3.073900
70 8 Car 0 0 -0.268925 349.220000 114.118000 379.460000 194.975000 1.458100 3.872100 1.564800 29.456292 24.310920 -0.990505 3.138200
71 3 Car 0 0 15.051374 349.220000 114.118000 379.460000 194.975000 1.474000 3.997000 1.574700 31.331454 2.051496 -1.278117 -0.036600
71 5 Car 0 0 14.713365 349.220000 114.118000 379.460000 194.975000 1.601500 4.397400 1.678700 19.384476 0.763270 -1.355201 0.039000
71 9 Car 0 0 0.232158 349.220000 114.118000 379.460000 194.975000 1.567800 4.282000 1.712600 37.421856 24.901441 -0.993395 3.073900
71 8 Car 0 0 -0.268925 349.220000 114.118000 379.460000 194.975000 1.458100 3.872100 1.564800 28.406801 24.210553 -0.990505 3.138200
72 3 Car 0 0 15.098138 349.220000 114.118000 379.460000 194.975000 1.481500 3.879200 1.577200 31.691012 2.175390 -1.659423 0.111200
72 5 Car 0 0 14.735647 349.220000 114.118000 379.460000 194.975000 1.595100 4.242900 1.641100 19.657912 0.754168 -1.641865 0.062500
72 9 Car 0 0 0.218910 349.220000 114.118000 379.460000 194.975000 1.567800 4.282000 1.712600 36.202047 24.728751 -0.993395 3.073900
73 3 Car 0 0 15.069166 349.220000 114.118000 379.460000 194.975000 1.481500 3.879200 1.577200 32.009793 2.052318 -1.659423 0.111200
73 5 Car 0 0 14.718696 349.220000 114.118000 379.460000 194.975000 1.599400 4.289600 1.654900 19.951139 0.679494 -1.337029 0.051700
73 9 Car 0 0 0.316609 349.220000 114.118000 379.460000 194.975000 1.567800 4.282000 1.712600 35.237279 24.531800 -0.993395 3.073900
74 3 Car 0 0 15.061383 349.220000 114.118000 379.460000 194.975000 1.481500 3.879200 1.577200 32.336572 2.206010 -1.659423 0.111200
74 5 Car 0 0 14.669697 349.220000 114.118000 379.460000 194.975000 1.588200 4.150900 1.642000 20.164069 0.722678 -1.610901 0.051400
74 9 Car 0 0 0.204599 349.220000 114.118000 379.460000 194.975000 1.567800 4.282000 1.712600 34.104506 24.431869 -0.993395 3.073900
75 3 Car 0 0 15.128158 349.220000 114.118000 379.460000 194.975000 1.456800 3.820000 1.589600 32.738433 2.249397 -1.643929 0.437200
75 5 Car 0 0 14.680673 349.220000 114.118000 379.460000 194.975000 1.622000 4.246800 1.671700 20.388410 0.794664 -1.647505 0.036100
75 9 Car 0 0 0.201202 349.220000 114.118000 379.460000 194.975000 1.567800 4.282000 1.712600 33.141423 24.303631 -0.993395 3.073900
76 5 Car 0 0 14.684931 349.220000 114.118000 379.460000 194.975000 1.585800 4.316200 1.629600 20.718832 0.810966 -1.623600 0.027600
76 9 Car 0 0 0.138674 349.220000 114.118000 379.460000 194.975000 1.567800 4.282000 1.712600 32.058526 24.203382 -0.993395 3.073900
76 3 Car 0 0 15.128158 349.220000 114.118000 379.460000 194.975000 1.456800 3.820000 1.589600 31.610698 2.103392 -1.643929 0.437200
77 5 Car 0 0 14.682223 349.220000 114.118000 379.460000 194.975000 1.603500 4.527600 1.703000 21.042500 0.732690 -1.590602 -0.002000
77 9 Car 0 0 0.132718 349.220000 114.118000 379.460000 194.975000 1.567800 4.282000 1.712600 30.979359 24.082972 -0.993395 3.073900
78 5 Car 0 0 14.701505 349.220000 114.118000 379.460000 194.975000 1.574600 4.525100 1.640400 21.287614 0.743024 -1.582898 0.026000
78 9 Car 0 0 0.185242 349.220000 114.118000 379.460000 194.975000 1.567800 4.282000 1.712600 30.002969 23.917887 -0.993395 3.073900
79 5 Car 0 0 14.627676 349.220000 114.118000 379.460000 194.975000 1.583800 4.128200 1.607900 21.428903 0.730734 -1.592844 0.021200
79 9 Car 0 0 0.217347 349.220000 114.118000 379.460000 194.975000 1.567800 4.282000 1.712600 29.070413 23.759694 -0.993395 3.073900
80 5 Car 0 0 14.611398 349.220000 114.118000 379.460000 194.975000 1.578900 4.421600 1.671400 21.703351 0.677094 -1.356051 0.035300
80 9 Car 0 0 0.219818 349.220000 114.118000 379.460000 194.975000 1.567800 4.282000 1.712600 28.017350 23.607644 -0.993395 3.073900
81 5 Car 0 0 14.646151 349.220000 114.118000 379.460000 194.975000 1.596600 4.490900 1.679700 21.986600 0.644269 -1.670326 0.005900
81 9 Car 0 0 0.184472 349.220000 114.118000 379.460000 194.975000 1.567800 4.282000 1.712600 26.958412 23.535159 -0.993395 3.073900
82 5 Car 0 0 14.623182 349.220000 114.118000 379.460000 194.975000 1.605800 4.488400 1.646100 22.243293 0.677429 -1.659275 0.039500
82 9 Car 0 0 0.220220 349.220000 114.118000 379.460000 194.975000 1.553700 3.973300 1.644200 26.086194 23.465214 -1.155437 3.117000
83 5 Car 0 0 14.565951 349.220000 114.118000 379.460000 194.975000 1.711900 4.242200 1.692600 22.416652 0.713547 -1.655897 0.044300
83 9 Car 0 0 0.220220 349.220000 114.118000 379.460000 194.975000 1.553700 3.973300 1.644200 25.015771 23.391087 -1.155437 3.117000
84 5 Car 0 0 14.595775 349.220000 114.118000 379.460000 194.975000 1.582600 4.325800 1.641300 22.690350 0.645719 -1.531302 -0.007200
85 5 Car 0 0 14.608112 349.220000 114.118000 379.460000 194.975000 1.654400 4.554900 1.655400 23.033231 0.626802 -1.599595 -0.036500
86 5 Car 0 0 14.588020 349.220000 114.118000 379.460000 194.975000 1.627100 4.485300 1.691400 23.181011 0.668120 -1.584175 0.012900
87 5 Car 0 0 14.579639 349.220000 114.118000 379.460000 194.975000 1.588400 4.434900 1.637700 23.463753 0.734737 -1.505153 0.050800
88 5 Car 0 0 14.572293 349.220000 114.118000 379.460000 194.975000 1.555900 4.460100 1.623200 23.766478 0.641993 -1.495789 -0.034200
89 5 Car 0 0 14.583673 349.220000 114.118000 379.460000 194.975000 1.588500 4.553600 1.648400 23.987746 0.620698 -1.571747 -0.001600
89 10 Car 0 0 3.192072 349.220000 114.118000 379.460000 194.975000 1.468600 3.672400 1.574800 43.488784 34.385274 -0.315782 -1.592400
90 5 Car 0 0 14.560016 349.220000 114.118000 379.460000 194.975000 1.587600 4.429600 1.661300 24.243343 0.653996 -1.585525 0.025700
90 10 Car 0 0 3.192072 349.220000 114.118000 379.460000 194.975000 1.468600 3.672400 1.574800 42.420561 34.314196 -0.315782 -1.592400
91 5 Car 0 0 14.586639 349.220000 114.118000 379.460000 194.975000 1.576800 4.548500 1.660000 24.620595 0.620352 -1.586506 0.009400
92 5 Car 0 0 14.607338 349.220000 114.118000 379.460000 194.975000 1.602400 4.526400 1.648600 24.878250 0.636934 -1.547040 0.020400
93 5 Car 0 0 14.584967 349.220000 114.118000 379.460000 194.975000 1.549900 4.424600 1.652100 25.146217 0.602841 -1.498837 -0.042400
94 5 Car 0 0 14.573371 349.220000 114.118000 379.460000 194.975000 1.586800 4.490700 1.632600 25.437392 0.624867 -1.382999 -0.032800
95 5 Car 0 0 14.615904 349.220000 114.118000 379.460000 194.975000 1.569000 4.498300 1.665500 25.736971 0.666117 -0.947154 0.005000
96 5 Car 0 0 14.609873 349.220000 114.118000 379.460000 194.975000 1.613400 4.453600 1.644400 26.042537 0.639213 -1.550936 -0.025400
96 11 Car 0 0 0.000000 349.220000 114.118000 379.460000 194.975000 1.454700 3.780200 1.554600 -111.236962 10.369929 0.482658 -3.062600
97 5 Car 0 0 14.664748 349.220000 114.118000 379.460000 194.975000 1.573900 4.515000 1.651600 26.368785 0.607354 -1.583457 -0.033800
98 5 Car 0 0 14.681963 349.220000 114.118000 379.460000 194.975000 1.563900 4.445500 1.629100 26.721808 0.611985 -1.575975 -0.004100
98 12 Car 0 0 0.000000 349.220000 114.118000 379.460000 194.975000 1.479800 3.935500 1.586000 -113.624506 10.587231 -0.907152 -2.662000
99 5 Car 0 0 14.686305 349.220000 114.118000 379.460000 194.975000 1.553000 4.462000 1.626000 27.037014 0.640833 -1.579831 -0.008400
100 5 Car 0 0 14.709042 349.220000 114.118000 379.460000 194.975000 1.603500 4.424100 1.621400 27.273665 0.705581 -1.272057 -0.010300
101 5 Car 0 0 14.748983 349.220000 114.118000 379.460000 194.975000 1.577800 4.536700 1.642200 27.670635 0.674984 -1.639065 0.021700
102 5 Car 0 0 14.709256 349.220000 114.118000 379.460000 194.975000 1.566700 4.229000 1.650300 27.874877 0.594378 -1.653670 -0.048000
103 5 Car 0 0 14.790232 349.220000 114.118000 379.460000 194.975000 1.589700 4.456100 1.623700 28.234120 0.587439 -1.587282 0.004000
103 13 Car 0 0 0.000000 349.220000 114.118000 379.460000 194.975000 1.508500 3.924800 1.602900 -119.646851 11.129174 -1.299562 -2.538400
103 14 Car 0 0 0.000000 349.220000 114.118000 379.460000 194.975000 1.502800 3.765800 1.587700 -119.646851 11.129174 -1.220447 -2.649000
104 5 Car 0 0 14.846269 349.220000 114.118000 379.460000 194.975000 1.581400 4.528200 1.640400 28.653925 0.561677 -1.548917 0.003600
105 5 Car 0 0 14.857155 349.220000 114.118000 379.460000 194.975000 1.574700 4.391400 1.614500 28.967457 0.558988 -1.596629 0.002800
105 15 Car 0 0 1.710402 349.220000 114.118000 379.460000 194.975000 1.512500 3.961600 1.597900 50.161612 23.791093 -1.144879 -3.044700
106 5 Car 0 0 14.895059 349.220000 114.118000 379.460000 194.975000 1.589900 4.355600 1.605500 29.214875 0.586797 -1.184553 -0.053800
106 15 Car 0 0 1.531634 349.220000 114.118000 379.460000 194.975000 1.514600 4.170700 1.634400 48.774824 23.845824 -0.434893 -3.081400
106 16 Car 0 0 0.255958 349.220000 114.118000 379.460000 194.975000 1.535700 3.879900 1.601300 55.351450 24.540213 -0.362905 -2.724900
107 5 Car 0 0 14.952998 349.220000 114.118000 379.460000 194.975000 1.608100 4.523300 1.634400 29.623191 0.609228 -1.596822 0.004500
107 15 Car 0 0 1.060524 349.220000 114.118000 379.460000 194.975000 1.463700 4.079100 1.594600 47.597676 23.782441 -1.138819 -3.056000
107 16 Car 0 0 0.207234 349.220000 114.118000 379.460000 194.975000 1.535700 3.879900 1.601300 54.154838 24.514205 -0.362905 -2.724900
108 5 Car 0 0 15.039000 349.220000 114.118000 379.460000 194.975000 1.592200 4.594100 1.648300 29.974942 0.570845 -1.576539 -0.037800
108 15 Car 0 0 0.658609 349.220000 114.118000 379.460000 194.975000 1.497400 4.100500 1.635900 46.443221 23.699978 -1.276367 -3.039900
108 16 Car 0 0 -0.661069 349.220000 114.118000 379.460000 194.975000 1.535700 3.879900 1.601300 52.912413 24.361637 -0.362905 -2.724900
108 17 Car 0 0 5.209889 349.220000 114.118000 379.460000 194.975000 1.460700 3.738100 1.542000 40.426501 23.607824 -1.105932 -3.098900
109 5 Car 0 0 15.080723 349.220000 114.118000 379.460000 194.975000 1.625700 4.530400 1.640900 30.345930 0.505256 -1.632250 -0.033900
109 15 Car 0 0 0.330901 349.220000 114.118000 379.460000 194.975000 1.582200 4.127100 1.677800 45.312834 23.583183 -1.297297 -3.122800
109 17 Car 0 0 4.968941 349.220000 114.118000 379.460000 194.975000 1.460700 3.738100 1.542000 39.191571 23.470065 -1.105932 -3.098900
109 16 Car 0 0 -0.661069 349.220000 114.118000 379.460000 194.975000 1.535700 3.879900 1.601300 51.708029 24.328258 -0.362905 -2.724900
110 5 Car 0 0 15.032842 349.220000 114.118000 379.460000 194.975000 1.480700 4.119500 1.577400 30.502695 0.481685 -1.773531 -0.044100
110 15 Car 0 0 0.166277 349.220000 114.118000 379.460000 194.975000 1.471200 3.986800 1.598300 44.019937 23.485695 -1.367544 -3.069300
110 17 Car 0 0 4.560361 349.220000 114.118000 379.460000 194.975000 1.460700 3.738100 1.542000 37.948620 23.247712 -1.105932 -3.098900
110 16 Car 0 0 -2.005172 349.220000 114.118000 379.460000 194.975000 1.535700 3.879900 1.601300 50.619639 23.990571 -0.362905 -2.724900
111 5 Car 0 0 15.090756 349.220000 114.118000 379.460000 194.975000 1.595900 4.542000 1.645100 30.888868 0.494399 -1.767855 -0.000000
111 15 Car 0 0 -0.039164 349.220000 114.118000 379.460000 194.975000 1.471200 3.986800 1.598300 42.751577 23.367440 -1.367544 -3.069300
111 17 Car 0 0 3.974774 349.220000 114.118000 379.460000 194.975000 1.460700 3.738100 1.542000 36.726128 23.071726 -1.105932 -3.098900
111 16 Car 0 0 -1.864260 349.220000 114.118000 379.460000 194.975000 1.494700 4.128800 1.617700 49.391594 23.825874 -1.477531 -3.034700
112 5 Car 0 0 15.166048 349.220000 114.118000 379.460000 194.975000 1.580000 4.442700 1.625300 31.180915 0.457419 -1.740616 -0.051000
112 15 Car 0 0 -0.022820 349.220000 114.118000 379.460000 194.975000 1.471200 3.986800 1.598300 41.536776 23.317485 -1.367544 -3.069300
112 17 Car 0 0 3.236742 349.220000 114.118000 379.460000 194.975000 1.460700 3.738100 1.542000 35.447036 23.092877 -1.105932 -3.098900
112 16 Car 0 0 -1.858321 349.220000 114.118000 379.460000 194.975000 1.520800 4.042300 1.623900 48.108082 23.680079 -1.474474 -3.104400
113 5 Car 0 0 15.222825 349.220000 114.118000 379.460000 194.975000 1.626200 4.586100 1.662900 31.551705 0.506903 -1.685163 0.014700
113 15 Car 0 0 -0.101111 349.220000 114.118000 379.460000 194.975000 1.507700 4.142900 1.610700 40.298241 23.257137 -1.391037 -3.103200
113 17 Car 0 0 2.598692 349.220000 114.118000 379.460000 194.975000 1.460700 3.738100 1.542000 34.138056 23.140467 -1.105932 -3.098900
113 16 Car 0 0 -1.802378 349.220000 114.118000 379.460000 194.975000 1.564800 4.158300 1.665800 46.909462 23.529113 -1.381353 -2.940400
114 5 Car 0 0 15.307294 349.220000 114.118000 379.460000 194.975000 1.593700 4.462800 1.628700 31.854094 0.499906 -1.543620 -0.030600
114 15 Car 0 0 0.102046 349.220000 114.118000 379.460000 194.975000 1.585800 4.205300 1.670400 38.950990 23.253513 -1.177510 -3.084400
114 17 Car 0 0 2.228900 349.220000 114.118000 379.460000 194.975000 1.460700 3.738100 1.542000 32.847726 23.173017 -1.105932 -3.098900
114 16 Car 0 0 -1.746987 349.220000 114.118000 379.460000 194.975000 1.564800 4.158300 1.665800 45.563991 23.389154 -1.381353 -2.940400
115 5 Car 0 0 15.344797 349.220000 114.118000 379.460000 194.975000 1.595700 4.501300 1.649400 32.189460 0.316399 -1.146999 -0.078100
115 15 Car 0 0 -0.205892 349.220000 114.118000 379.460000 194.975000 1.525800 4.306600 1.675900 37.758071 23.136930 -0.647979 -3.110100
115 17 Car 0 0 2.235960 349.220000 114.118000 379.460000 194.975000 1.460700 3.738100 1.542000 31.735703 22.985989 -1.105932 -3.098900
115 16 Car 0 0 -1.746987 349.220000 114.118000 379.460000 194.975000 1.564800 4.158300 1.665800 44.304794 23.354835 -1.381353 -2.940400
116 5 Car 0 0 15.376636 349.220000 114.118000 379.460000 194.975000 1.621700 4.585300 1.650800 32.490667 0.382375 -1.624251 -0.014400
116 15 Car 0 0 0.084678 349.220000 114.118000 379.460000 194.975000 1.484300 3.986800 1.595300 36.378501 23.159509 -1.361677 -3.089500
116 17 Car 0 0 2.023880 349.220000 114.118000 379.460000 194.975000 1.460700 3.738100 1.542000 30.481605 22.907322 -1.105932 -3.098900
116 16 Car 0 0 0.001096 349.220000 114.118000 379.460000 194.975000 1.414700 3.788800 1.524800 42.641231 23.859746 -1.336204 -3.038600
117 5 Car 0 0 15.371538 349.220000 114.118000 379.460000 194.975000 1.521800 4.295200 1.598600 32.576312 0.502411 -1.696348 0.053100
117 15 Car 0 0 -0.043727 349.220000 114.118000 379.460000 194.975000 1.457800 3.791500 1.582600 34.850311 23.093214 -1.451770 -3.083300
117 17 Car 0 0 1.686303 349.220000 114.118000 379.460000 194.975000 1.460700 3.738100 1.542000 29.066606 22.963920 -1.105932 -3.098900
117 16 Car 0 0 0.001096 349.220000 114.118000 379.460000 194.975000 1.414700 3.788800 1.524800 41.241260 23.819044 -1.336204 -3.038600
118 5 Car 0 0 15.358092 349.220000 114.118000 379.460000 194.975000 1.458600 4.125000 1.601700 32.759605 0.586890 -1.712221 0.080700
118 15 Car 0 0 0.162242 349.220000 114.118000 379.460000 194.975000 1.515000 4.049200 1.659500 33.564218 23.116088 -1.519033 -3.036000
118 17 Car 0 0 1.330914 349.220000 114.118000 379.460000 194.975000 1.460700 3.738100 1.542000 27.602310 23.028409 -1.105932 -3.098900
118 16 Car 0 0 -1.624894 349.220000 114.118000 379.460000 194.975000 1.482500 4.112800 1.628400 40.335195 23.441892 -1.516438 -3.137500
119 5 Car 0 0 15.380457 349.220000 114.118000 379.460000 194.975000 1.550100 4.340600 1.606500 33.027176 0.483050 -1.737514 -0.015000
119 15 Car 0 0 0.052144 349.220000 114.118000 379.460000 194.975000 1.515000 4.049200 1.659500 32.078187 23.066382 -1.519033 -3.036000
119 16 Car 0 0 -1.636351 349.220000 114.118000 379.460000 194.975000 1.462900 4.058400 1.630500 39.082319 23.465459 -1.511777 -3.124800
119 17 Car 0 0 1.330914 349.220000 114.118000 379.460000 194.975000 1.460700 3.738100 1.542000 26.299410 23.017799 -1.105932 -3.098900
120 5 Car 0 0 15.479817 349.220000 114.118000 379.460000 194.975000 1.670300 4.449700 1.685500 33.304000 0.449842 -1.727048 0.001300
120 16 Car 0 0 -1.580971 349.220000 114.118000 379.460000 194.975000 1.461200 4.047000 1.637100 37.631941 23.380299 -1.490437 -3.114800
120 15 Car 0 0 0.052144 349.220000 114.118000 379.460000 194.975000 1.515000 4.049200 1.659500 30.631757 23.054169 -1.519033 -3.036000
121 5 Car 0 0 15.484793 349.220000 114.118000 379.460000 194.975000 1.578700 4.430400 1.627400 33.513945 0.511965 -1.135736 -0.019200
121 16 Car 0 0 -1.536653 349.220000 114.118000 379.460000 194.975000 1.455600 4.037700 1.617100 36.245136 23.330162 -0.899527 -3.140400
121 15 Car 0 0 0.431342 349.220000 114.118000 379.460000 194.975000 1.594300 4.590100 1.729300 29.825049 23.130234 -0.979822 -3.117800
122 5 Car 0 0 15.554093 349.220000 114.118000 379.460000 194.975000 1.616100 4.470900 1.634900 33.719983 0.514518 -1.733399 0.020500
122 16 Car 0 0 -1.553721 349.220000 114.118000 379.460000 194.975000 1.463600 4.129800 1.619900 34.874337 23.231124 -1.427744 -3.138300
122 15 Car 0 0 0.407505 349.220000 114.118000 379.460000 194.975000 1.682100 4.531300 1.735000 28.420036 23.128625 -1.454912 -3.061500
123 5 Car 0 0 15.555408 349.220000 114.118000 379.460000 194.975000 1.541300 4.392900 1.620100 33.919397 0.446020 -1.776870 0.016000
123 16 Car 0 0 -1.490805 349.220000 114.118000 379.460000 194.975000 1.463600 4.129800 1.619900 33.557290 23.180782 -1.427744 -3.138300
123 15 Car 0 0 0.407505 349.220000 114.118000 379.460000 194.975000 1.682100 4.531300 1.735000 27.088213 23.115920 -1.454912 -3.061500
124 5 Car 0 0 15.599216 349.220000 114.118000 379.460000 194.975000 1.674100 4.542400 1.640800 34.201599 0.367222 -1.761137 -0.050200
124 16 Car 0 0 -1.386973 349.220000 114.118000 379.460000 194.975000 1.463600 4.129800 1.619900 32.212410 23.145346 -1.427744 -3.138300
125 5 Car 0 0 15.533348 349.220000 114.118000 379.460000 194.975000 1.584000 4.370400 1.595800 34.258334 0.408147 -1.622775 -0.000300
125 16 Car 0 0 -1.336186 349.220000 114.118000 379.460000 194.975000 1.434000 3.562600 1.536900 30.799694 23.076735 -1.394332 -3.126700
126 5 Car 0 0 15.550460 349.220000 114.118000 379.460000 194.975000 1.486800 4.252600 1.590700 34.343367 0.335876 -1.636029 -0.015100
126 16 Car 0 0 -1.244079 349.220000 114.118000 379.460000 194.975000 1.434000 3.562600 1.536900 29.469451 23.045244 -1.394332 -3.126700
127 5 Car 0 0 15.481421 349.220000 114.118000 379.460000 194.975000 1.406200 3.939900 1.530000 34.383524 0.445386 -1.094815 0.041900
127 16 Car 0 0 -1.215192 349.220000 114.118000 379.460000 194.975000 1.434000 3.562600 1.536900 28.300724 23.006677 -1.394332 -3.126700
128 5 Car 0 0 15.503317 349.220000 114.118000 379.460000 194.975000 1.418600 3.946400 1.558100 34.463922 0.559881 -1.572590 0.131800
128 16 Car 0 0 -1.278727 349.220000 114.118000 379.460000 194.975000 1.422500 3.743400 1.554900 27.124875 22.964088 -1.385613 -3.136200
129 5 Car 0 0 15.535988 349.220000 114.118000 379.460000 194.975000 1.541300 4.397400 1.640400 34.732678 0.435967 -1.021469 0.012600
129 16 Car 0 0 -1.207086 349.220000 114.118000 379.460000 194.975000 1.513700 3.916700 1.606800 25.796951 22.880600 -0.865916 -3.079900
130 5 Car 0 0 15.543752 349.220000 114.118000 379.460000 194.975000 1.609900 4.473700 1.626200 34.934489 0.280502 -1.632316 0.024400
130 16 Car 0 0 -1.207086 349.220000 114.118000 379.460000 194.975000 1.513700 3.916700 1.606800 24.477206 22.860955 -0.865916 -3.079900
131 5 Car 0 0 15.578444 349.220000 114.118000 379.460000 194.975000 1.583800 4.511000 1.652900 35.058955 0.352052 -1.048867 0.053000
132 5 Car 0 0 15.632824 349.220000 114.118000 379.460000 194.975000 1.634700 4.649700 1.681900 35.361655 0.253608 -1.551575 0.006500
132 18 Car 0 0 2.112369 349.220000 114.118000 379.460000 194.975000 1.524900 3.753400 1.584500 60.200211 23.731882 -1.476772 3.069100
133 5 Car 0 0 15.577548 349.220000 114.118000 379.460000 194.975000 1.641600 4.539300 1.652100 35.439220 0.229286 -1.460792 -0.004000
133 18 Car 0 0 1.713510 349.220000 114.118000 379.460000 194.975000 1.524900 3.753400 1.584500 58.965620 23.665662 -1.476772 3.069100
134 5 Car 0 0 15.553310 349.220000 114.118000 379.460000 194.975000 1.581500 4.356800 1.606700 35.442880 0.190736 -1.213131 -0.005800
134 18 Car 0 0 1.428623 349.220000 114.118000 379.460000 194.975000 1.524900 3.753400 1.584500 57.613865 23.473901 -1.476772 3.069100
135 5 Car 0 0 15.538913 349.220000 114.118000 379.460000 194.975000 1.639900 4.557300 1.650000 35.605652 0.182516 -1.257318 0.034600
135 18 Car 0 0 1.560100 349.220000 114.118000 379.460000 194.975000 1.479000 3.698700 1.545500 56.139763 23.357654 -0.890325 3.106100
136 5 Car 0 0 15.543318 349.220000 114.118000 379.460000 194.975000 1.588800 4.516900 1.656600 35.810515 0.200171 -1.453570 0.014100
136 18 Car 0 0 1.207483 349.220000 114.118000 379.460000 194.975000 1.479000 3.698700 1.545500 54.799454 23.361067 -0.890325 3.106100
137 5 Car 0 0 15.509270 349.220000 114.118000 379.460000 194.975000 1.573500 4.271800 1.609600 35.804798 0.227326 -1.732092 -0.007600
137 18 Car 0 0 0.859126 349.220000 114.118000 379.460000 194.975000 1.479000 3.698700 1.545500 53.331947 23.404415 -0.890325 3.106100
138 5 Car 0 0 15.508215 349.220000 114.118000 379.460000 194.975000 1.590300 4.493700 1.650300 35.998867 0.227234 -1.897494 0.007500
138 18 Car 0 0 0.631121 349.220000 114.118000 379.460000 194.975000 1.479000 3.698700 1.545500 51.951834 23.455906 -0.890325 3.106100
139 5 Car 0 0 15.497703 349.220000 114.118000 379.460000 194.975000 1.633700 4.598900 1.646500 36.173068 0.328682 -1.699387 0.063600
139 18 Car 0 0 0.339372 349.220000 114.118000 379.460000 194.975000 1.479000 3.698700 1.545500 50.574073 23.549756 -0.890325 3.106100
