3 0 Car 0 0 2.661440 349.220000 114.118000 379.460000 194.975000 1.611100 4.068600 1.732800 24.664229 -21.120975 -1.108444 1.895000
3 1 Car 0 0 5.880996 349.220000 114.118000 379.460000 194.975000 1.520600 4.521800 1.711800 16.105990 8.568120 -1.304988 2.255300
3 2 Car 0 0 3.975969 349.220000 114.118000 379.460000 194.975000 1.986300 4.488500 1.725800 22.185037 -8.976342 -1.257918 1.764500
3 3 Car 0 0 7.569706 349.220000 114.118000 379.460000 194.975000 1.597500 3.764300 1.681800 13.430868 -8.872736 -1.397179 -1.049600
4 1 Car 0 0 6.063160 349.220000 114.118000 379.460000 194.975000 1.607300 4.541100 1.733700 14.822059 9.285994 -1.390939 2.314700
4 3 Car 0 0 7.703174 349.220000 114.118000 379.460000 194.975000 1.618200 3.821100 1.689000 13.216597 -9.246422 -1.398043 -1.101800
4 0 Car 0 0 2.661440 349.220000 114.118000 379.460000 194.975000 1.611100 4.068600 1.732800 24.371210 -20.644233 -1.108444 1.895000
4 2 Car 0 0 3.975969 349.220000 114.118000 379.460000 194.975000 1.986300 4.488500 1.725800 21.655055 -8.550391 -1.257918 1.764500
5 1 Car 0 0 6.139880 349.220000 114.118000 379.460000 194.975000 1.560100 4.039000 1.674300 13.628696 9.975378 -1.362553 2.342200
5 3 Car 0 0 7.879703 349.220000 114.118000 379.460000 194.975000 1.654400 3.773300 1.693400 13.107689 -9.664671 -1.451817 -1.116800
5 0 Car 0 0 2.348603 349.220000 114.118000 379.460000 194.975000 1.611100 4.068600 1.732800 24.077768 -20.408176 -1.108444 1.895000
6 1 Car 0 0 5.927370 349.220000 114.118000 379.460000 194.975000 1.492800 3.881100 1.609900 12.392106 10.596437 -1.386130 2.405900
6 3 Car 0 0 8.312256 349.220000 114.118000 379.460000 194.975000 1.645700 4.143400 1.713500 13.128006 -10.150850 -1.452333 -1.064600
6 0 Car 0 0 2.348603 349.220000 114.118000 379.460000 194.975000 1.611100 4.068600 1.732800 23.927470 -19.870027 -1.108444 1.895000
6 2 Car 0 0 6.114392 349.220000 114.118000 379.460000 194.975000 1.997000 4.379900 1.696200 20.368017 -5.914827 -1.244771 1.850600
7 3 Car 0 0 8.763606 349.220000 114.118000 379.460000 194.975000 1.678800 4.387200 1.774600 13.178057 -10.627044 -1.501000 -1.112900
7 2 Car 0 0 5.928025 349.220000 114.118000 379.460000 194.975000 1.912700 4.299100 1.698600 19.757643 -4.847230 -1.231288 1.853100
7 1 Car 0 0 5.927370 349.220000 114.118000 379.460000 194.975000 1.492800 3.881100 1.609900 11.429057 10.924336 -1.386130 2.405900
8 3 Car 0 0 8.548109 349.220000 114.118000 379.460000 194.975000 1.658100 4.327400 1.741100 13.189160 -10.962083 -1.566635 -1.132600
8 2 Car 0 0 6.238622 349.220000 114.118000 379.460000 194.975000 1.974100 4.321200 1.733300 19.153865 -3.656320 -1.375025 1.893300
9 3 Car 0 0 8.271594 349.220000 114.118000 379.460000 194.975000 1.596800 4.283000 1.684100 13.289477 -11.144294 -1.629606 -1.055800
9 2 Car 0 0 6.088176 349.220000 114.118000 379.460000 194.975000 2.009300 4.471100 1.730300 18.421952 -2.466720 -1.515382 1.946200
9 4 Car 0 0 5.239125 349.220000 114.118000 379.460000 194.975000 1.619000 4.061300 1.703500 22.756685 -14.681645 -1.596099 1.930300
10 3 Car 0 0 8.085194 349.220000 114.118000 379.460000 194.975000 1.555100 4.144400 1.649500 13.395328 -11.354212 -1.657222 -1.081300
10 4 Car 0 0 5.449843 349.220000 114.118000 379.460000 194.975000 1.601300 3.976200 1.642300 22.474346 -13.418250 -1.676585 1.951400
10 2 Car 0 0 6.088176 349.220000 114.118000 379.460000 194.975000 2.009300 4.471100 1.730300 17.911375 -1.834898 -1.515382 1.946200
11 3 Car 0 0 8.004510 349.220000 114.118000 379.460000 194.975000 1.519100 4.145700 1.631800 13.527952 -11.567826 -1.496625 -1.070500
11 4 Car 0 0 5.753120 349.220000 114.118000 379.460000 194.975000 1.624000 4.015900 1.688700 22.109974 -12.081017 -1.425917 2.004700
11 2 Car 0 0 6.310921 349.220000 114.118000 379.460000 194.975000 1.946900 4.263600 1.688600 16.936993 -0.016696 -1.398106 2.007400
12 3 Car 0 0 8.127690 349.220000 114.118000 379.460000 194.975000 1.552900 4.274400 1.643500 13.774911 -11.730542 -1.676765 -1.072900
12 4 Car 0 0 6.242473 349.220000 114.118000 379.460000 194.975000 1.616300 3.936900 1.632100 21.702111 -10.516994 -1.717743 2.011600
12 2 Car 0 0 6.385313 349.220000 114.118000 379.460000 194.975000 1.963100 4.334900 1.697600 16.010286 1.268284 -1.634079 2.072300
13 3 Car 0 0 8.218226 349.220000 114.118000 379.460000 194.975000 1.588800 4.242700 1.684700 14.072468 -11.917464 -1.776466 -1.055500
13 4 Car 0 0 6.447800 349.220000 114.118000 379.460000 194.975000 1.592800 4.018400 1.631500 21.282635 -9.056280 -1.742100 2.099100
13 2 Car 0 0 6.385313 349.220000 114.118000 379.460000 194.975000 1.963100 4.334900 1.697600 15.368941 1.889206 -1.634079 2.072300
14 3 Car 0 0 8.296400 349.220000 114.118000 379.460000 194.975000 1.588800 4.424600 1.687000 14.457222 -12.047964 -1.804147 -0.976500
14 4 Car 0 0 6.780048 349.220000 114.118000 379.460000 194.975000 1.555500 4.044900 1.635600 20.703020 -7.581054 -1.757539 2.131400
14 2 Car 0 0 6.445654 349.220000 114.118000 379.460000 194.975000 1.928300 4.224900 1.688800 14.032444 3.567515 -1.618799 2.148400
14 5 Car 0 0 5.801845 349.220000 114.118000 379.460000 194.975000 1.540500 4.280100 1.683700 26.501794 -16.915171 -1.833312 2.161000
15 3 Car 0 0 8.314311 349.220000 114.118000 379.460000 194.975000 1.542500 4.186300 1.639700 14.857820 -12.070390 -1.763515 -0.928700
15 4 Car 0 0 6.746309 349.220000 114.118000 379.460000 194.975000 1.513600 4.004800 1.603800 20.035592 -6.147075 -1.710739 2.173300
15 2 Car 0 0 6.343368 349.220000 114.118000 379.460000 194.975000 2.026500 4.532100 1.728200 12.953985 4.689804 -1.689289 2.184000
15 5 Car 0 0 5.834741 349.220000 114.118000 379.460000 194.975000 1.512100 4.042900 1.624000 26.335929 -15.417672 -1.865074 2.163200
16 3 Car 0 0 8.398525 349.220000 114.118000 379.460000 194.975000 1.647400 4.293400 1.746300 15.293882 -12.147408 -1.790242 -0.892600
16 4 Car 0 0 6.765382 349.220000 114.118000 379.460000 194.975000 1.609000 4.051800 1.652700 19.345138 -4.796137 -1.739706 2.230400
16 2 Car 0 0 6.474290 349.220000 114.118000 379.460000 194.975000 2.023700 4.381000 1.725600 11.811307 5.753584 -1.725788 2.233200
16 5 Car 0 0 5.906674 349.220000 114.118000 379.460000 194.975000 1.535700 4.352200 1.656400 26.120634 -13.925878 -1.766935 2.222600
17 3 Car 0 0 8.517785 349.220000 114.118000 379.460000 194.975000 1.640500 4.376300 1.713800 15.747139 -12.159792 -1.804896 -0.853400
17 4 Car 0 0 6.759975 349.220000 114.118000 379.460000 194.975000 1.589100 4.048700 1.614600 18.516692 -3.434069 -1.679807 2.268200
17 2 Car 0 0 6.390382 349.220000 114.118000 379.460000 194.975000 1.881000 4.216200 1.665000 10.587985 6.742360 -1.703188 2.228300
17 5 Car 0 0 6.102629 349.220000 114.118000 379.460000 194.975000 1.396100 3.973500 1.548500 25.671904 -12.353987 -1.799452 2.257400
17 6 Car 0 0 0.610335 349.220000 114.118000 379.460000 194.975000 1.521300 4.028000 1.588700 32.420421 -20.928808 -1.820689 2.245700
18 3 Car 0 0 8.466099 349.220000 114.118000 379.460000 194.975000 1.693400 4.093300 1.692100 16.141739 -12.186005 -1.836333 -0.879800
18 4 Car 0 0 6.892745 349.220000 114.118000 379.460000 194.975000 1.544900 4.062500 1.670400 17.593042 -2.175795 -1.689463 2.288900
18 5 Car 0 0 5.984767 349.220000 114.118000 379.460000 194.975000 1.503700 3.947900 1.590500 25.311963 -10.831107 -1.819842 2.317600
18 6 Car 0 0 0.760882 349.220000 114.118000 379.460000 194.975000 1.447400 4.389700 1.637200 32.698944 -19.542976 -1.841673 2.275300
18 2 Car 0 0 6.390382 349.220000 114.118000 379.460000 194.975000 1.881000 4.216200 1.665000 9.737089 7.151767 -1.703188 2.228300
19 3 Car 0 0 8.478630 349.220000 114.118000 379.460000 194.975000 1.537300 3.843700 1.606800 16.636838 -12.067070 -1.829746 -0.829300
19 4 Car 0 0 6.880755 349.220000 114.118000 379.460000 194.975000 1.610500 4.148200 1.632100 16.610273 -0.870619 -1.725573 2.350100
19 5 Car 0 0 5.614425 349.220000 114.118000 379.460000 194.975000 1.549000 4.240000 1.656200 24.824144 -9.319737 -1.849603 2.302200
19 6 Car 0 0 0.841238 349.220000 114.118000 379.460000 194.975000 1.501900 3.846000 1.577500 32.900962 -18.010895 -1.877985 2.340900
20 3 Car 0 0 8.503233 349.220000 114.118000 379.460000 194.975000 1.646200 3.813500 1.671800 17.231728 -11.897008 -1.711913 -0.753000
20 4 Car 0 0 6.993691 349.220000 114.118000 379.460000 194.975000 1.600800 4.127400 1.626300 15.559229 0.351990 -1.486035 2.390500
20 5 Car 0 0 5.584728 349.220000 114.118000 379.460000 194.975000 1.444400 4.134600 1.624900 24.276036 -7.854467 -1.569736 2.385800
20 6 Car 0 0 1.297887 349.220000 114.118000 379.460000 194.975000 1.569500 4.313400 1.700700 32.977720 -16.455556 -1.528179 2.404000
20 7 Car 0 0 0.826135 349.220000 114.118000 379.460000 194.975000 1.493400 4.064400 1.653300 38.194124 -21.720510 -1.594314 2.432000
21 3 Car 0 0 8.569929 349.220000 114.118000 379.460000 194.975000 1.622500 3.886500 1.627600 17.833319 -11.690229 -1.985515 -0.735300
21 4 Car 0 0 6.991565 349.220000 114.118000 379.460000 194.975000 1.601700 4.094000 1.642200 14.451788 1.510452 -1.745238 2.441000
21 5 Car 0 0 5.815378 349.220000 114.118000 379.460000 194.975000 1.516000 3.999200 1.587300 23.556111 -6.353513 -1.968500 2.427900
21 6 Car 0 0 2.147757 349.220000 114.118000 379.460000 194.975000 1.561800 4.076600 1.619400 32.965146 -14.800775 -2.070486 2.416500
21 7 Car 0 0 0.701627 349.220000 114.118000 379.460000 194.975000 1.498000 4.345000 1.662300 38.608570 -19.952652 -2.315141 2.490700
22 3 Car 0 0 8.582188 349.220000 114.118000 379.460000 194.975000 1.629800 3.776900 1.637100 18.471365 -11.357807 -1.966192 -0.687100
22 4 Car 0 0 7.096040 349.220000 114.118000 379.460000 194.975000 1.598400 4.007900 1.622800 13.224444 2.651269 -1.664023 2.488000
22 5 Car 0 0 5.999182 349.220000 114.118000 379.460000 194.975000 1.454100 4.036900 1.596300 22.774403 -4.809658 -1.843236 2.468600
22 6 Car 0 0 3.418665 349.220000 114.118000 379.460000 194.975000 1.485200 4.321500 1.674000 32.873452 -13.069180 -1.991985 2.482200
22 7 Car 0 0 0.708407 349.220000 114.118000 379.460000 194.975000 1.418900 3.859400 1.565100 38.946689 -18.077719 -2.107751 2.523300
22 8 Car 0 0 12.399728 349.220000 114.118000 379.460000 194.975000 1.470500 3.719400 1.551400 34.388027 -24.504121 -2.213203 -0.646100
23 3 Car 0 0 8.598481 349.220000 114.118000 379.460000 194.975000 1.557700 4.144800 1.657100 19.098502 -10.862695 -1.873981 -0.630100
23 4 Car 0 0 6.992868 349.220000 114.118000 379.460000 194.975000 1.585300 4.064900 1.664100 11.904838 3.764108 -1.617498 2.522200
23 5 Car 0 0 6.023508 349.220000 114.118000 379.460000 194.975000 1.491400 4.028000 1.641100 21.866736 -3.231718 -1.817960 2.530300
23 6 Car 0 0 5.668915 349.220000 114.118000 379.460000 194.975000 1.503100 4.193900 1.662900 32.543008 -11.103808 -1.934906 2.516700
23 7 Car 0 0 0.721117 349.220000 114.118000 379.460000 194.975000 1.453100 3.873200 1.564100 39.087842 -15.867866 -2.024081 2.584300
23 8 Car 0 0 12.547612 349.220000 114.118000 379.460000 194.975000 1.458500 3.752700 1.535600 36.040046 -23.369301 -2.163894 -0.573000
24 3 Car 0 0 8.604648 349.220000 114.118000 379.460000 194.975000 1.573400 4.478800 1.673500 19.733153 -10.379237 -1.523117 -0.572400
24 4 Car 0 0 7.077768 349.220000 114.118000 379.460000 194.975000 1.642100 4.112300 1.656600 10.514082 4.765588 -1.513578 2.599000
24 5 Car 0 0 6.141260 349.220000 114.118000 379.460000 194.975000 1.457400 3.974600 1.571900 20.888573 -1.768771 -1.457306 2.576100
24 6 Car 0 0 7.359286 349.220000 114.118000 379.460000 194.975000 1.519300 4.285800 1.698100 31.816680 -8.916667 -1.371860 2.562900
24 7 Car 0 0 0.935740 349.220000 114.118000 379.460000 194.975000 1.430400 3.624700 1.550100 39.060433 -13.761384 -1.380041 2.535100
24 8 Car 0 0 12.744967 349.220000 114.118000 379.460000 194.975000 1.431200 3.865800 1.561600 37.805977 -22.081931 -1.523635 -0.468600
25 3 Car 0 0 8.611832 349.220000 114.118000 379.460000 194.975000 1.609800 4.412000 1.705400 20.344323 -9.716667 -1.929566 -0.517400
25 4 Car 0 0 6.995234 349.220000 114.118000 379.460000 194.975000 1.615700 3.823300 1.625100 9.010036 5.680403 -1.627604 2.630500
25 5 Car 0 0 5.986228 349.220000 114.118000 379.460000 194.975000 1.513300 4.076200 1.644700 19.828620 -0.349374 -1.769395 2.613200
25 6 Car 0 0 7.408761 349.220000 114.118000 379.460000 194.975000 1.440100 4.319000 1.644600 31.231456 -6.910673 -1.864469 2.627200
25 7 Car 0 0 1.331791 349.220000 114.118000 379.460000 194.975000 1.487000 3.942400 1.629000 38.710378 -11.377717 -1.995591 2.680100
25 8 Car 0 0 12.899346 349.220000 114.118000 379.460000 194.975000 1.458900 3.766400 1.549000 39.434336 -20.594380 -2.208652 -0.443600
26 3 Car 0 0 8.650705 349.220000 114.118000 379.460000 194.975000 1.609800 4.412000 1.705400 20.971533 -9.081427 -1.929566 -0.517400
26 4 Car 0 0 6.790781 349.220000 114.118000 379.460000 194.975000 1.603600 3.798700 1.642300 7.589669 6.395783 -1.588796 2.681000
26 5 Car 0 0 6.123717 349.220000 114.118000 379.460000 194.975000 1.467100 4.015100 1.606700 18.633639 0.968025 -1.723733 2.692000
26 6 Car 0 0 6.987560 349.220000 114.118000 379.460000 194.975000 1.499800 4.422400 1.692100 30.610012 -5.097376 -1.816285 2.660900
26 7 Car 0 0 1.692482 349.220000 114.118000 379.460000 194.975000 1.460100 3.781200 1.585900 38.329766 -9.263874 -1.921931 2.705400
26 8 Car 0 0 12.926084 349.220000 114.118000 379.460000 194.975000 1.466300 3.810200 1.565300 40.898398 -19.257686 -2.082095 -0.374800
27 3 Car 0 0 8.860813 349.220000 114.118000 379.460000 194.975000 1.585800 3.919000 1.664800 21.699709 -8.401445 -1.885960 -0.414800
27 4 Car 0 0 6.572927 349.220000 114.118000 379.460000 194.975000 1.564000 3.563200 1.584100 6.052950 6.799512 -1.584055 2.763000
27 5 Car 0 0 6.203084 349.220000 114.118000 379.460000 194.975000 1.518800 4.324700 1.662100 17.380798 2.223360 -1.684218 2.757600
27 6 Car 0 0 7.688206 349.220000 114.118000 379.460000 194.975000 1.533300 4.717400 1.751900 29.900854 -3.310754 -1.793443 2.732000
27 7 Car 0 0 2.127464 349.220000 114.118000 379.460000 194.975000 1.418100 3.968600 1.589500 37.944232 -7.061057 -1.839342 2.778900
27 8 Car 0 0 13.289095 349.220000 114.118000 379.460000 194.975000 1.466300 3.810200 1.565300 42.492099 -17.600606 -2.082095 -0.374800
28 3 Car 0 0 9.394556 349.220000 114.118000 379.460000 194.975000 1.575600 4.211700 1.646600 22.702057 -7.687045 -1.903416 -0.388900
28 5 Car 0 0 6.324212 349.220000 114.118000 379.460000 194.975000 1.589300 4.156100 1.676100 15.996070 3.361421 -1.668183 2.778500
28 6 Car 0 0 7.094507 349.220000 114.118000 379.460000 194.975000 1.513200 4.999900 1.778100 29.154175 -1.553609 -1.727203 2.805200
28 7 Car 0 0 2.376888 349.220000 114.118000 379.460000 194.975000 1.457700 4.046400 1.602400 37.482855 -5.036078 -1.838608 2.809000
28 8 Car 0 0 13.576830 349.220000 114.118000 379.460000 194.975000 1.466300 3.810200 1.565300 44.030694 -15.849134 -2.082095 -0.374800
28 4 Car 0 0 6.572927 349.220000 114.118000 379.460000 194.975000 1.564000 3.563200 1.584100 5.060936 7.075822 -1.584055 2.763000
29 3 Car 0 0 9.841352 349.220000 114.118000 379.460000 194.975000 1.562600 3.932800 1.622500 23.664977 -6.761619 -1.849286 -0.366300
29 5 Car 0 0 6.384245 349.220000 114.118000 379.460000 194.975000 1.528500 4.322700 1.663200 14.462561 4.466763 -1.613049 2.843100
29 6 Car 0 0 8.677716 349.220000 114.118000 379.460000 194.975000 1.412700 4.486800 1.655200 27.926060 0.209293 -1.616918 2.833200
29 7 Car 0 0 2.734658 349.220000 114.118000 379.460000 194.975000 1.442800 4.307900 1.631600 36.756226 -2.874135 -1.748743 2.832800
29 8 Car 0 0 13.576830 349.220000 114.118000 379.460000 194.975000 1.466300 3.810200 1.565300 44.167738 -13.327925 -2.082095 -0.374800
30 3 Car 0 0 10.094022 349.220000 114.118000 379.460000 194.975000 1.528900 4.179300 1.594800 24.522898 -5.813182 -1.808739 -0.303200
30 5 Car 0 0 6.496659 349.220000 114.118000 379.460000 194.975000 1.489300 4.169500 1.637900 12.914718 5.382176 -1.602379 2.913400
30 6 Car 0 0 4.715694 349.220000 114.118000 379.460000 194.975000 1.415700 3.963000 1.602400 26.466648 1.789731 -1.568562 2.896800
30 7 Car 0 0 4.011905 349.220000 114.118000 379.460000 194.975000 1.449100 4.110500 1.614600 35.876272 -0.914878 -1.715485 2.910200
31 3 Car 0 0 10.289655 349.220000 114.118000 379.460000 194.975000 1.544000 4.370900 1.628700 25.260496 -4.705713 -1.702531 -0.223000
31 5 Car 0 0 6.515829 349.220000 114.118000 379.460000 194.975000 1.513400 4.286300 1.674800 11.252035 6.182210 -1.602409 2.950900
31 7 Car 0 0 1.999528 349.220000 114.118000 379.460000 194.975000 1.522900 4.103000 1.657000 34.812499 1.064932 -1.676549 2.939000
31 6 Car 0 0 4.715694 349.220000 114.118000 379.460000 194.975000 1.415700 3.963000 1.602400 25.612114 3.184692 -1.568562 2.896800
31 9 Car 0 0 0.000000 349.220000 114.118000 379.460000 194.975000 1.422200 3.744700 1.541400 -14.398604 -15.134895 -1.732744 2.154000
