3 0 Car 0 0 0.000000 349.220000 114.118000 379.460000 194.975000 1.544400 3.561700 1.572100 0.001431 -0.003323 -1.730389 2.764700
5 1 Car 0 0 11.966939 349.220000 114.118000 379.460000 194.975000 1.507000 4.108500 1.641600 31.498588 -20.148570 -1.893935 0.724700
6 1 Car 0 0 12.029559 349.220000 114.118000 379.460000 194.975000 1.527000 4.268200 1.661800 32.201054 -19.415376 -1.812372 0.838700
7 1 Car 0 0 11.788033 349.220000 114.118000 379.460000 194.975000 1.439500 3.958300 1.571700 32.926355 -18.798474 -1.699510 0.846400
8 1 Car 0 0 12.011446 349.220000 114.118000 379.460000 194.975000 1.496000 4.161600 1.638000 33.864761 -17.962065 -1.763524 0.724100
9 1 Car 0 0 11.886466 349.220000 114.118000 379.460000 194.975000 1.510200 4.293100 1.658300 34.693157 -17.207508 -1.761160 0.710000
10 1 Car 0 0 11.937692 349.220000 114.118000 379.460000 194.975000 1.466500 4.317200 1.646800 35.694801 -16.505555 -1.245707 0.679200
11 1 Car 0 0 11.804324 349.220000 114.118000 379.460000 194.975000 1.555000 4.073200 1.659300 36.494517 -15.750362 -1.707174 0.622600
12 1 Car 0 0 11.620608 349.220000 114.118000 379.460000 194.975000 1.474400 4.089700 1.604900 37.330252 -15.124600 -1.624134 0.591700
13 1 Car 0 0 11.808726 349.220000 114.118000 379.460000 194.975000 1.514200 4.144100 1.636800 38.389448 -14.341896 -1.721257 0.592300
14 1 Car 0 0 11.559651 349.220000 114.118000 379.460000 194.975000 1.451300 3.993400 1.582300 39.094285 -13.712322 -1.635892 0.681100
15 1 Car 0 0 11.486012 349.220000 114.118000 379.460000 194.975000 1.492200 4.358400 1.666800 39.989772 -13.114742 -1.564748 0.584500
16 1 Car 0 0 11.502749 349.220000 114.118000 379.460000 194.975000 1.454900 4.170600 1.602600 41.048149 -12.609376 -1.508544 0.550200
17 1 Car 0 0 11.542053 349.220000 114.118000 379.460000 194.975000 1.452100 4.158400 1.616600 42.112839 -12.062350 -1.491729 0.542500
18 1 Car 0 0 11.551208 349.220000 114.118000 379.460000 194.975000 1.538900 4.217900 1.659400 43.167671 -11.582286 -1.489983 0.477900
19 1 Car 0 0 11.584460 349.220000 114.118000 379.460000 194.975000 1.538900 4.217900 1.659400 44.239142 -11.030938 -1.489983 0.477900
20 1 Car 0 0 11.542129 349.220000 114.118000 379.460000 194.975000 1.470800 3.763400 1.551600 45.231224 -10.595993 -1.521587 0.406400
24 2 Car 0 0 11.890208 349.220000 114.118000 379.460000 194.975000 1.533300 4.178800 1.628100 49.592832 -8.875542 -0.616838 0.405300
25 2 Car 0 0 11.945943 349.220000 114.118000 379.460000 194.975000 1.493800 4.046700 1.600600 50.534775 -8.522575 -1.365567 0.345000
26 2 Car 0 0 12.198329 349.220000 114.118000 379.460000 194.975000 1.529100 4.262300 1.701700 51.837109 -8.147733 -1.375543 0.186100
27 2 Car 0 0 12.241925 349.220000 114.118000 379.460000 194.975000 1.590700 4.407400 1.737300 53.044076 -7.901938 -1.380521 0.155700
28 2 Car 0 0 12.219718 349.220000 114.118000 379.460000 194.975000 1.590700 4.407400 1.737300 54.185607 -7.576647 -1.380521 0.155700
29 2 Car 0 0 11.908150 349.220000 114.118000 379.460000 194.975000 1.590700 4.407400 1.737300 55.153610 -7.335382 -1.380521 0.155700
30 2 Car 0 0 12.014449 349.220000 114.118000 379.460000 194.975000 1.590700 4.407400 1.737300 56.376748 -7.025395 -1.380521 0.155700
33 3 Car 0 0 7.381613 349.220000 114.118000 379.460000 194.975000 1.438000 3.676700 1.513300 4.498489 -3.920143 -1.676531 0.006800
34 3 Car 0 0 7.390505 349.220000 114.118000 379.460000 194.975000 1.444700 3.550100 1.488700 5.005692 -3.903200 -1.690046 -0.023000
35 3 Car 0 0 7.734413 349.220000 114.118000 379.460000 194.975000 1.435200 3.179500 1.448600 5.945806 -3.862499 -1.642316 -0.051000
36 3 Car 0 0 8.014068 349.220000 114.118000 379.460000 194.975000 1.407400 3.289000 1.471400 6.891361 -3.822034 -1.654060 0.004100
36 4 Car 0 0 11.116674 349.220000 114.118000 379.460000 194.975000 1.532800 3.867900 1.612400 63.943410 -6.040809 -1.149173 0.115200
37 3 Car 0 0 8.144297 349.220000 114.118000 379.460000 194.975000 1.408000 3.221500 1.471500 7.771990 -3.813738 -1.644416 -0.000200
37 4 Car 0 0 11.293856 349.220000 114.118000 379.460000 194.975000 1.580100 4.141000 1.696700 65.200025 -5.919985 -1.151434 0.057300
38 3 Car 0 0 8.093758 349.220000 114.118000 379.460000 194.975000 1.391400 3.284200 1.478600 8.533132 -3.727084 -1.649084 0.055800
38 4 Car 0 0 11.293856 349.220000 114.118000 379.460000 194.975000 1.580100 4.141000 1.696700 65.200183 -5.918189 -1.151434 0.057300
39 3 Car 0 0 8.136286 349.220000 114.118000 379.460000 194.975000 1.387800 3.061700 1.442100 9.374423 -3.724527 -1.632995 0.005300
39 4 Car 0 0 11.817027 349.220000 114.118000 379.460000 194.975000 1.561700 4.030000 1.650800 67.954410 -5.517587 -1.144019 0.051700
39 5 Car 0 0 8.433078 349.220000 114.118000 379.460000 194.975000 1.415100 3.553500 1.480200 8.958395 -7.724881 -1.704600 0.026300
40 3 Car 0 0 8.159240 349.220000 114.118000 379.460000 194.975000 1.430200 3.189800 1.481600 10.205907 -3.697184 -1.679279 0.040600
40 4 Car 0 0 11.847077 349.220000 114.118000 379.460000 194.975000 1.505900 3.905900 1.596200 69.199437 -5.494842 -1.103929 -0.088000
40 5 Car 0 0 8.570906 349.220000 114.118000 379.460000 194.975000 1.347200 3.428800 1.440200 9.809547 -7.721957 -1.654658 -0.007900
41 3 Car 0 0 8.161391 349.220000 114.118000 379.460000 194.975000 1.371600 3.212700 1.445500 11.021587 -3.693799 -1.596211 -0.003000
41 5 Car 0 0 8.687126 349.220000 114.118000 379.460000 194.975000 1.390800 3.415300 1.481400 10.701133 -7.705366 -1.701585 0.009100
41 4 Car 0 0 11.847077 349.220000 114.118000 379.460000 194.975000 1.505900 3.905900 1.596200 69.199369 -5.491586 -1.103929 -0.088000
42 3 Car 0 0 8.260894 349.220000 114.118000 379.460000 194.975000 1.369800 3.318400 1.478400 11.940913 -3.692758 -1.428572 0.010100
42 5 Car 0 0 8.765418 349.220000 114.118000 379.460000 194.975000 1.392500 3.432000 1.496200 11.601420 -7.671699 -1.520136 0.013100
43 3 Car 0 0 8.327775 349.220000 114.118000 379.460000 194.975000 1.411600 3.325200 1.500500 12.838547 -3.724623 -1.506656 0.022100
43 5 Car 0 0 8.682957 349.220000 114.118000 379.460000 194.975000 1.305200 3.205900 1.420600 12.410078 -7.657555 -1.422519 0.021100
44 3 Car 0 0 8.366513 349.220000 114.118000 379.460000 194.975000 1.391200 3.267000 1.494500 13.724050 -3.686178 -1.631379 0.023300
44 5 Car 0 0 8.791871 349.220000 114.118000 379.460000 194.975000 1.408200 3.327500 1.500600 13.347509 -7.664502 -1.653525 0.020400
45 3 Car 0 0 8.419394 349.220000 114.118000 379.460000 194.975000 1.327000 3.206000 1.452400 14.626017 -3.638548 -1.576962 0.005500
45 5 Car 0 0 8.897899 349.220000 114.118000 379.460000 194.975000 1.399900 3.394900 1.491500 14.306959 -7.638950 -1.671020 0.037100
46 3 Car 0 0 8.528823 349.220000 114.118000 379.460000 194.975000 1.349000 3.336200 1.463300 15.616859 -3.620202 -1.578329 -0.003300
46 5 Car 0 0 8.872259 349.220000 114.118000 379.460000 194.975000 1.342200 3.276000 1.463900 15.170189 -7.558969 -1.620346 0.070200
47 3 Car 0 0 8.629614 349.220000 114.118000 379.460000 194.975000 1.404400 3.347800 1.531400 16.616669 -3.608571 -1.619458 0.002200
47 5 Car 0 0 8.946842 349.220000 114.118000 379.460000 194.975000 1.336500 3.383000 1.482400 16.135196 -7.576652 -1.597743 -0.003000
48 3 Car 0 0 8.721315 349.220000 114.118000 379.460000 194.975000 1.383000 3.137800 1.451200 17.614941 -3.574537 -1.602324 -0.013900
48 5 Car 0 0 8.944348 349.220000 114.118000 379.460000 194.975000 1.364600 3.194800 1.472400 17.024507 -7.598617 -1.624626 0.016600
49 3 Car 0 0 8.829477 349.220000 114.118000 379.460000 194.975000 1.345200 3.184900 1.454900 18.652417 -3.509619 -1.251256 0.025200
49 5 Car 0 0 9.029337 349.220000 114.118000 379.460000 194.975000 1.328200 3.346900 1.453900 18.017145 -7.552426 -1.291624 0.015900
50 3 Car 0 0 8.952674 349.220000 114.118000 379.460000 194.975000 1.382500 3.308800 1.472800 19.736820 -3.483012 -1.594993 0.011700
50 5 Car 0 0 9.070046 349.220000 114.118000 379.460000 194.975000 1.342200 3.296100 1.457600 18.965708 -7.509443 -1.599934 0.042300
51 3 Car 0 0 9.055793 349.220000 114.118000 379.460000 194.975000 1.327000 3.099200 1.445600 20.807799 -3.472369 -1.546665 0.002700
51 5 Car 0 0 9.132471 349.220000 114.118000 379.460000 194.975000 1.339900 3.523100 1.477200 19.956253 -7.534580 -1.610853 0.009600
51 6 Car 0 0 8.040463 349.220000 114.118000 379.460000 194.975000 1.484000 4.021600 1.602900 9.030093 -7.690715 -1.747004 -0.000700
52 3 Car 0 0 9.177855 349.220000 114.118000 379.460000 194.975000 1.386900 3.170600 1.464800 21.927010 -3.453244 -1.560125 0.015500
52 5 Car 0 0 9.167565 349.220000 114.118000 379.460000 194.975000 1.337800 3.278400 1.464300 20.915417 -7.512154 -1.585531 0.043800
52 6 Car 0 0 8.156464 349.220000 114.118000 379.460000 194.975000 1.438000 3.923600 1.532200 9.803172 -7.727225 -1.650881 0.025200
53 3 Car 0 0 9.273492 349.220000 114.118000 379.460000 194.975000 1.325700 3.071500 1.442600 23.019219 -3.352554 -1.119349 0.039200
53 5 Car 0 0 9.213724 349.220000 114.118000 379.460000 194.975000 1.278600 3.304000 1.429100 21.896884 -7.432025 -1.159467 0.006100
53 6 Car 0 0 8.145666 349.220000 114.118000 379.460000 194.975000 1.470700 4.177400 1.597300 10.519644 -7.690890 -1.513388 0.004300
53 7 Car 0 0 5.593724 349.220000 114.118000 379.460000 194.975000 1.451400 3.743800 1.545000 3.660496 -3.266384 -1.633697 0.012100
54 3 Car 0 0 9.388940 349.220000 114.118000 379.460000 194.975000 1.380300 3.075400 1.460700 24.164271 -3.348954 -1.522414 0.042900
54 5 Car 0 0 9.293855 349.220000 114.118000 379.460000 194.975000 1.261000 3.462600 1.436700 22.938834 -7.417679 -1.549367 0.020900
54 6 Car 0 0 8.205462 349.220000 114.118000 379.460000 194.975000 1.433500 3.975100 1.548200 11.352689 -7.623027 -1.633048 0.030700
54 7 Car 0 0 5.865127 349.220000 114.118000 379.460000 194.975000 1.387900 3.337800 1.433700 4.378575 -3.270451 -1.659836 -0.000400
55 3 Car 0 0 9.551840 349.220000 114.118000 379.460000 194.975000 1.417400 3.369800 1.517300 25.415133 -3.334043 -1.536033 0.010700
55 5 Car 0 0 9.369238 349.220000 114.118000 379.460000 194.975000 1.327100 3.429600 1.458800 23.984908 -7.406488 -1.548280 0.019800
55 6 Car 0 0 8.250110 349.220000 114.118000 379.460000 194.975000 1.396500 3.925600 1.543600 12.193002 -7.645470 -1.619772 0.055600
55 7 Car 0 0 6.068520 349.220000 114.118000 379.460000 194.975000 1.376000 3.519800 1.438700 5.080234 -3.240554 -1.662489 -0.006900
56 3 Car 0 0 9.716142 349.220000 114.118000 379.460000 194.975000 1.442000 3.205100 1.513900 26.697052 -3.305488 -1.551267 0.042400
56 5 Car 0 0 9.458587 349.220000 114.118000 379.460000 194.975000 1.405200 3.471500 1.490700 25.064939 -7.422310 -1.595818 0.020000
56 6 Car 0 0 8.430343 349.220000 114.118000 379.460000 194.975000 1.427500 4.111600 1.584800 13.141204 -7.679003 -1.619597 0.039700
56 7 Car 0 0 6.328503 349.220000 114.118000 379.460000 194.975000 1.382500 3.409100 1.454500 5.880010 -3.263756 -1.690532 0.005900
57 3 Car 0 0 9.853116 349.220000 114.118000 379.460000 194.975000 1.454200 3.066600 1.479400 27.949755 -3.299147 -1.537150 -0.004800
57 5 Car 0 0 9.498393 349.220000 114.118000 379.460000 194.975000 1.426900 3.420100 1.499500 26.081096 -7.343173 -1.577265 0.064400
57 6 Car 0 0 8.576806 349.220000 114.118000 379.460000 194.975000 1.418200 4.236600 1.598600 14.098813 -7.672693 -1.581314 0.005300
57 7 Car 0 0 6.584388 349.220000 114.118000 379.460000 194.975000 1.360900 3.567800 1.485000 6.693874 -3.261137 -1.649256 0.031300
58 3 Car 0 0 9.990245 349.220000 114.118000 379.460000 194.975000 1.421700 3.224700 1.511700 29.220722 -3.243146 -1.559015 0.005000
58 5 Car 0 0 9.620383 349.220000 114.118000 379.460000 194.975000 1.408000 3.405400 1.485000 27.239970 -7.291652 -1.598145 -0.004200
58 6 Car 0 0 8.449571 349.220000 114.118000 379.460000 194.975000 1.403600 3.791200 1.570600 14.841800 -7.605572 -1.624847 0.036600
58 7 Car 0 0 6.764398 349.220000 114.118000 379.460000 194.975000 1.379300 3.439600 1.479900 7.477935 -3.205187 -1.673520 0.038200
59 3 Car 0 0 10.127994 349.220000 114.118000 379.460000 194.975000 1.520700 3.229500 1.545600 30.512157 -3.248881 -1.564074 0.029900
59 5 Car 0 0 9.672775 349.220000 114.118000 379.460000 194.975000 1.300000 3.228200 1.443100 28.295933 -7.263154 -1.425819 0.061100
59 6 Car 0 0 8.576143 349.220000 114.118000 379.460000 194.975000 1.339800 3.823500 1.525300 15.809672 -7.593732 -1.584197 0.026200
59 7 Car 0 0 6.928977 349.220000 114.118000 379.460000 194.975000 1.365400 3.447700 1.477800 8.279373 -3.183108 -1.648267 0.029300
60 3 Car 0 0 10.261932 349.220000 114.118000 379.460000 194.975000 1.462100 3.052100 1.513800 31.812922 -3.279669 -1.107359 0.031700
60 5 Car 0 0 9.750245 349.220000 114.118000 379.460000 194.975000 1.459200 3.458700 1.558900 29.411365 -7.337693 -1.181655 0.060800
60 6 Car 0 0 8.696870 349.220000 114.118000 379.460000 194.975000 1.392900 3.777000 1.562000 16.797238 -7.622180 -1.395654 0.036500
60 7 Car 0 0 7.040184 349.220000 114.118000 379.460000 194.975000 1.361800 3.397800 1.458600 9.072472 -3.230907 -1.552399 -0.005800
61 3 Car 0 0 10.383763 349.220000 114.118000 379.460000 194.975000 1.462500 3.128600 1.530300 33.107192 -3.189776 -1.490276 0.045500
61 5 Car 0 0 9.833624 349.220000 114.118000 379.460000 194.975000 1.331400 3.200800 1.450300 30.545824 -7.251157 -1.594715 0.071800
61 6 Car 0 0 8.881368 349.220000 114.118000 379.460000 194.975000 1.357900 3.855100 1.546100 17.878319 -7.592918 -1.627710 0.046800
61 7 Car 0 0 7.159226 349.220000 114.118000 379.460000 194.975000 1.326600 3.369700 1.444500 9.893727 -3.177983 -1.621971 0.027900
62 3 Car 0 0 10.570597 349.220000 114.118000 379.460000 194.975000 1.478300 3.309700 1.546700 34.554562 -3.103533 -1.488957 0.031600
62 5 Car 0 0 9.954584 349.220000 114.118000 379.460000 194.975000 1.284700 3.249800 1.414000 31.762504 -7.106158 -1.480496 0.128700
62 6 Car 0 0 9.055416 349.220000 114.118000 379.460000 194.975000 1.393700 3.947800 1.560500 18.979440 -7.518938 -1.631773 0.047900
62 7 Car 0 0 7.302252 349.220000 114.118000 379.460000 194.975000 1.349900 3.483200 1.458300 10.757135 -3.132256 -1.648497 0.017700
63 3 Car 0 0 10.763586 349.220000 114.118000 379.460000 194.975000 1.432300 3.479900 1.521700 36.050125 -3.070567 -1.486238 0.019900
63 5 Car 0 0 10.097263 349.220000 114.118000 379.460000 194.975000 1.284700 3.249800 1.414000 33.039092 -7.017756 -1.480496 0.128700
63 6 Car 0 0 9.158769 349.220000 114.118000 379.460000 194.975000 1.317000 3.788400 1.523000 20.023430 -7.542691 -1.576794 0.011700
63 7 Car 0 0 7.475641 349.220000 114.118000 379.460000 194.975000 1.359200 3.602100 1.505700 11.683302 -3.127705 -1.653939 0.041900
64 3 Car 0 0 10.941528 349.220000 114.118000 379.460000 194.975000 1.384600 3.349500 1.471400 37.539675 -3.004694 -1.402266 0.059100
64 5 Car 0 0 10.213958 349.220000 114.118000 379.460000 194.975000 1.453800 3.261900 1.512200 34.298857 -7.036660 -1.550541 0.159300
64 6 Car 0 0 9.325041 349.220000 114.118000 379.460000 194.975000 1.377300 3.969800 1.550100 21.167074 -7.494131 -1.601667 0.051600
64 7 Car 0 0 7.613193 349.220000 114.118000 379.460000 194.975000 1.383100 3.550900 1.497900 12.592696 -3.084212 -1.646767 0.008900
65 3 Car 0 0 11.094978 349.220000 114.118000 379.460000 194.975000 1.394300 3.467400 1.524100 38.990259 -2.889166 -0.871865 0.002100
65 5 Car 0 0 10.293191 349.220000 114.118000 379.460000 194.975000 1.453800 3.261900 1.512200 35.472037 -6.828524 -1.550541 0.159300
65 6 Car 0 0 9.477261 349.220000 114.118000 379.460000 194.975000 1.394300 3.896300 1.602900 22.318918 -7.462766 -1.219482 -0.026900
65 7 Car 0 0 7.676233 349.220000 114.118000 379.460000 194.975000 1.395400 3.330400 1.480500 13.430384 -3.016067 -1.459376 0.015600
66 3 Car 0 0 11.234128 349.220000 114.118000 379.460000 194.975000 1.354600 3.456000 1.508100 40.431889 -2.893662 -1.567885 0.007700
66 5 Car 0 0 10.415918 349.220000 114.118000 379.460000 194.975000 1.431800 3.532000 1.518100 36.766949 -6.861289 -1.475316 0.053400
66 6 Car 0 0 9.660040 349.220000 114.118000 379.460000 194.975000 1.358100 4.121600 1.584900 23.542776 -7.376262 -1.576875 0.061600
66 7 Car 0 0 7.798237 349.220000 114.118000 379.460000 194.975000 1.297900 3.485100 1.459500 14.368359 -3.018280 -1.585641 0.037400
66 8 Car 0 0 3.787938 349.220000 114.118000 379.460000 194.975000 1.496900 4.069600 1.604200 3.725954 -3.571023 -1.695678 -0.039300
67 3 Car 0 0 11.387986 349.220000 114.118000 379.460000 194.975000 1.347200 3.172000 1.491200 41.910775 -2.810834 -1.445499 0.066500
67 5 Car 0 0 10.591518 349.220000 114.118000 379.460000 194.975000 1.428600 3.634500 1.515300 38.192435 -6.918980 -1.366438 0.028300
67 6 Car 0 0 9.821825 349.220000 114.118000 379.460000 194.975000 1.489600 4.058800 1.623700 24.773769 -7.408385 -1.641626 -0.065200
67 7 Car 0 0 7.903279 349.220000 114.118000 379.460000 194.975000 1.396800 3.389100 1.505600 15.296645 -3.011521 -1.637154 0.011700
67 8 Car 0 0 4.118324 349.220000 114.118000 379.460000 194.975000 1.484600 3.844000 1.548100 4.262034 -3.594909 -1.625474 0.035300
68 3 Car 0 0 11.548055 349.220000 114.118000 379.460000 194.975000 1.403100 3.266000 1.544300 43.422110 -2.756392 -1.428847 0.047400
68 5 Car 0 0 10.762451 349.220000 114.118000 379.460000 194.975000 1.431900 3.992200 1.570900 39.631478 -6.901898 -1.328445 0.043400
68 6 Car 0 0 10.025857 349.220000 114.118000 379.460000 194.975000 1.430200 4.253100 1.599200 26.095552 -7.347287 -1.619466 0.051300
68 7 Car 0 0 8.051268 349.220000 114.118000 379.460000 194.975000 1.378700 3.573500 1.540900 16.306636 -2.976634 -1.635469 0.030700
68 8 Car 0 0 4.550584 349.220000 114.118000 379.460000 194.975000 1.488200 3.940400 1.555900 4.970634 -3.595690 -1.644947 0.002000
69 3 Car 0 0 11.728065 349.220000 114.118000 379.460000 194.975000 1.407700 3.691400 1.548800 44.998565 -2.713636 -0.725493 -0.031600
69 5 Car 0 0 10.899338 349.220000 114.118000 379.460000 194.975000 1.510900 3.843500 1.600300 41.022084 -6.863156 -0.709269 -0.029600
69 6 Car 0 0 10.234408 349.220000 114.118000 379.460000 194.975000 1.502500 4.286500 1.614900 27.462286 -7.286319 -1.171375 0.002900
69 7 Car 0 0 8.158132 349.220000 114.118000 379.460000 194.975000 1.373700 3.291900 1.509800 17.277712 -2.936602 -1.337681 0.017300
69 8 Car 0 0 4.935962 349.220000 114.118000 379.460000 194.975000 1.517300 3.936800 1.578200 5.726832 -3.585810 -1.607660 0.022700
70 3 Car 0 0 11.896980 349.220000 114.118000 379.460000 194.975000 1.321200 3.508000 1.507000 46.573705 -2.634297 -1.390146 -0.000500
70 5 Car 0 0 10.986053 349.220000 114.118000 379.460000 194.975000 1.510900 3.843500 1.600300 42.310023 -6.632935 -0.709269 -0.029600
70 6 Car 0 0 10.370142 349.220000 114.118000 379.460000 194.975000 1.400500 3.860900 1.563200 28.732947 -7.260691 -1.522416 0.047600
70 7 Car 0 0 8.291519 349.220000 114.118000 379.460000 194.975000 1.403900 3.371600 1.511400 18.308624 -2.927092 -1.628764 0.020200
70 8 Car 0 0 5.295609 349.220000 114.118000 379.460000 194.975000 1.436700 3.975400 1.530500 6.512576 -3.583404 -1.645766 0.002600
71 3 Car 0 0 12.011463 349.220000 114.118000 379.460000 194.975000 1.402100 3.454700 1.534900 48.042867 -2.688265 -0.725605 0.059800
71 5 Car 0 0 11.079581 349.220000 114.118000 379.460000 194.975000 1.453700 3.622100 1.532000 43.618839 -6.694790 -0.842538 0.084800
71 6 Car 0 0 10.523948 349.220000 114.118000 379.460000 194.975000 1.476300 4.153900 1.651300 30.056941 -7.292983 -1.141281 0.003000
71 7 Car 0 0 8.439090 349.220000 114.118000 379.460000 194.975000 1.375700 3.589100 1.555700 19.385343 -2.964349 -1.348746 0.019100
71 8 Car 0 0 5.630809 349.220000 114.118000 379.460000 194.975000 1.473800 3.964500 1.586900 7.321967 -3.591032 -1.571762 0.026000
72 3 Car 0 0 12.128904 349.220000 114.118000 379.460000 194.975000 1.402100 3.454700 1.534900 49.512063 -2.591725 -0.725605 0.059800
72 5 Car 0 0 11.228838 349.220000 114.118000 379.460000 194.975000 1.453700 3.622100 1.532000 45.046997 -6.519823 -0.842538 0.084800
72 6 Car 0 0 10.679844 349.220000 114.118000 379.460000 194.975000 1.448200 4.063500 1.597400 31.408076 -7.219658 -1.519911 0.015200
72 7 Car 0 0 8.550498 349.220000 114.118000 379.460000 194.975000 1.394600 3.442100 1.527500 20.429853 -2.894716 -1.613189 0.007700
72 8 Car 0 0 5.932436 349.220000 114.118000 379.460000 194.975000 1.474200 3.967300 1.583300 8.144841 -3.541422 -1.676132 0.033100
73 3 Car 0 0 12.243521 349.220000 114.118000 379.460000 194.975000 1.379300 3.418700 1.512000 50.978053 -2.487683 -1.441021 -0.015500
73 6 Car 0 0 10.803458 349.220000 114.118000 379.460000 194.975000 1.504700 3.851000 1.635800 32.716244 -7.163389 -1.558382 0.044600
73 7 Car 0 0 8.670610 349.220000 114.118000 379.460000 194.975000 1.364100 3.412800 1.511700 21.498231 -2.830503 -1.565602 0.041200
73 8 Car 0 0 6.212125 349.220000 114.118000 379.460000 194.975000 1.500700 3.917200 1.583900 8.998952 -3.517961 -1.661420 0.029800
73 5 Car 0 0 11.228838 349.220000 114.118000 379.460000 194.975000 1.453700 3.622100 1.532000 45.047025 -6.522508 -0.842538 0.084800
74 3 Car 0 0 12.387646 349.220000 114.118000 379.460000 194.975000 1.482700 3.844000 1.594600 52.513946 -2.420076 -1.403086 0.006600
74 6 Car 0 0 10.932869 349.220000 114.118000 379.460000 194.975000 1.477000 4.090800 1.605400 34.051895 -7.091892 -1.502353 0.050800
74 7 Car 0 0 8.810858 349.220000 114.118000 379.460000 194.975000 1.409100 3.594800 1.554000 22.623974 -2.805644 -1.564395 0.012600
74 8 Car 0 0 6.463803 349.220000 114.118000 379.460000 194.975000 1.505700 3.966000 1.610300 9.877341 -3.498610 -1.677479 0.005300
74 5 Car 0 0 11.451609 349.220000 114.118000 379.460000 194.975000 1.514800 3.868800 1.614800 47.777945 -6.878187 -1.479234 -0.041100
75 3 Car 0 0 12.573177 349.220000 114.118000 379.460000 194.975000 1.569200 3.840800 1.634500 54.161320 -2.367878 -1.396598 0.059900
75 6 Car 0 0 11.036659 349.220000 114.118000 379.460000 194.975000 1.427700 3.934800 1.571100 35.350020 -7.001382 -1.515842 0.038700
75 7 Car 0 0 8.935800 349.220000 114.118000 379.460000 194.975000 1.394200 3.314400 1.501600 23.739506 -2.750268 -1.607667 0.051500
75 8 Car 0 0 6.700794 349.220000 114.118000 379.460000 194.975000 1.486300 3.960600 1.597100 10.781946 -3.450682 -1.641260 0.013300
75 5 Car 0 0 11.436751 349.220000 114.118000 379.460000 194.975000 1.514800 3.868800 1.614800 48.905534 -6.956538 -1.479234 -0.041100
76 3 Car 0 0 12.696337 349.220000 114.118000 379.460000 194.975000 1.417500 3.670500 1.522100 55.700059 -2.300998 -1.416214 0.086600
76 6 Car 0 0 11.154440 349.220000 114.118000 379.460000 194.975000 1.524600 4.001400 1.627900 36.695991 -6.981847 -1.504086 0.070800
76 7 Car 0 0 9.066246 349.220000 114.118000 379.460000 194.975000 1.445500 3.608000 1.551800 24.885185 -2.715618 -1.582360 0.025100
76 8 Car 0 0 6.932765 349.220000 114.118000 379.460000 194.975000 1.523600 3.910700 1.618600 11.725885 -3.439700 -1.674518 0.032400
76 5 Car 0 0 11.512293 349.220000 114.118000 379.460000 194.975000 1.514800 3.868800 1.614800 50.216309 -6.964210 -1.479234 -0.041100
77 3 Car 0 0 12.815602 349.220000 114.118000 379.460000 194.975000 1.483700 3.725300 1.543000 57.223516 -2.106223 -1.345612 0.090200
77 6 Car 0 0 11.297345 349.220000 114.118000 379.460000 194.975000 1.566600 4.011700 1.616500 38.101249 -6.907579 -1.544706 0.081300
77 7 Car 0 0 9.145511 349.220000 114.118000 379.460000 194.975000 1.374100 3.463200 1.544800 25.949734 -2.716341 -1.530380 0.048100
77 8 Car 0 0 7.161889 349.220000 114.118000 379.460000 194.975000 1.496600 4.091800 1.605100 12.704859 -3.460715 -1.662463 0.017100
77 5 Car 0 0 11.512293 349.220000 114.118000 379.460000 194.975000 1.514800 3.868800 1.614800 50.215404 -6.970221 -1.479234 -0.041100
78 3 Car 0 0 12.887553 349.220000 114.118000 379.460000 194.975000 1.483700 3.725300 1.543000 58.666609 -2.181170 -1.345612 0.090200
78 6 Car 0 0 11.380426 349.220000 114.118000 379.460000 194.975000 1.510300 3.947600 1.647700 39.407609 -6.903067 -0.949105 0.082400
78 7 Car 0 0 9.249215 349.220000 114.118000 379.460000 194.975000 1.374600 3.387700 1.511100 27.068380 -2.742610 -1.151708 0.050100
78 8 Car 0 0 7.367238 349.220000 114.118000 379.460000 194.975000 1.472000 3.927100 1.606900 13.691267 -3.470361 -1.435982 0.001000
79 3 Car 0 0 13.083081 349.220000 114.118000 379.460000 194.975000 1.538500 4.119400 1.658400 60.348834 -2.150356 -1.268586 0.001600
79 6 Car 0 0 11.484259 349.220000 114.118000 379.460000 194.975000 1.469900 3.978600 1.605800 40.762891 -6.879549 -1.443421 0.035400
79 7 Car 0 0 9.348974 349.220000 114.118000 379.460000 194.975000 1.446400 3.617600 1.549600 28.199185 -2.663253 -1.564225 0.068700
79 8 Car 0 0 7.526610 349.220000 114.118000 379.460000 194.975000 1.451800 3.863100 1.570900 14.655130 -3.401693 -1.599026 0.037500
80 3 Car 0 0 13.239550 349.220000 114.118000 379.460000 194.975000 1.533800 3.750200 1.619600 61.977265 -2.067052 -1.287421 0.023600
80 6 Car 0 0 11.590910 349.220000 114.118000 379.460000 194.975000 1.518900 3.957800 1.608500 42.137164 -6.811392 -1.439798 0.086600
80 7 Car 0 0 9.461514 349.220000 114.118000 379.460000 194.975000 1.459900 3.534600 1.577400 29.362110 -2.603042 -1.584589 0.041100
80 8 Car 0 0 7.725753 349.220000 114.118000 379.460000 194.975000 1.468800 3.933000 1.599900 15.694926 -3.373782 -1.604833 -0.002500
81 3 Car 0 0 13.386263 349.220000 114.118000 379.460000 194.975000 1.573500 3.812700 1.649400 63.603008 -1.993335 -1.289224 0.086500
81 6 Car 0 0 11.681154 349.220000 114.118000 379.460000 194.975000 1.495600 3.939300 1.583900 43.483600 -6.611901 -1.448165 0.150800
81 7 Car 0 0 9.555000 349.220000 114.118000 379.460000 194.975000 1.370400 3.391100 1.497300 30.498041 -2.501243 -1.432030 0.088100
81 8 Car 0 0 7.941681 349.220000 114.118000 379.460000 194.975000 1.506500 4.027800 1.630200 16.793837 -3.342178 -1.637227 0.010700
81 9 Car 0 0 6.743147 349.220000 114.118000 379.460000 194.975000 1.535500 3.438300 1.603100 33.322332 -18.820849 -1.842756 0.755700
82 3 Car 0 0 13.491359 349.220000 114.118000 379.460000 194.975000 1.573500 3.812700 1.649400 65.163353 -1.793741 -1.289224 0.086500
82 6 Car 0 0 11.716245 349.220000 114.118000 379.460000 194.975000 1.495600 3.939300 1.583900 44.738922 -6.714628 -1.448165 0.150800
82 7 Car 0 0 9.625318 349.220000 114.118000 379.460000 194.975000 1.413300 3.250700 1.516300 31.603959 -2.471920 -1.556422 0.040100
82 8 Car 0 0 8.132306 349.220000 114.118000 379.460000 194.975000 1.460500 3.967300 1.590500 17.887933 -3.284258 -1.582887 0.015400
82 9 Car 0 0 6.799783 349.220000 114.118000 379.460000 194.975000 1.583900 3.555700 1.652400 33.728342 -18.498706 -1.855783 0.747000
82 10 Car 0 0 3.428791 349.220000 114.118000 379.460000 194.975000 1.565800 3.919700 1.608400 3.617513 -3.671077 -1.660860 0.028000
83 3 Car 0 0 13.645388 349.220000 114.118000 379.460000 194.975000 1.558200 4.084900 1.662000 66.812063 -1.719049 -1.333680 0.073400
83 7 Car 0 0 9.733928 349.220000 114.118000 379.460000 194.975000 1.389000 3.486600 1.547900 32.790637 -2.423553 -1.558849 0.071100
83 8 Car 0 0 8.305274 349.220000 114.118000 379.460000 194.975000 1.474000 4.010500 1.606700 18.986983 -3.270898 -1.595845 0.018700
83 9 Car 0 0 6.744172 349.220000 114.118000 379.460000 194.975000 1.515600 3.497700 1.597100 34.146606 -18.105722 -1.764162 0.756100
83 10 Car 0 0 3.742320 349.220000 114.118000 379.460000 194.975000 1.642400 3.617400 1.518100 4.092621 -3.637945 -1.715352 -0.022100
83 6 Car 0 0 11.716245 349.220000 114.118000 379.460000 194.975000 1.495600 3.939300 1.583900 44.738449 -6.718869 -1.448165 0.150800
84 3 Car 0 0 13.810433 349.220000 114.118000 379.460000 194.975000 1.522600 3.906400 1.624500 68.508133 -1.653990 -1.302899 0.081900
84 7 Car 0 0 9.866787 349.220000 114.118000 379.460000 194.975000 1.354400 3.520300 1.489200 34.043455 -2.351438 -1.478388 0.052300
84 8 Car 0 0 8.477318 349.220000 114.118000 379.460000 194.975000 1.533100 3.889500 1.635800 20.109821 -3.268207 -1.591064 0.024500
84 9 Car 0 0 6.570296 349.220000 114.118000 379.460000 194.975000 1.498700 3.343100 1.568600 34.554472 -17.697060 -1.767385 0.741000
84 10 Car 0 0 4.292490 349.220000 114.118000 379.460000 194.975000 1.596000 3.746000 1.563800 4.853935 -3.647748 -1.621109 0.020400
84 6 Car 0 0 12.109191 349.220000 114.118000 379.460000 194.975000 1.495600 3.939300 1.583900 47.886776 -6.399635 -1.448165 0.150800
85 3 Car 0 0 13.974416 349.220000 114.118000 379.460000 194.975000 1.468500 3.821300 1.553600 70.217378 -1.619823 -1.256791 -0.022200
85 7 Car 0 0 9.960922 349.220000 114.118000 379.460000 194.975000 1.406500 3.440300 1.537300 35.239111 -2.366544 -1.495798 0.065800
85 8 Car 0 0 8.644159 349.220000 114.118000 379.460000 194.975000 1.481300 3.800300 1.622800 21.248213 -3.249875 -1.545856 0.012800
85 9 Car 0 0 6.370771 349.220000 114.118000 379.460000 194.975000 1.494700 3.517800 1.556300 34.969146 -17.333694 -1.740510 0.703700
85 10 Car 0 0 4.687265 349.220000 114.118000 379.460000 194.975000 1.690000 4.031300 1.591000 5.589179 -3.673753 -1.668991 0.008600
85 6 Car 0 0 12.109191 349.220000 114.118000 379.460000 194.975000 1.495600 3.939300 1.583900 47.886286 -6.403961 -1.448165 0.150800
86 7 Car 0 0 10.056142 349.220000 114.118000 379.460000 194.975000 1.431000 3.541000 1.544700 36.441052 -2.292007 -1.498901 0.084800
86 8 Car 0 0 8.827002 349.220000 114.118000 379.460000 194.975000 1.521600 3.947900 1.660500 22.438949 -3.226965 -1.590723 0.010700
86 9 Car 0 0 6.068155 349.220000 114.118000 379.460000 194.975000 1.392000 3.284100 1.475400 35.298187 -17.009574 -1.707047 0.698100
86 10 Car 0 0 5.096319 349.220000 114.118000 379.460000 194.975000 1.672300 3.982500 1.573500 6.402916 -3.694241 -1.665023 0.013600
86 3 Car 0 0 13.974416 349.220000 114.118000 379.460000 194.975000 1.468500 3.821300 1.553600 70.217336 -1.619158 -1.256791 -0.022200
87 7 Car 0 0 10.186042 349.220000 114.118000 379.460000 194.975000 1.463700 3.644600 1.559200 37.725989 -2.250501 -1.471499 0.036700
87 8 Car 0 0 9.033292 349.220000 114.118000 379.460000 194.975000 1.479700 3.991200 1.612800 23.700734 -3.174253 -1.555274 0.018900
87 9 Car 0 0 5.863222 349.220000 114.118000 379.460000 194.975000 1.479700 3.679700 1.570800 35.687653 -16.745281 -1.758524 0.685100
87 10 Car 0 0 5.435626 349.220000 114.118000 379.460000 194.975000 1.636300 4.058600 1.633500 7.210959 -3.624098 -1.643831 0.004100
88 7 Car 0 0 10.300536 349.220000 114.118000 379.460000 194.975000 1.471400 3.585700 1.571900 39.010830 -2.186662 -1.457280 0.090000
88 8 Car 0 0 9.226354 349.220000 114.118000 379.460000 194.975000 1.512500 3.957900 1.639700 24.974017 -3.164560 -1.578296 0.027100
88 9 Car 0 0 5.936380 349.220000 114.118000 379.460000 194.975000 1.400500 3.679200 1.485300 36.207101 -16.384946 -1.409480 0.686400
88 10 Car 0 0 5.782361 349.220000 114.118000 379.460000 194.975000 1.671600 4.021500 1.626000 8.065433 -3.604392 -1.666813 -0.015100
89 7 Car 0 0 10.350302 349.220000 114.118000 379.460000 194.975000 1.411300 3.321700 1.514900 40.153678 -2.163026 -1.427172 0.068700
89 8 Car 0 0 9.423663 349.220000 114.118000 379.460000 194.975000 1.471200 3.923400 1.627600 26.281480 -3.128374 -1.529759 0.058800
89 10 Car 0 0 6.075064 349.220000 114.118000 379.460000 194.975000 1.675200 3.962800 1.655100 8.922626 -3.589108 -1.655768 -0.020000
89 9 Car 0 0 5.936380 349.220000 114.118000 379.460000 194.975000 1.400500 3.679200 1.485300 36.206943 -16.385845 -1.409480 0.686400
90 7 Car 0 0 10.467065 349.220000 114.118000 379.460000 194.975000 1.474800 3.849500 1.593100 41.438686 -2.151977 -1.485340 0.044400
90 8 Car 0 0 9.585322 349.220000 114.118000 379.460000 194.975000 1.458600 3.695600 1.567700 27.546324 -3.068220 -1.517329 0.031300
90 10 Car 0 0 6.342235 349.220000 114.118000 379.460000 194.975000 1.704000 3.952500 1.632300 9.803862 -3.554571 -1.710934 0.038600
91 7 Car 0 0 10.609573 349.220000 114.118000 379.460000 194.975000 1.438000 3.636900 1.551400 42.802192 -2.087539 -1.436823 0.054600
91 8 Car 0 0 9.765146 349.220000 114.118000 379.460000 194.975000 1.504800 4.011500 1.638500 28.866945 -3.056080 -1.526610 0.014300
91 10 Car 0 0 6.541157 349.220000 114.118000 379.460000 194.975000 1.625800 3.954500 1.607200 10.659883 -3.541135 -1.626925 0.009500
91 9 Car 0 0 5.416987 349.220000 114.118000 379.460000 194.975000 1.455100 3.798100 1.559000 37.314681 -15.866786 -1.376923 0.544200
92 7 Car 0 0 10.732402 349.220000 114.118000 379.460000 194.975000 1.443900 3.653500 1.558600 44.140699 -2.063690 -1.423170 0.028800
92 8 Car 0 0 9.974222 349.220000 114.118000 379.460000 194.975000 1.480300 3.809400 1.605500 30.273023 -3.023280 -1.492491 0.018200
92 10 Car 0 0 6.782623 349.220000 114.118000 379.460000 194.975000 1.612300 3.986600 1.666900 11.594953 -3.530128 -1.633255 0.017700
92 9 Car 0 0 5.276986 349.220000 114.118000 379.460000 194.975000 1.498500 3.422200 1.587200 37.676787 -15.605057 -1.710951 0.603100
93 8 Car 0 0 10.190669 349.220000 114.118000 379.460000 194.975000 1.533700 3.969400 1.681800 31.725375 -2.999433 -0.996785 0.041800
93 10 Car 0 0 7.001794 349.220000 114.118000 379.460000 194.975000 1.596300 3.921400 1.635900 12.542988 -3.498709 -1.434252 0.004000
93 9 Car 0 0 5.057981 349.220000 114.118000 379.460000 194.975000 1.475800 3.367500 1.572300 37.822661 -15.252489 -1.009755 0.637100
93 7 Car 0 0 10.732402 349.220000 114.118000 379.460000 194.975000 1.443900 3.653500 1.558600 44.140316 -2.066206 -1.423170 0.028800
93 11 Car 0 0 5.650399 349.220000 114.118000 379.460000 194.975000 1.452100 3.930000 1.561700 3.899104 -3.610337 -1.610494 -0.001900
94 8 Car 0 0 10.367649 349.220000 114.118000 379.460000 194.975000 1.421200 3.641200 1.539500 33.125848 -2.973450 -1.425431 0.016200
94 10 Car 0 0 7.190355 349.220000 114.118000 379.460000 194.975000 1.595900 4.073000 1.685000 13.487048 -3.468328 -1.610172 0.008700
94 9 Car 0 0 5.001806 349.220000 114.118000 379.460000 194.975000 1.532600 3.284900 1.581500 38.106942 -14.902421 -1.661171 0.670200
94 11 Car 0 0 5.907425 349.220000 114.118000 379.460000 194.975000 1.439400 3.800400 1.520900 4.599550 -3.600680 -1.673260 -0.035700
94 7 Car 0 0 11.038312 349.220000 114.118000 379.460000 194.975000 1.441900 3.584700 1.553300 46.928397 -1.856550 -1.407236 -0.040800
95 8 Car 0 0 10.560006 349.220000 114.118000 379.460000 194.975000 1.534600 3.876700 1.680800 34.574622 -2.926319 -1.477461 0.059200
95 10 Car 0 0 7.355045 349.220000 114.118000 379.460000 194.975000 1.578800 4.009700 1.654100 14.430216 -3.457517 -1.597245 0.018900
95 9 Car 0 0 4.963608 349.220000 114.118000 379.460000 194.975000 1.480500 3.726400 1.593900 38.492733 -14.635248 -1.676551 0.626100
95 11 Car 0 0 6.320665 349.220000 114.118000 379.460000 194.975000 1.363700 3.136400 1.400800 5.532672 -3.598337 -1.635428 -0.022000
95 7 Car 0 0 11.038272 349.220000 114.118000 379.460000 194.975000 1.580600 3.904600 1.683000 48.064105 -1.863530 -1.543929 -0.035600
96 8 Car 0 0 10.784172 349.220000 114.118000 379.460000 194.975000 1.580900 4.053900 1.675800 36.114536 -2.880271 -1.517659 0.058800
96 10 Car 0 0 7.548212 349.220000 114.118000 379.460000 194.975000 1.654700 4.024400 1.675200 15.438356 -3.452488 -1.628570 0.004000
96 9 Car 0 0 4.860539 349.220000 114.118000 379.460000 194.975000 1.499800 3.567500 1.588100 38.783960 -14.371195 -1.592505 0.640200
96 11 Car 0 0 6.798208 349.220000 114.118000 379.460000 194.975000 1.403700 3.423000 1.495700 6.595003 -3.587152 -1.620688 -0.010400
96 7 Car 0 0 11.155065 349.220000 114.118000 379.460000 194.975000 1.395000 3.762500 1.544700 49.396387 -1.866684 -1.358598 0.026600
97 8 Car 0 0 10.976589 349.220000 114.118000 379.460000 194.975000 1.504900 3.798100 1.555400 37.620884 -2.828736 -1.489556 0.042100
97 10 Car 0 0 7.724072 349.220000 114.118000 379.460000 194.975000 1.554500 3.889200 1.657700 16.454486 -3.422018 -1.621730 0.008300
97 9 Car 0 0 4.719642 349.220000 114.118000 379.460000 194.975000 1.369800 3.472700 1.510100 39.044034 -14.161547 -1.570120 0.623700
97 11 Car 0 0 7.191857 349.220000 114.118000 379.460000 194.975000 1.420000 3.448200 1.491300 7.632536 -3.572050 -1.671610 -0.014600
97 7 Car 0 0 11.270588 349.220000 114.118000 379.460000 194.975000 1.436600 3.768900 1.550100 50.749829 -1.796703 -1.392901 0.012200
98 8 Car 0 0 11.118169 349.220000 114.118000 379.460000 194.975000 1.468100 3.629100 1.546000 39.022953 -2.698644 -0.758215 0.079000
98 10 Car 0 0 7.881075 349.220000 114.118000 379.460000 194.975000 1.693900 3.932200 1.647600 17.468339 -3.348296 -1.387412 0.010900
98 9 Car 0 0 4.542863 349.220000 114.118000 379.460000 194.975000 1.491600 3.453500 1.584000 39.220586 -13.982118 -1.018074 0.649800
98 11 Car 0 0 7.422617 349.220000 114.118000 379.460000 194.975000 1.363400 3.217200 1.444700 8.549879 -3.529547 -1.493497 0.003400
98 7 Car 0 0 11.270588 349.220000 114.118000 379.460000 194.975000 1.436600 3.768900 1.550100 50.749602 -1.797101 -1.392901 0.012200
98 12 Car 0 0 10.479082 349.220000 114.118000 379.460000 194.975000 1.405300 3.738500 1.494600 8.842151 -7.538750 -1.498254 0.001500
99 8 Car 0 0 11.289766 349.220000 114.118000 379.460000 194.975000 1.516200 3.993600 1.600600 40.500959 -2.628554 -1.393667 0.098300
99 10 Car 0 0 8.031938 349.220000 114.118000 379.460000 194.975000 1.613800 4.093500 1.704800 18.500261 -3.327899 -1.579752 0.020700
99 9 Car 0 0 4.393907 349.220000 114.118000 379.460000 194.975000 1.423700 3.567500 1.553100 39.441940 -13.864132 -1.570760 0.622700
99 11 Car 0 0 7.685319 349.220000 114.118000 379.460000 194.975000 1.383600 3.172500 1.461300 9.515350 -3.525512 -1.628451 0.017400
99 12 Car 0 0 10.516439 349.220000 114.118000 379.460000 194.975000 1.403000 3.732700 1.497300 9.682163 -7.488403 -1.664472 -0.013900
100 8 Car 0 0 11.518234 349.220000 114.118000 379.460000 194.975000 1.535300 3.833200 1.582700 42.127794 -2.572665 -1.428286 0.047400
100 10 Car 0 0 8.200801 349.220000 114.118000 379.460000 194.975000 1.658600 4.126700 1.723100 19.586393 -3.356033 -1.631627 -0.000300
100 9 Car 0 0 4.282816 349.220000 114.118000 379.460000 194.975000 1.425500 3.552500 1.547400 39.673815 -13.724794 -1.572437 0.632800
100 11 Car 0 0 7.935203 349.220000 114.118000 379.460000 194.975000 1.424600 3.412100 1.515900 10.508107 -3.547582 -1.647613 -0.012400
100 12 Car 0 0 10.450750 349.220000 114.118000 379.460000 194.975000 1.412700 4.101700 1.553300 10.585898 -7.470692 -1.623520 0.022900
101 8 Car 0 0 11.729850 349.220000 114.118000 379.460000 194.975000 1.488400 3.918400 1.588700 43.752447 -2.552829 -1.443884 0.053500
101 10 Car 0 0 8.345583 349.220000 114.118000 379.460000 194.975000 1.655600 4.008600 1.670400 20.655905 -3.353125 -1.554262 -0.001100
101 9 Car 0 0 4.153922 349.220000 114.118000 379.460000 194.975000 1.384700 3.351400 1.497500 39.871937 -13.631952 -1.559108 0.591800
101 11 Car 0 0 8.145343 349.220000 114.118000 379.460000 194.975000 1.391500 3.364100 1.493000 11.506596 -3.528718 -1.618910 0.009300
101 12 Car 0 0 10.231587 349.220000 114.118000 379.460000 194.975000 1.391800 4.092800 1.551000 11.467015 -7.404648 -1.623745 0.001800
101 7 Car 0 0 11.976103 349.220000 114.118000 379.460000 194.975000 1.444600 3.719000 1.529700 56.580473 -1.282993 -1.393820 0.078800
102 8 Car 0 0 11.913642 349.220000 114.118000 379.460000 194.975000 1.548200 3.762700 1.605800 45.338901 -2.569966 -1.460044 0.036600
102 10 Car 0 0 8.452206 349.220000 114.118000 379.460000 194.975000 1.560600 3.836600 1.653200 21.679381 -3.339710 -1.522977 -0.003800
102 9 Car 0 0 4.053624 349.220000 114.118000 379.460000 194.975000 1.388600 3.560300 1.530500 40.079924 -13.469161 -1.489726 0.592700
102 11 Car 0 0 8.286301 349.220000 114.118000 379.460000 194.975000 1.363800 3.370400 1.492600 12.469283 -3.568315 -1.616105 -0.015000
102 12 Car 0 0 10.236594 349.220000 114.118000 379.460000 194.975000 1.379700 4.282800 1.586300 12.483899 -7.475976 -1.632447 -0.006000
102 7 Car 0 0 11.973055 349.220000 114.118000 379.460000 194.975000 1.431500 3.664300 1.517300 57.854354 -1.272816 -1.311105 0.081300
103 8 Car 0 0 12.076128 349.220000 114.118000 379.460000 194.975000 1.523600 3.821900 1.650900 46.888991 -2.484247 -1.340754 0.045700
103 10 Car 0 0 8.592674 349.220000 114.118000 379.460000 194.975000 1.636400 4.013200 1.650200 22.773424 -3.286840 -1.512279 0.008000
103 9 Car 0 0 4.011103 349.220000 114.118000 379.460000 194.975000 1.508800 3.699400 1.602100 40.361029 -13.309809 -1.575788 0.622300
103 11 Car 0 0 8.451693 349.220000 114.118000 379.460000 194.975000 1.367100 3.229200 1.484900 13.483614 -3.528567 -1.614593 0.024600
103 12 Car 0 0 10.208794 349.220000 114.118000 379.460000 194.975000 1.383300 4.209800 1.574800 13.473961 -7.433928 -1.606898 0.014800
103 7 Car 0 0 11.973055 349.220000 114.118000 379.460000 194.975000 1.431500 3.664300 1.517300 57.853465 -1.280385 -1.311105 0.081300
104 8 Car 0 0 12.265451 349.220000 114.118000 379.460000 194.975000 1.521800 3.995400 1.595700 48.501998 -2.286116 -0.530891 0.088100
104 10 Car 0 0 8.760950 349.220000 114.118000 379.460000 194.975000 1.649400 4.124600 1.661400 23.938665 -3.236771 -1.206302 0.006400
104 9 Car 0 0 3.910730 349.220000 114.118000 379.460000 194.975000 1.409700 3.367400 1.513100 40.512939 -13.125956 -0.853712 0.602300
104 11 Car 0 0 8.614995 349.220000 114.118000 379.460000 194.975000 1.408000 3.254200 1.521600 14.520192 -3.500605 -1.400636 -0.027600
104 12 Car 0 0 10.184092 349.220000 114.118000 379.460000 194.975000 1.432600 4.352000 1.623100 14.468231 -7.365335 -1.378576 0.021900
105 8 Car 0 0 12.420084 349.220000 114.118000 379.460000 194.975000 1.572400 4.040600 1.636400 50.059632 -2.285837 -1.297043 -0.018800
105 10 Car 0 0 8.908851 349.220000 114.118000 379.460000 194.975000 1.654700 4.244000 1.631500 25.094102 -3.203115 -1.564116 -0.011800
105 9 Car 0 0 3.799883 349.220000 114.118000 379.460000 194.975000 1.420500 3.557900 1.523100 40.726858 -13.027742 -1.554057 0.579300
105 11 Car 0 0 8.793638 349.220000 114.118000 379.460000 194.975000 1.425300 3.337200 1.546100 15.604809 -3.501390 -1.641930 0.004400
105 12 Car 0 0 10.163018 349.220000 114.118000 379.460000 194.975000 1.349000 4.238200 1.574600 15.469186 -7.403063 -1.618186 0.001200
106 8 Car 0 0 12.596032 349.220000 114.118000 379.460000 194.975000 1.643200 3.864900 1.682500 51.668014 -2.231097 -1.364032 0.021500
106 10 Car 0 0 9.060289 349.220000 114.118000 379.460000 194.975000 1.645200 4.082700 1.636900 26.275187 -3.170163 -1.546973 -0.009200
106 9 Car 0 0 3.630407 349.220000 114.118000 379.460000 194.975000 1.465600 3.560300 1.558800 40.839146 -12.986802 -1.589973 0.592200
106 11 Car 0 0 8.927057 349.220000 114.118000 379.460000 194.975000 1.440600 3.243300 1.546200 16.659045 -3.456053 -1.613105 0.022500
106 12 Car 0 0 10.224412 349.220000 114.118000 379.460000 194.975000 1.409700 4.183100 1.592000 16.541386 -7.395153 -1.632156 0.016300
107 8 Car 0 0 12.715592 349.220000 114.118000 379.460000 194.975000 1.556300 3.747700 1.619300 53.165904 -2.092912 -1.417946 0.089500
107 10 Car 0 0 9.149447 349.220000 114.118000 379.460000 194.975000 1.578000 3.987000 1.624300 27.358555 -3.171400 -1.500447 -0.005500
107 9 Car 0 0 3.480493 349.220000 114.118000 379.460000 194.975000 1.422800 3.429900 1.505100 40.942905 -12.933065 -1.493917 0.604100
107 11 Car 0 0 9.109068 349.220000 114.118000 379.460000 194.975000 1.407000 3.584000 1.547100 17.803017 -3.430737 -1.622421 0.013900
107 12 Car 0 0 10.223975 349.220000 114.118000 379.460000 194.975000 1.364400 4.275200 1.588800 17.560406 -7.381477 -1.623073 0.026800
108 8 Car 0 0 12.814731 349.220000 114.118000 379.460000 194.975000 1.507300 3.494500 1.577900 54.629853 -2.022922 -1.374699 -0.016500
108 10 Car 0 0 9.250838 349.220000 114.118000 379.460000 194.975000 1.670200 3.899300 1.701800 28.470217 -3.131759 -1.512376 0.039200
108 9 Car 0 0 3.319350 349.220000 114.118000 379.460000 194.975000 1.406500 3.442400 1.483200 41.011011 -12.876136 -1.513978 0.601700
108 11 Car 0 0 9.197289 349.220000 114.118000 379.460000 194.975000 1.337800 3.238800 1.482600 18.845452 -3.433726 -1.569823 -0.001200
108 12 Car 0 0 10.284981 349.220000 114.118000 379.460000 194.975000 1.444200 4.422100 1.614600 18.649069 -7.352124 -1.633061 0.029400
109 8 Car 0 0 12.958594 349.220000 114.118000 379.460000 194.975000 1.540300 3.805200 1.612600 56.175255 -1.993749 -1.247190 0.035100
109 10 Car 0 0 9.355808 349.220000 114.118000 379.460000 194.975000 1.617000 3.930900 1.673800 29.597873 -3.091523 -1.430757 -0.009300
109 9 Car 0 0 3.180488 349.220000 114.118000 379.460000 194.975000 1.480300 3.630900 1.531000 41.111073 -12.860614 -1.576155 0.611800
109 11 Car 0 0 9.318453 349.220000 114.118000 379.460000 194.975000 1.351900 3.177700 1.470900 19.947395 -3.407939 -1.598063 -0.001200
109 12 Car 0 0 10.267195 349.220000 114.118000 379.460000 194.975000 1.370600 4.276100 1.597700 19.652587 -7.334464 -1.547662 0.022500
110 10 Car 0 0 9.470828 349.220000 114.118000 379.460000 194.975000 1.644700 3.822400 1.584100 30.755269 -3.017521 -1.516636 0.027300
110 9 Car 0 0 3.104663 349.220000 114.118000 379.460000 194.975000 1.449500 3.633700 1.511300 41.293362 -12.729847 -1.558261 0.598500
110 11 Car 0 0 9.432243 349.220000 114.118000 379.460000 194.975000 1.400900 3.152200 1.475400 21.056392 -3.388510 -1.601982 -0.009700
110 12 Car 0 0 10.322395 349.220000 114.118000 379.460000 194.975000 1.365300 4.151100 1.567400 20.751586 -7.305870 -1.569537 0.031700
110 8 Car 0 0 12.958594 349.220000 114.118000 379.460000 194.975000 1.540300 3.805200 1.612600 56.174515 -1.998467 -1.247190 0.035100
111 10 Car 0 0 9.566607 349.220000 114.118000 379.460000 194.975000 1.633200 3.930700 1.610000 31.893810 -2.991670 -1.524847 0.034100
111 9 Car 0 0 2.990866 349.220000 114.118000 379.460000 194.975000 1.451300 3.623400 1.527500 41.403031 -12.667186 -1.568947 0.626200
111 11 Car 0 0 9.563583 349.220000 114.118000 379.460000 194.975000 1.404900 3.399600 1.526600 22.211419 -3.339797 -1.554799 0.043000
111 12 Car 0 0 10.405325 349.220000 114.118000 379.460000 194.975000 1.463500 4.416800 1.644700 21.894050 -7.313416 -1.577195 -0.011600
111 8 Car 0 0 13.370759 349.220000 114.118000 379.460000 194.975000 1.552900 3.462500 1.586700 59.431576 -1.853714 -1.261577 0.055900
112 10 Car 0 0 9.686225 349.220000 114.118000 379.460000 194.975000 1.680600 4.071600 1.632400 33.088436 -2.976355 -1.515973 -0.003300
112 9 Car 0 0 2.870385 349.220000 114.118000 379.460000 194.975000 1.433400 3.752500 1.544600 41.514137 -12.617680 -1.334910 0.602000
112 11 Car 0 0 9.676590 349.220000 114.118000 379.460000 194.975000 1.400000 3.079100 1.485100 23.359967 -3.358214 -1.558328 -0.009600
112 12 Car 0 0 10.363931 349.220000 114.118000 379.460000 194.975000 1.372700 4.045800 1.575100 22.871270 -7.296934 -1.540274 0.024000
112 8 Car 0 0 13.370759 349.220000 114.118000 379.460000 194.975000 1.552900 3.462500 1.586700 59.431052 -1.854244 -1.261577 0.055900
113 10 Car 0 0 9.789858 349.220000 114.118000 379.460000 194.975000 1.690600 4.101600 1.672400 34.267102 -3.009760 -1.079753 0.042300
113 9 Car 0 0 2.798874 349.220000 114.118000 379.460000 194.975000 1.476300 3.764300 1.577600 41.712741 -12.576980 -1.061370 0.567400
113 11 Car 0 0 9.814942 349.220000 114.118000 379.460000 194.975000 1.414000 3.351300 1.522400 24.566353 -3.394983 -1.211949 0.020500
113 12 Car 0 0 10.426679 349.220000 114.118000 379.460000 194.975000 1.495300 4.370000 1.647400 23.996536 -7.342885 -1.289562 -0.010700
113 8 Car 0 0 14.127843 349.220000 114.118000 379.460000 194.975000 1.549200 3.956900 1.639300 62.759339 -1.970238 -0.450444 0.072000
114 10 Car 0 0 9.857779 349.220000 114.118000 379.460000 194.975000 1.632700 3.967200 1.668200 35.390253 -2.888883 -1.416168 0.013100
114 9 Car 0 0 2.525923 349.220000 114.118000 379.460000 194.975000 1.518800 3.743400 1.606400 41.601254 -12.591055 -1.674819 0.561200
114 11 Car 0 0 9.930019 349.220000 114.118000 379.460000 194.975000 1.388700 3.332800 1.515300 25.759702 -3.320672 -1.522332 0.025000
114 12 Car 0 0 10.413916 349.220000 114.118000 379.460000 194.975000 1.350500 4.085100 1.550400 25.022828 -7.273683 -1.512499 0.021000
114 8 Car 0 0 14.127843 349.220000 114.118000 379.460000 194.975000 1.549200 3.956900 1.639300 62.759095 -1.968928 -0.450444 0.072000
115 10 Car 0 0 10.003783 349.220000 114.118000 379.460000 194.975000 1.705900 4.082300 1.651400 36.661705 -2.787664 -1.535919 0.031700
115 9 Car 0 0 2.251369 349.220000 114.118000 379.460000 194.975000 1.512800 3.626200 1.590400 41.467206 -12.608891 -1.621873 0.618100
115 11 Car 0 0 10.058702 349.220000 114.118000 379.460000 194.975000 1.364100 3.318600 1.487200 26.987317 -3.272075 -1.499667 0.029100
115 12 Car 0 0 10.446513 349.220000 114.118000 379.460000 194.975000 1.413800 4.086900 1.609000 26.111309 -7.246875 -1.575757 0.046400
116 10 Car 0 0 10.117019 349.220000 114.118000 379.460000 194.975000 1.759500 4.073300 1.638800 37.891793 -2.711267 -1.535460 0.027500
116 9 Car 0 0 2.051436 349.220000 114.118000 379.460000 194.975000 1.486100 3.548000 1.582600 41.444904 -12.681450 -1.605902 0.521500
116 11 Car 0 0 10.169928 349.220000 114.118000 379.460000 194.975000 1.466700 3.195900 1.511200 28.202032 -3.232837 -1.548519 -0.002600
116 12 Car 0 0 10.545639 349.220000 114.118000 379.460000 194.975000 1.442600 4.233200 1.617200 27.316424 -7.193482 -1.532947 0.061300
116 8 Car 0 0 15.294109 349.220000 114.118000 379.460000 194.975000 1.503500 3.824600 1.591700 67.663888 -1.661762 -1.248667 -0.075700
117 10 Car 0 0 10.160900 349.220000 114.118000 379.460000 194.975000 1.600800 3.912400 1.647300 39.004700 -2.733028 -1.444997 -0.000300
117 9 Car 0 0 1.802070 349.220000 114.118000 379.460000 194.975000 1.425000 3.454600 1.512600 41.387081 -12.648132 -1.563005 0.609400
117 11 Car 0 0 10.286776 349.220000 114.118000 379.460000 194.975000 1.351700 3.326700 1.503700 29.439833 -3.178018 -1.508617 0.073100
117 12 Car 0 0 10.615114 349.220000 114.118000 379.460000 194.975000 1.449500 4.172300 1.592900 28.487081 -7.143250 -1.544474 0.034500
117 8 Car 0 0 15.644307 349.220000 114.118000 379.460000 194.975000 1.482200 3.867300 1.590500 69.367611 -1.463975 -1.236276 0.033700
118 10 Car 0 0 10.206012 349.220000 114.118000 379.460000 194.975000 1.571400 3.637800 1.638900 40.106101 -2.649417 -1.365993 0.032000
118 9 Car 0 0 1.545211 349.220000 114.118000 379.460000 194.975000 1.435000 3.393100 1.519600 41.296021 -12.703081 -1.514164 0.560700
118 11 Car 0 0 10.381826 349.220000 114.118000 379.460000 194.975000 1.382300 3.330700 1.501200 30.651179 -3.110368 -1.497654 0.059500
118 12 Car 0 0 10.586328 349.220000 114.118000 379.460000 194.975000 1.403800 4.012100 1.563400 29.495286 -7.133962 -1.524643 0.027300
118 8 Car 0 0 15.644307 349.220000 114.118000 379.460000 194.975000 1.482200 3.867300 1.590500 69.366691 -1.468827 -1.236276 0.033700
119 10 Car 0 0 10.326246 349.220000 114.118000 379.460000 194.975000 1.637000 3.842600 1.631200 41.357413 -2.565328 -0.829441 0.030300
119 9 Car 0 0 1.283534 349.220000 114.118000 379.460000 194.975000 1.409700 3.399900 1.502100 41.248490 -12.675082 -0.861512 0.552400
119 11 Car 0 0 10.442286 349.220000 114.118000 379.460000 194.975000 1.372100 3.383100 1.534000 31.801430 -3.003262 -1.025198 0.042600
119 12 Car 0 0 10.657210 349.220000 114.118000 379.460000 194.975000 1.425400 4.299700 1.648200 30.680480 -7.096150 -1.028104 0.030000
120 10 Car 0 0 10.458009 349.220000 114.118000 379.460000 194.975000 1.566700 3.849900 1.635300 42.660715 -2.562886 -1.403152 -0.030500
120 9 Car 0 0 1.034546 349.220000 114.118000 379.460000 194.975000 1.410800 3.273200 1.478000 41.209318 -12.705196 -1.526458 0.596100
120 11 Car 0 0 10.538439 349.220000 114.118000 379.460000 194.975000 1.437500 3.311800 1.544100 33.036597 -2.965509 -1.485615 0.068200
120 12 Car 0 0 10.695322 349.220000 114.118000 379.460000 194.975000 1.368700 4.195000 1.588600 31.814606 -7.056976 -1.408035 0.044400
120 13 Car 0 0 0.000000 349.220000 114.118000 379.460000 194.975000 1.841900 4.064400 1.688500 -0.011583 -0.013193 -1.485931 -0.034900
121 10 Car 0 0 10.577232 349.220000 114.118000 379.460000 194.975000 1.640900 3.834000 1.670400 43.950510 -2.485207 -1.452076 0.059400
121 9 Car 0 0 0.804390 349.220000 114.118000 379.460000 194.975000 1.415700 3.554000 1.504900 41.239699 -12.672763 -1.539486 0.586900
121 11 Car 0 0 10.619206 349.220000 114.118000 379.460000 194.975000 1.443100 3.304200 1.551900 34.258975 -3.017374 -1.453346 0.036500
121 12 Car 0 0 10.716129 349.220000 114.118000 379.460000 194.975000 1.456900 4.094500 1.609700 32.920319 -7.000419 -1.425673 0.055700
122 10 Car 0 0 10.676274 349.220000 114.118000 379.460000 194.975000 1.641000 3.779600 1.680600 45.213316 -2.484024 -1.380300 -0.026400
122 9 Car 0 0 0.617070 349.220000 114.118000 379.460000 194.975000 1.396000 3.431400 1.476800 41.218776 -12.698497 -1.524333 0.584400
122 11 Car 0 0 10.701897 349.220000 114.118000 379.460000 194.975000 1.521800 3.468300 1.616300 35.487083 -2.991837 -1.491844 0.044200
122 12 Car 0 0 10.758282 349.220000 114.118000 379.460000 194.975000 1.489300 4.149900 1.604000 34.068114 -6.923941 -1.451132 0.064700
123 10 Car 0 0 10.766796 349.220000 114.118000 379.460000 194.975000 1.631000 3.761400 1.682900 46.465348 -2.519965 -1.371617 -0.002400
123 9 Car 0 0 0.434081 349.220000 114.118000 379.460000 194.975000 1.440600 3.438300 1.520400 41.292993 -12.667567 -1.541746 0.577800
123 11 Car 0 0 10.790611 349.220000 114.118000 379.460000 194.975000 1.470000 3.502300 1.621900 36.738054 -2.960032 -1.480057 0.064000
123 12 Car 0 0 10.765865 349.220000 114.118000 379.460000 194.975000 1.401800 3.992300 1.627200 35.162752 -6.925155 -1.467693 0.041300
124 10 Car 0 0 10.878823 349.220000 114.118000 379.460000 194.975000 1.611500 3.789500 1.646800 47.766626 -2.517386 -1.325731 -0.059500
124 9 Car 0 0 0.301123 349.220000 114.118000 379.460000 194.975000 1.361200 3.627800 1.478400 41.275700 -12.665853 -1.471150 0.582300
124 11 Car 0 0 10.870671 349.220000 114.118000 379.460000 194.975000 1.389400 3.408300 1.518400 37.979983 -2.926307 -1.373512 0.048900
124 12 Car 0 0 10.838654 349.220000 114.118000 379.460000 194.975000 1.463900 4.165200 1.624000 36.384019 -6.868639 -1.409181 0.060900
124 14 Car 0 0 0.000000 349.220000 114.118000 379.460000 194.975000 2.031900 4.523400 1.708600 -0.014448 -0.014590 -1.698087 -0.004800
125 10 Car 0 0 11.025739 349.220000 114.118000 379.460000 194.975000 1.645200 4.281300 1.649600 49.150591 -2.484400 -0.547701 -0.109800
125 9 Car 0 0 0.035650 349.220000 114.118000 379.460000 194.975000 1.444300 3.611500 1.533200 41.289223 -12.628911 -0.910474 0.582300
125 11 Car 0 0 10.921220 349.220000 114.118000 379.460000 194.975000 1.468300 3.469300 1.556900 39.166686 -2.801901 -0.833476 0.039900
125 12 Car 0 0 10.892924 349.220000 114.118000 379.460000 194.975000 1.443400 4.152800 1.611100 37.576431 -6.794098 -0.867024 0.056500
126 10 Car 0 0 11.088313 349.220000 114.118000 379.460000 194.975000 1.533700 3.635500 1.595400 50.389301 -2.321176 -1.197240 -0.058800
126 9 Car 0 0 0.082159 349.220000 114.118000 379.460000 194.975000 1.398000 3.577300 1.504100 41.278010 -12.639443 -1.536354 0.580600
126 11 Car 0 0 11.026400 349.220000 114.118000 379.460000 194.975000 1.446700 3.737900 1.592000 40.476819 -2.768115 -1.425906 0.015800
126 12 Car 0 0 10.966392 349.220000 114.118000 379.460000 194.975000 1.456800 4.457600 1.669900 38.820493 -6.776713 -1.442445 0.078500
127 10 Car 0 0 11.196377 349.220000 114.118000 379.460000 194.975000 1.556100 3.691900 1.612200 51.709211 -2.237852 -0.301567 -0.045400
127 9 Car 0 0 0.085176 349.220000 114.118000 379.460000 194.975000 1.397200 3.396400 1.493100 41.238143 -12.669616 -0.845191 0.617800
127 11 Car 0 0 11.131663 349.220000 114.118000 379.460000 194.975000 1.464100 3.800900 1.582400 41.803526 -2.733541 -0.735223 0.002400
127 12 Car 0 0 11.007093 349.220000 114.118000 379.460000 194.975000 1.429000 4.243800 1.612700 40.002732 -6.771005 -0.762340 0.069100
128 10 Car 0 0 11.262016 349.220000 114.118000 379.460000 194.975000 1.607400 3.953500 1.706500 52.976986 -2.290539 -1.179344 -0.032100
128 9 Car 0 0 0.223013 349.220000 114.118000 379.460000 194.975000 1.455800 3.701400 1.541900 41.348640 -12.679517 -1.551359 0.585200
128 11 Car 0 0 11.199087 349.220000 114.118000 379.460000 194.975000 1.458400 3.854300 1.602300 43.058235 -2.665227 -1.437276 0.060900
128 12 Car 0 0 11.055343 349.220000 114.118000 379.460000 194.975000 1.555800 4.368100 1.686400 41.206831 -6.755199 -1.455024 0.023700
129 10 Car 0 0 11.372276 349.220000 114.118000 379.460000 194.975000 1.580700 3.708600 1.615800 54.299681 -2.133049 -0.388994 -0.038300
129 9 Car 0 0 0.235762 349.220000 114.118000 379.460000 194.975000 1.401500 3.688500 1.521700 41.308429 -12.703623 -0.807260 0.551600
129 11 Car 0 0 11.281139 349.220000 114.118000 379.460000 194.975000 1.524700 3.979800 1.650400 44.345925 -2.534531 -0.710065 0.091200
129 12 Car 0 0 11.058504 349.220000 114.118000 379.460000 194.975000 1.554000 4.156300 1.711700 42.320869 -6.620986 -0.735563 0.056500
130 10 Car 0 0 11.548500 349.220000 114.118000 379.460000 194.975000 1.565700 3.694800 1.605200 55.765279 -2.015261 -1.176401 -0.028500
130 9 Car 0 0 0.350968 349.220000 114.118000 379.460000 194.975000 1.499200 3.995200 1.600000 41.194951 -12.781414 -1.600726 0.594400
130 11 Car 0 0 11.381849 349.220000 114.118000 379.460000 194.975000 1.372500 3.971000 1.572800 45.691954 -2.524601 -1.351782 0.035300
130 12 Car 0 0 11.126209 349.220000 114.118000 379.460000 194.975000 1.534400 4.398000 1.692300 43.575662 -6.614930 -1.415666 0.046400
131 10 Car 0 0 11.666990 349.220000 114.118000 379.460000 194.975000 1.543600 3.570700 1.589500 57.147432 -1.893768 -1.083520 -0.029100
131 9 Car 0 0 0.523144 349.220000 114.118000 379.460000 194.975000 1.499200 3.995200 1.600000 41.470166 -12.830088 -1.600726 0.594400
131 11 Car 0 0 11.456764 349.220000 114.118000 379.460000 194.975000 1.420100 3.869100 1.565700 46.994820 -2.577816 -1.280831 0.012000
131 12 Car 0 0 11.153926 349.220000 114.118000 379.460000 194.975000 1.543000 4.236200 1.677200 44.753626 -6.684144 -1.395398 -0.019400
132 10 Car 0 0 11.769618 349.220000 114.118000 379.460000 194.975000 1.582900 3.605900 1.646000 58.516893 -1.841244 -1.094517 -0.037600
132 11 Car 0 0 11.478409 349.220000 114.118000 379.460000 194.975000 1.424000 3.473500 1.533300 48.185051 -2.468159 -1.342640 0.020500
132 12 Car 0 0 11.175521 349.220000 114.118000 379.460000 194.975000 1.464300 3.953500 1.595200 45.915482 -6.589643 -1.347496 -0.006200
132 9 Car 0 0 0.523144 349.220000 114.118000 379.460000 194.975000 1.499200 3.995200 1.600000 41.469979 -12.829311 -1.600726 0.594400
132 15 Car 0 0 0.000000 349.220000 114.118000 379.460000 194.975000 1.871200 4.482300 1.766600 -0.017436 -0.013960 -1.588664 0.008300
133 10 Car 0 0 11.884971 349.220000 114.118000 379.460000 194.975000 1.529700 3.680300 1.610600 59.918414 -1.817988 -1.030246 0.028900
133 11 Car 0 0 11.575961 349.220000 114.118000 379.460000 194.975000 1.454200 3.698500 1.573600 49.531654 -2.375728 -1.351273 0.007500
133 12 Car 0 0 11.249081 349.220000 114.118000 379.460000 194.975000 1.479900 4.497300 1.674800 47.193983 -6.490066 -1.298570 0.062800
134 10 Car 0 0 11.990907 349.220000 114.118000 379.460000 194.975000 1.566200 3.712300 1.628800 61.314905 -1.925955 -1.134009 -0.090300
134 11 Car 0 0 11.657023 349.220000 114.118000 379.460000 194.975000 1.452400 3.757400 1.575200 50.865805 -2.424107 -1.342170 -0.006300
134 12 Car 0 0 11.256962 349.220000 114.118000 379.460000 194.975000 1.521000 4.103000 1.639700 48.335343 -6.456813 -1.350479 0.019600
135 11 Car 0 0 11.736860 349.220000 114.118000 379.460000 194.975000 1.419200 3.760200 1.549000 52.195920 -2.358241 -1.332744 0.072900
135 12 Car 0 0 11.278485 349.220000 114.118000 379.460000 194.975000 1.486200 3.818600 1.610300 49.503791 -6.365847 -1.289406 0.050100
135 10 Car 0 0 11.990907 349.220000 114.118000 379.460000 194.975000 1.566200 3.712300 1.628800 61.314427 -1.927594 -1.134009 -0.090300
136 11 Car 0 0 11.817931 349.220000 114.118000 379.460000 194.975000 1.442600 3.771500 1.545000 53.543947 -2.353751 -1.272050 0.024900
136 12 Car 0 0 11.304609 349.220000 114.118000 379.460000 194.975000 1.478000 3.967200 1.623700 50.694456 -6.352869 -1.374328 -0.001800
137 11 Car 0 0 11.910394 349.220000 114.118000 379.460000 194.975000 1.439000 3.859300 1.550900 54.917697 -2.339535 -1.367090 -0.000700
137 12 Car 0 0 11.368783 349.220000 114.118000 379.460000 194.975000 1.499500 4.046900 1.646800 51.968652 -6.271813 -1.414500 0.007700
137 10 Car 0 0 12.544425 349.220000 114.118000 379.460000 194.975000 1.472600 3.694800 1.558500 65.802322 -1.704495 -1.030336 -0.034600
138 11 Car 0 0 11.978744 349.220000 114.118000 379.460000 194.975000 1.472300 3.620100 1.563900 56.253299 -2.198079 -1.270697 0.041300
138 12 Car 0 0 11.388826 349.220000 114.118000 379.460000 194.975000 1.482700 3.886100 1.619500 53.150927 -6.254384 -1.444559 0.046900
138 10 Car 0 0 12.636316 349.220000 114.118000 379.460000 194.975000 1.481300 3.740500 1.579300 67.230121 -1.644652 -0.999596 -0.060600
139 11 Car 0 0 12.075831 349.220000 114.118000 379.460000 194.975000 1.506700 3.497800 1.563900 57.655817 -2.233718 -1.324435 -0.083200
139 12 Car 0 0 11.438864 349.220000 114.118000 379.460000 194.975000 1.457400 3.905600 1.581600 54.403093 -6.202911 -1.455769 0.034100
139 10 Car 0 0 12.636316 349.220000 114.118000 379.460000 194.975000 1.481300 3.740500 1.579300 67.229861 -1.644965 -0.999596 -0.060600
139 16 Car 0 0 0.947227 349.220000 114.118000 379.460000 194.975000 1.415700 3.705700 1.533900 41.320395 -12.650097 -1.545722 0.584400
140 11 Car 0 0 12.183560 349.220000 114.118000 379.460000 194.975000 1.518100 4.003900 1.622500 59.079875 -2.123468 -0.166496 -0.009600
140 12 Car 0 0 11.500848 349.220000 114.118000 379.460000 194.975000 1.533300 4.022900 1.648400 55.686024 -6.038755 -0.450931 0.036500
140 16 Car 0 0 1.038569 349.220000 114.118000 379.460000 194.975000 1.401000 3.350200 1.504100 41.173519 -12.666066 -0.872864 0.582300
141 11 Car 0 0 12.285608 349.220000 114.118000 379.460000 194.975000 1.528500 3.884400 1.602200 60.512487 -2.138106 -1.107624 0.028300
141 12 Car 0 0 11.514251 349.220000 114.118000 379.460000 194.975000 1.533300 4.022900 1.648400 56.867087 -6.032242 -0.450931 0.036500
141 16 Car 0 0 0.896383 349.220000 114.118000 379.460000 194.975000 1.381900 3.490100 1.492300 41.211715 -12.674096 -1.498508 0.613700
142 11 Car 0 0 12.361988 349.220000 114.118000 379.460000 194.975000 1.512200 3.897400 1.596700 61.907060 -2.308929 -0.410920 -0.016600
142 12 Car 0 0 11.567915 349.220000 114.118000 379.460000 194.975000 1.508400 3.768600 1.616400 58.150544 -6.114110 -0.584185 0.081500
142 16 Car 0 0 0.870031 349.220000 114.118000 379.460000 194.975000 1.445500 3.474400 1.547100 41.213762 -12.762084 -1.041735 0.571500
143 11 Car 0 0 12.439680 349.220000 114.118000 379.460000 194.975000 1.532800 3.792200 1.609800 63.298927 -2.183798 -1.296213 -0.004500
143 12 Car 0 0 11.594708 349.220000 114.118000 379.460000 194.975000 1.508400 3.768600 1.616400 59.363159 -5.963418 -0.584185 0.081500
143 16 Car 0 0 0.551368 349.220000 114.118000 379.460000 194.975000 1.398200 3.445300 1.488800 41.229591 -12.698727 -1.503382 0.584300
144 11 Car 0 0 12.519473 349.220000 114.118000 379.460000 194.975000 1.498400 3.615900 1.570600 64.698577 -1.987776 -1.119500 -0.040400
144 12 Car 0 0 11.659235 349.220000 114.118000 379.460000 194.975000 1.490700 3.776500 1.590300 60.666251 -5.864754 -1.239063 0.005900
144 16 Car 0 0 0.410917 349.220000 114.118000 379.460000 194.975000 1.370100 3.521200 1.487400 41.280910 -12.683334 -1.546662 0.580900
145 11 Car 0 0 12.622104 349.220000 114.118000 379.460000 194.975000 1.498400 3.615900 1.570600 66.141414 -1.757350 -1.119500 -0.040400
145 12 Car 0 0 11.761240 349.220000 114.118000 379.460000 194.975000 1.490700 3.776500 1.590300 62.065670 -5.762776 -1.239063 0.005900
145 16 Car 0 0 0.185912 349.220000 114.118000 379.460000 194.975000 1.403500 3.457500 1.516100 41.348055 -12.633508 -1.528044 0.626100
146 12 Car 0 0 11.833838 349.220000 114.118000 379.460000 194.975000 1.564700 3.915900 1.645800 63.400863 -5.556035 -0.212035 0.048500
146 16 Car 0 0 -0.070782 349.220000 114.118000 379.460000 194.975000 1.413300 3.578200 1.522700 41.374823 -12.561322 -0.876360 0.550400
146 11 Car 0 0 12.622104 349.220000 114.118000 379.460000 194.975000 1.498400 3.615900 1.570600 66.140753 -1.759172 -1.119500 -0.040400
147 12 Car 0 0 11.865740 349.220000 114.118000 379.460000 194.975000 1.500800 3.890000 1.600600 64.682020 -5.594138 -1.238173 0.043500
147 16 Car 0 0 -0.092909 349.220000 114.118000 379.460000 194.975000 1.359500 3.560100 1.481400 41.499328 -12.543526 -1.488018 0.584700
147 11 Car 0 0 12.912034 349.220000 114.118000 379.460000 194.975000 1.463900 3.641500 1.549300 69.182382 -1.801816 -1.270937 -0.065600
147 17 Car 0 0 0.000000 349.220000 114.118000 379.460000 194.975000 1.869200 4.192100 1.782600 -0.021108 -0.016657 -0.851205 0.026300
148 16 Car 0 0 -0.209771 349.220000 114.118000 379.460000 194.975000 1.428900 3.396200 1.509200 41.446802 -12.502481 -0.863782 0.575200
148 12 Car 0 0 11.865740 349.220000 114.118000 379.460000 194.975000 1.500800 3.890000 1.600600 64.681480 -5.598204 -1.238173 0.043500
148 11 Car 0 0 12.912034 349.220000 114.118000 379.460000 194.975000 1.463900 3.641500 1.549300 69.182073 -1.806156 -1.270937 -0.065600
149 16 Car 0 0 -0.279379 349.220000 114.118000 379.460000 194.975000 1.395600 3.624500 1.504600 41.599070 -12.478580 -1.521219 0.551700
149 12 Car 0 0 12.004964 349.220000 114.118000 379.460000 194.975000 1.500400 3.746900 1.584500 67.370011 -5.515815 -1.319689 0.091300
150 16 Car 0 0 -0.349969 349.220000 114.118000 379.460000 194.975000 1.411100 3.526200 1.503100 41.695156 -12.445540 -1.506944 0.551700
150 12 Car 0 0 12.004964 349.220000 114.118000 379.460000 194.975000 1.500400 3.746900 1.584500 67.370411 -5.509500 -1.319689 0.091300
151 16 Car 0 0 -0.551254 349.220000 114.118000 379.460000 194.975000 1.464500 3.528400 1.533900 41.747551 -12.386824 -0.886275 0.546500
151 12 Car 0 0 12.203771 349.220000 114.118000 379.460000 194.975000 1.455800 3.839400 1.554600 70.194773 -5.559561 0.033827 0.026900
152 16 Car 0 0 -0.750591 349.220000 114.118000 379.460000 194.975000 1.474600 3.723400 1.562000 41.927481 -12.291888 -1.581299 0.555300
152 12 Car 0 0 12.203771 349.220000 114.118000 379.460000 194.975000 1.455800 3.839400 1.554600 70.196214 -5.545424 0.033827 0.026900
152 18 Car 0 0 9.675636 349.220000 114.118000 379.460000 194.975000 1.807800 3.920700 1.747600 43.998811 -6.307826 -1.376103 0.055000
153 16 Car 0 0 -0.885531 349.220000 114.118000 379.460000 194.975000 1.427900 3.562200 1.542300 42.050974 -12.204096 -1.489285 0.529700
153 18 Car 0 0 9.872726 349.220000 114.118000 379.460000 194.975000 1.779400 4.126300 1.789300 45.126450 -6.234088 -1.358517 0.035400
154 16 Car 0 0 -1.065903 349.220000 114.118000 379.460000 194.975000 1.463400 3.730300 1.545600 42.208953 -12.077837 -1.535898 0.567500
154 18 Car 0 0 10.119160 349.220000 114.118000 379.460000 194.975000 1.778000 3.895800 1.788400 46.382836 -6.138898 -1.290642 0.023400
155 16 Car 0 0 -1.137728 349.220000 114.118000 379.460000 194.975000 1.409200 3.574000 1.506700 42.341340 -11.976485 -1.518622 0.557100
155 18 Car 0 0 10.374025 349.220000 114.118000 379.460000 194.975000 1.807200 3.897600 1.734700 47.653306 -6.139097 -1.346791 0.024600
156 16 Car 0 0 -1.138942 349.220000 114.118000 379.460000 194.975000 1.404000 3.551200 1.489900 42.503182 -11.908279 -1.499818 0.564100
156 18 Car 0 0 10.374025 349.220000 114.118000 379.460000 194.975000 1.807200 3.897600 1.734700 47.653863 -6.138470 -1.346791 0.024600
157 16 Car 0 0 -1.244340 349.220000 114.118000 379.460000 194.975000 1.421200 3.556600 1.502700 42.637237 -11.785087 -1.543516 0.555100
157 18 Car 0 0 10.849203 349.220000 114.118000 379.460000 194.975000 1.751400 3.934000 1.809700 50.084583 -5.974493 -1.316841 0.052200
158 16 Car 0 0 -1.356107 349.220000 114.118000 379.460000 194.975000 1.421400 3.403300 1.501600 42.835240 -11.657715 -1.568994 0.562000
158 18 Car 0 0 10.849203 349.220000 114.118000 379.460000 194.975000 1.751400 3.934000 1.809700 50.085291 -5.975767 -1.316841 0.052200
159 16 Car 0 0 -1.450367 349.220000 114.118000 379.460000 194.975000 1.387900 3.439400 1.467600 43.049135 -11.527338 -1.458930 0.547100
160 16 Car 0 0 -1.563437 349.220000 114.118000 379.460000 194.975000 1.382900 3.505000 1.492000 43.295516 -11.380941 -1.403872 0.524000
161 16 Car 0 0 -1.672672 349.220000 114.118000 379.460000 194.975000 1.338900 3.467300 1.476200 43.584640 -11.235690 -1.434233 0.540600
162 16 Car 0 0 -1.769647 349.220000 114.118000 379.460000 194.975000 1.357200 3.459700 1.468500 43.818469 -11.060464 -1.442942 0.552800
163 16 Car 0 0 -1.875742 349.220000 114.118000 379.460000 194.975000 1.348200 3.482800 1.471200 44.113804 -10.895633 -1.459828 0.559400
164 16 Car 0 0 -1.947002 349.220000 114.118000 379.460000 194.975000 1.376100 3.512700 1.491500 44.394093 -10.750490 -1.454222 0.519900
165 16 Car 0 0 -2.047714 349.220000 114.118000 379.460000 194.975000 1.395800 3.497900 1.524500 44.726360 -10.587935 -0.736440 0.538800
166 16 Car 0 0 -2.132037 349.220000 114.118000 379.460000 194.975000 1.412600 3.385900 1.508400 45.042289 -10.412163 -1.459823 0.496000
167 16 Car 0 0 -2.243650 349.220000 114.118000 379.460000 194.975000 1.427500 3.603500 1.544800 45.413998 -10.227390 -1.497447 0.511800
168 16 Car 0 0 -2.341487 349.220000 114.118000 379.460000 194.975000 1.440900 3.334000 1.526200 45.752221 -10.017382 -1.467138 0.514700
169 16 Car 0 0 -2.404119 349.220000 114.118000 379.460000 194.975000 1.398100 3.170300 1.486000 46.079510 -9.863916 -1.480256 0.462000
170 16 Car 0 0 -2.520085 349.220000 114.118000 379.460000 194.975000 1.453100 3.333200 1.532200 46.507359 -9.691070 -1.505533 0.438000
171 16 Car 0 0 -2.630502 349.220000 114.118000 379.460000 194.975000 1.486300 3.352300 1.547300 46.949510 -9.524468 -1.504760 0.442300
172 16 Car 0 0 -2.743601 349.220000 114.118000 379.460000 194.975000 1.504100 3.515100 1.606700 47.425597 -9.342884 -1.576917 0.423000
173 16 Car 0 0 -2.844303 349.220000 114.118000 379.460000 194.975000 1.482800 3.258800 1.537000 47.876351 -9.171774 -1.527877 0.413200
174 16 Car 0 0 -2.953465 349.220000 114.118000 379.460000 194.975000 1.503400 3.654200 1.591200 48.352122 -8.973598 -1.496586 0.370100
175 16 Car 0 0 -3.105962 349.220000 114.118000 379.460000 194.975000 1.440200 3.500800 1.538900 48.926358 -8.770092 -1.552882 0.377800
176 16 Car 0 0 -3.228584 349.220000 114.118000 379.460000 194.975000 1.429500 3.534200 1.516700 49.441866 -8.605733 -1.594219 0.333100
177 16 Car 0 0 -3.379430 349.220000 114.118000 379.460000 194.975000 1.561700 3.689900 1.636500 50.015101 -8.419129 -1.577905 0.356500
178 16 Car 0 0 -3.516462 349.220000 114.118000 379.460000 194.975000 1.477500 3.623700 1.561800 50.576071 -8.245495 -1.504521 0.371300
179 16 Car 0 0 -3.660566 349.220000 114.118000 379.460000 194.975000 1.525100 3.796900 1.637200 51.144698 -8.092866 -1.514508 0.329100
180 16 Car 0 0 -3.766214 349.220000 114.118000 379.460000 194.975000 1.547800 3.970200 1.637400 51.628947 -7.985967 -1.465577 0.085600
181 16 Car 0 0 -3.926868 349.220000 114.118000 379.460000 194.975000 1.560100 3.745600 1.627200 52.276479 -7.845271 -1.695640 0.162800
182 16 Car 0 0 -4.053844 349.220000 114.118000 379.460000 194.975000 1.508100 3.620700 1.572700 52.859576 -7.708907 -1.696814 0.209100
183 16 Car 0 0 -4.220364 349.220000 114.118000 379.460000 194.975000 1.519600 3.828800 1.627700 53.493546 -7.622568 -1.808103 0.115900
184 16 Car 0 0 -4.309825 349.220000 114.118000 379.460000 194.975000 1.518400 3.596300 1.601300 54.028661 -7.409979 -1.030774 0.168900
185 16 Car 0 0 -4.466850 349.220000 114.118000 379.460000 194.975000 1.467500 3.640700 1.568100 54.621105 -7.350952 -1.130867 0.156400
186 16 Car 0 0 -4.666054 349.220000 114.118000 379.460000 194.975000 1.506400 3.827000 1.616100 55.322252 -7.152539 -0.934681 0.093500
187 16 Car 0 0 -4.847125 349.220000 114.118000 379.460000 194.975000 1.574700 3.708700 1.652800 55.997618 -6.905231 -0.878484 0.168800
188 16 Car 0 0 -4.975741 349.220000 114.118000 379.460000 194.975000 1.479800 3.562500 1.572500 56.554238 -6.599882 -1.036036 0.149900
189 16 Car 0 0 -5.071899 349.220000 114.118000 379.460000 194.975000 1.429700 3.661500 1.565300 57.056104 -6.442250 -1.968289 0.052900
190 16 Car 0 0 -5.219661 349.220000 114.118000 379.460000 194.975000 1.473900 3.740200 1.586000 57.587564 -6.149716 -2.101150 0.154500
191 16 Car 0 0 -5.370263 349.220000 114.118000 379.460000 194.975000 1.472700 3.697100 1.581000 58.136844 -5.908361 -2.194485 0.140800
192 16 Car 0 0 -5.468112 349.220000 114.118000 379.460000 194.975000 1.469700 3.634800 1.563200 58.600822 -5.620122 -2.242845 0.125000
193 16 Car 0 0 -5.587384 349.220000 114.118000 379.460000 194.975000 1.540100 3.868100 1.667400 59.055001 -5.379184 -2.367024 0.144900
194 16 Car 0 0 -5.704404 349.220000 114.118000 379.460000 194.975000 1.540100 3.868100 1.667400 59.513484 -5.060698 -2.367024 0.144900
195 16 Car 0 0 -5.825568 349.220000 114.118000 379.460000 194.975000 1.615700 3.719100 1.719800 59.962985 -4.764514 -2.396477 0.057100
196 16 Car 0 0 -5.889289 349.220000 114.118000 379.460000 194.975000 1.585000 3.717700 1.680900 60.286696 -4.514263 -2.402973 0.037700
197 16 Car 0 0 -5.974241 349.220000 114.118000 379.460000 194.975000 1.585000 3.717700 1.680900 60.659211 -4.176698 -2.402973 0.037700
198 16 Car 0 0 -6.104859 349.220000 114.118000 379.460000 194.975000 1.546800 3.839900 1.652500 61.029042 -3.906009 -2.162241 0.106400
199 16 Car 0 0 -6.271833 349.220000 114.118000 379.460000 194.975000 1.617600 4.057000 1.684300 61.477888 -3.616503 -2.040003 0.090700
200 16 Car 0 0 -6.339884 349.220000 114.118000 379.460000 194.975000 1.549900 3.697300 1.643500 61.794776 -3.435643 -1.998326 0.064600
201 16 Car 0 0 -6.319692 349.220000 114.118000 379.460000 194.975000 1.489200 3.533400 1.583000 61.919400 -3.197530 -0.921124 0.101600
201 19 Car 0 0 0.000000 349.220000 114.118000 379.460000 194.975000 1.760000 4.746400 1.824400 -4.986287 -0.073395 -1.833906 0.054300
202 16 Car 0 0 -6.461950 349.220000 114.118000 379.460000 194.975000 1.534500 3.869600 1.599500 62.319802 -3.160227 -1.790456 0.121100
203 16 Car 0 0 -6.570398 349.220000 114.118000 379.460000 194.975000 1.509500 3.812000 1.594200 62.667586 -3.188711 -1.755724 0.102900
204 16 Car 0 0 -6.638387 349.220000 114.118000 379.460000 194.975000 1.466200 3.813900 1.614100 62.883606 -3.154076 -0.824807 0.100900
205 16 Car 0 0 -6.712171 349.220000 114.118000 379.460000 194.975000 1.466200 3.813900 1.614100 63.177357 -3.399680 -0.824807 0.100900
206 16 Car 0 0 -6.793890 349.220000 114.118000 379.460000 194.975000 1.436100 3.607900 1.533500 63.441368 -3.571860 -1.737725 0.168700
207 16 Car 0 0 -6.896963 349.220000 114.118000 379.460000 194.975000 1.429700 3.673200 1.542500 63.701620 -4.082670 -1.714273 -0.008900
208 16 Car 0 0 -7.011542 349.220000 114.118000 379.460000 194.975000 1.432600 3.546700 1.548200 64.002909 -4.724672 -1.762200 0.045400
209 16 Car 0 0 -7.109739 349.220000 114.118000 379.460000 194.975000 1.490400 3.635200 1.573700 64.211205 -5.515693 -1.816722 0.103400
210 16 Car 0 0 -7.253656 349.220000 114.118000 379.460000 194.975000 1.480000 3.794200 1.599300 64.514146 -6.389924 -1.809359 0.071800
211 16 Car 0 0 -7.314580 349.220000 114.118000 379.460000 194.975000 1.427400 3.525500 1.525800 64.674395 -7.493772 -1.703931 0.046500
212 16 Car 0 0 -7.366242 349.220000 114.118000 379.460000 194.975000 1.472900 3.489000 1.548000 64.766688 -8.760356 -1.583813 0.074600
216 20 Car 0 0 7.546895 349.220000 114.118000 379.460000 194.975000 1.490500 3.523600 1.571300 64.766110 -16.282347 -1.196535 -0.113000
217 20 Car 0 0 7.733363 349.220000 114.118000 379.460000 194.975000 1.512800 3.752300 1.598000 64.451718 -18.535552 -0.940437 -0.103700
222 21 Car 0 0 0.000000 349.220000 114.118000 379.460000 194.975000 1.777400 4.820500 1.840800 -15.583028 5.408213 -1.645831 -0.316700
234 22 Car 0 0 0.000000 349.220000 114.118000 379.460000 194.975000 1.553900 3.792200 1.554600 -18.914040 14.508622 -0.336840 0.367300
250 23 Car 0 0 2.262227 349.220000 114.118000 379.460000 194.975000 1.602600 3.911500 1.608500 51.108964 -2.758995 -1.078518 -0.090000
251 23 Car 0 0 1.981898 349.220000 114.118000 379.460000 194.975000 1.510000 3.907300 1.576500 50.169569 -3.046483 -1.138371 -0.081600
252 23 Car 0 0 1.398549 349.220000 114.118000 379.460000 194.975000 1.549600 3.920300 1.599900 49.255604 -3.275167 -1.172153 -0.095000
